219 182 94 89 91 173 95 88 91 174 94 88 91 91 94 274 0 0 0 0 
bits: 16
l
0 0 0 0 0 0 0 0 0 0 0 0 0 0 0 0 0 0 0 0 
bits: 0
l
0 0 0 0 0 0 0 0 0 0 0 0 0 0 0 0 0 0 0 0 
bits: 0
l
0 0 0 0 0 0 0 0 0 0 0 0 0 0 0 0 0 0 0 0 
bits: 0
l
0 0 0 0 0 0 0 0 0 0 0 0 0 0 0 0 0 0 0 0 
bits: 0
l
243 170 95 97 94 170 97 95 91 176 94 92 94 97 91 265 0 0 0 0 
bits: 16
l
223 176 91 95 97 170 94 97 91 186 91 91 100 94 88 271 0 0 0 0 
bits: 16
l
0 0 0 0 0 0 0 0 0 0 0 0 0 0 0 0 0 0 0 0 
bits: 0
l
203 176 100 94 88 180 94 88 91 174 94 88 92 91 94 273 0 0 0 0 
bits: 16
l
230 171 94 97 94 182 95 91 94 176 92 94 97 91 91 274 0 0 0 0 
bits: 16
l
217 176 91 95 97 179 97 91 92 179 91 91 100 95 88 265 0 0 0 0 
bits: 16
l
218 176 100 94 89 179 94 88 92 173 94 89 91 91 94 274 0 0 0 0 
bits: 16
l
216 179 97 92 91 179 91 91 100 177 100 94 88 91 91 274 0 0 0 0 
bits: 16
l
205 185 91 92 99 171 91 100 94 183 94 88 91 92 94 273 0 0 0 0 
bits: 16
l
236 179 97 94 91 177 94 91 94 177 91 94 97 91 92 264 0 0 0 0 
bits: 16
l
0 0 0 0 0 0 0 0 0 0 0 0 0 0 0 0 0 0 0 0 
bits: 0
l
0 0 0 0 0 0 0 0 0 0 0 0 0 0 0 0 0 0 0 0 
bits: 0
l
0 0 0 0 0 0 0 0 0 0 0 0 0 0 0 0 0 0 0 0 
bits: 0
l
227 182 88 92 91 176 88 92 91 176 89 91 91 94 97 262 0 0 0 0 
bits: 16
l
0 0 0 0 0 0 0 0 0 0 0 0 0 0 0 0 0 0 0 0 
bits: 0
l
222 183 94 88 91 183 88 91 91 177 88 91 91 95 97 262 0 0 0 0 
bits: 16
l
224 170 95 97 94 182 94 91 94 177 91 94 97 91 92 273 0 0 0 0 
bits: 16
l
238 171 94 97 94 171 97 94 91 177 94 91 94 97 91 265 0 0 0 0 
bits: 16
l
204 179 97 95 91 176 94 92 94 176 91 94 97 92 91 265 0 0 0 0 
bits: 16
l
220 171 94 97 91 173 97 92 91 167 97 92 91 100 94 268 0 0 0 0 
bits: 16
l
0 0 0 0 0 0 0 0 0 0 0 0 0 0 0 0 0 0 0 0 
bits: 0
l
0 0 0 0 0 0 0 0 0 0 0 0 0 0 0 0 0 0 0 0 
bits: 0
l
0 0 0 0 0 0 0 0 0 0 0 0 0 0 0 0 0 0 0 0 
bits: 0
l
223 176 88 92 91 176 89 91 91 177 88 91 91 94 97 265 0 0 0 0 
bits: 16
l
0 0 0 0 0 0 0 0 0 0 0 0 0 0 0 0 0 0 0 0 
bits: 0
l
219 171 94 97 94 183 94 91 94 176 92 94 97 91 91 274 0 0 0 0 
bits: 16
l
215 171 94 97 91 186 91 91 100 171 91 100 94 88 91 265 0 0 0 0 
bits: 16
l
214 174 97 91 91 168 97 91 91 168 97 91 91 100 94 268 0 0 0 0 
bits: 16
l
224 177 88 91 91 177 88 91 91 177 88 91 92 94 97 270 0 0 0 0 
bits: 16
l
0 0 0 0 0 0 0 0 0 0 0 0 0 0 0 0 0 0 0 0 
bits: 0
l
230 171 94 97 94 171 97 94 91 177 94 91 94 97 91 265 0 0 0 0 
bits: 16
l
219 170 94 98 94 170 97 95 91 176 94 92 94 97 91 265 0 0 0 0 
bits: 16
l
219 171 91 91 94 171 91 91 94 171 91 92 94 97 94 262 0 0 0 0 
bits: 16
l
218 177 88 91 91 177 88 92 91 176 88 92 91 94 97 265 0 0 0 0 
bits: 16
l
216 170 94 98 94 170 97 94 92 176 94 92 94 97 91 265 0 0 0 0 
bits: 16
l
0 0 0 0 0 0 0 0 0 0 0 0 0 0 0 0 0 0 0 0 
bits: 0
l
0 0 0 0 0 0 0 0 0 0 0 0 0 0 0 0 0 0 0 0 
bits: 0
l
230 176 100 95 88 179 94 89 91 173 94 89 91 91 94 265 0 0 0 0 
bits: 16
l
234 170 94 98 91 185 91 91 100 171 91 100 94 89 91 265 0 0 0 0 
bits: 16
l
215 173 94 89 91 173 94 89 91 173 94 89 91 91 94 274 0 0 0 0 
bits: 16