13.44
13.37
13.27
13.15
13.04
12.95
12.89
12.87
12.86
12.86
12.86
12.87
12.88
12.87
12.84
12.81
12.81
12.84
12.88
12.94
13.01
13.08
13.16
13.23
13.30
13.36
13.42
13.48
13.56
13.64
13.72
13.81
13.88
13.94
13.97
13.95
13.90
13.82
13.72
13.60
13.49
13.44
13.44
13.44
13.43
13.42
13.42
13.44
13.47
13.49
13.50
13.49
13.47
13.44
13.40
13.36
13.33
13.31
13.29
13.27
13.26
13.25
13.24
13.23
13.25
13.30
13.36
13.42
13.47
13.51
13.55
13.59
13.64
13.69
13.76
13.83
13.89
13.95
13.99
14.02
14.05
14.10
14.18
14.24
14.27
14.31
14.35
14.40
14.46
14.52
14.55
14.54
14.48
14.39
14.27
14.16
14.06
13.94
13.82
13.71
13.62
13.55
13.46
13.36
13.27
13.19
13.14
13.13
13.13
13.12
13.11
13.13
13.19
13.26
13.35
13.44
13.53
13.63
13.74
13.83
13.91
13.97
14.01
14.01
13.97
13.88
13.76
13.64
13.54
13.45
13.35
13.24
13.12
13.01
12.94
12.91
12.91
12.92
12.92
12.92
12.91
12.89
12.87
12.84
12.78
12.71
12.64
12.59
12.56
12.54
12.55
12.58
12.63
12.67
12.71
12.73
12.75
12.77
12.81
12.86
12.92
12.97
13.02
13.06
13.09
13.10
13.09
13.08
13.08
13.09
13.11
13.14
13.20
13.28
13.36
13.44
13.52
13.59
13.65
13.69
13.71
13.72
13.72
13.73
13.73
13.73
13.74
13.75
13.75
13.74
13.71
13.68
13.65
13.64
13.64
13.64
13.64
13.65
13.65
13.66
13.66
13.66
13.68
13.70
13.73
13.77
13.81
13.84
13.85
13.85
13.83
13.80
13.77
13.72
13.68
13.62
13.54
13.44
13.34
13.25
13.17
13.11
13.05
12.98
12.91
12.83
12.75
12.67
12.63
12.62
12.61
12.60
12.61
12.67
12.76
12.85
12.91
12.98
13.05
13.13
13.22
13.30
13.33
13.32
13.32
13.34
13.38
13.43
13.51
13.61
13.72
13.82
13.89
13.93
13.96
13.98
13.99
13.97
13.90
13.77
13.61
13.49
13.40
13.34
13.29
13.22
13.13
13.04
12.93
12.83
12.73
12.67
12.68
12.76
12.89
13.01
13.10
13.17
13.22
13.24
13.25
13.25
13.24
13.24
13.27
13.33
13.38
13.40
13.39
13.38
13.36
13.37
13.39
13.40
13.40
13.38
13.34
13.28
13.21
13.16
13.11
13.08
13.09
13.14
13.20
13.27
13.34
13.39
13.42
13.43
13.42
13.39
13.34
13.28
13.24
13.22
13.21
13.19
13.17
13.18
13.21
13.25
13.29
13.32
13.34
13.35
13.37
13.41
13.45
13.50
13.53
13.53
13.50
13.44
13.39
13.36
13.37
13.40
13.43
13.45
13.45
13.45
13.47
13.51
13.57
13.61
13.62
13.62
13.59
13.56
13.52
13.49
13.45
13.41
13.38
13.36
13.33
13.27
13.21
13.15
13.12
13.11
13.12
13.16
13.23
13.30
13.37
13.43
13.47
13.49
13.50
13.51
13.52
13.53
13.53
13.50
13.45
13.42
13.43
13.45
13.46
13.46
13.43
13.38
13.35
13.34
13.36
13.38
13.39
13.39
13.39
13.38
13.37
13.36
13.33
13.30
13.28
13.28
13.29
13.32
13.36
13.37
13.38
13.38
13.39
13.40
13.40
13.39
13.38
13.38
13.39
13.38
13.35
13.28
13.20
13.16
13.16
13.20
13.28
13.38
13.50
13.61
13.67
13.69
13.71
13.74
13.81
13.93
14.05
14.16
14.23
14.30
14.35
14.37
14.35
14.32
14.29
14.25
14.21
14.14
14.07
14.00
13.93
13.87
13.82
13.78
13.76
13.74
13.71
13.67
13.63
13.59
13.52
13.45
13.41
13.41
13.43
13.44
13.46
13.49
13.54
13.62
13.71
13.81
13.91
14.00
14.09
14.17
14.20
14.21
14.18
14.16
14.13
14.09
14.04
14.00
13.97
13.93
13.84
13.72
13.61
13.53
13.48
13.45
13.44
13.43
13.44
13.47
13.52
13.60
13.70
13.81
13.92
14.03
14.10
14.15
14.21
14.29
14.37
14.43
14.45
14.44
14.40
14.35
14.29
14.23
14.17
14.10
14.03
13.94
13.87
13.80
13.73
13.66
13.60
13.56
13.56
13.59
13.62
13.65
13.67
13.68
13.71
13.77
13.85
13.92
14.00
14.06
14.11
14.14
14.15
14.14
14.09
14.03
13.95
13.88
13.83
13.80
13.81
13.83
13.88
13.94
14.02
14.07
14.10
14.10
14.08
14.03
13.95
13.86
13.77
13.69
13.63
13.58
13.54
13.50
13.46
13.44
13.46
13.50
13.56
13.64
13.71
13.79
13.88
13.99
14.06
14.09
14.07
14.00
13.88
13.79
13.72
13.64
13.53
13.42
13.33
13.28
13.24
13.21
13.22
13.27
13.35
13.42
13.48
13.55
13.65
13.76
13.87
13.98
14.10
14.23
14.35
14.45
14.53
14.58
14.62
14.64
14.65
14.64
14.61
14.59
14.59
14.60
14.61
14.61
14.57
14.49
14.41
14.34
14.28
14.23
14.19
14.15
14.11
14.05
13.97
13.89
13.79
13.68
13.60
13.53
13.48
13.42
13.37
13.33
13.30
13.28
13.27
13.31
13.40
13.52
13.66
13.80
13.92
14.01
14.07
14.12
14.15
14.15
14.13
14.06
13.97
13.93
13.94
14.00
14.06
14.11
14.16
14.19
14.19
14.15
14.10
14.05
14.02
14.02
14.04
14.06
14.09
14.13
14.19
14.26
14.31
14.35
14.39
14.44
14.48
14.51
14.54
14.57
14.59
14.58
14.54
14.49
14.45
14.45
14.44
14.42
14.38
14.31
14.23
14.13
14.02
13.88
13.72
13.59
13.47
13.37
13.30
13.25
13.25
13.30
13.35
13.39
13.42
13.46
13.49
13.52
13.54
13.51
13.45
13.36
13.28
13.23
13.23
13.26
13.30
13.33
13.35
13.38
13.41
13.47
13.54
13.60
13.65
13.68
13.69
13.70
13.70
13.69
13.68
13.65
13.61
13.58
13.56
13.59
13.65
13.71
13.76
13.80
13.84
13.89
13.93
13.98
14.02
14.06
14.10
14.13
14.16
14.19
14.23
14.29
14.35
14.41
14.43
14.40
14.37
14.33
14.29
14.23
14.16
14.08
13.98
13.91
13.88
13.91
13.99
14.11
14.24
14.37
14.46
14.52
14.55
14.57
14.57
14.55
14.49
14.42
14.34
14.25
14.16
14.08
14.02
14.00
14.01
14.06
14.11
14.17
14.23
14.29
14.33
14.36
14.37
14.35
14.33
14.29
14.21
14.12
14.03
13.94
13.86
13.79
13.72
13.68
13.64
13.58
13.51
13.44
13.37
13.32
13.28
13.24
13.19
13.14
13.09
13.04
13.01
13.00
13.03
13.07
13.11
13.15
13.20
13.25
13.31
13.38
13.44
13.46
13.46
13.45
13.42
13.39
13.36
13.34
13.34
13.35
13.37
13.39
13.42
13.44
13.48
13.53
13.58
13.61
13.63
13.64
13.65
13.66
13.65
13.64
13.62
13.62
13.65
13.70
13.73
13.74
13.73
13.70
13.66
13.63
13.60
13.55
13.48
13.40
13.30
13.22
13.20
13.22
13.25
13.27
13.29
13.29
13.28
13.27
13.25
13.24
13.21
13.15
13.04
12.93
12.88
12.91
12.98
13.08
13.19
13.32
13.45
13.56
13.63
13.66
13.66
13.64
13.60
13.55
13.50
13.47
13.46
13.47
13.51
13.59
13.69
13.83
13.98
14.12
14.25
14.36
14.44
14.50
14.51
14.49
14.46
14.44
14.42
14.40
14.37
14.35
14.33
14.29
14.24
14.18
14.13
14.10
14.10
14.12
14.11
14.07
14.00
13.90
13.79
13.69
13.61
13.57
13.58
13.62
13.68
13.75
13.83
13.90
13.96
14.00
14.03
14.03
14.03
14.04
14.06
14.07
14.07
14.06
14.04
14.02
14.05
14.12
14.21
14.31
14.39
14.40
14.35
14.28
14.20
14.14
14.09
14.06
14.04
14.02
14.00
13.97
13.91
13.84
13.75
13.68
13.62
13.59
13.57
13.55
13.53
13.49
13.45
13.40
13.35
13.33
13.34
13.38
13.44
13.53
13.62
13.69
13.74
13.79
13.82
13.85
13.87
13.89
13.90
13.90
13.88
13.85
13.81
13.73
13.64
13.54
13.47
13.42
13.40
13.40
13.41
13.43
13.48
13.55
13.61
13.65
13.65
13.62
13.55
13.50
13.47
13.44
13.41
13.38
13.37
13.37
13.38
13.40
13.40
13.39
13.38
13.37
13.36
13.32
13.28
13.27
13.32
13.40
13.53
13.68
13.84
14.02
14.17
14.31
14.40
14.43
14.40
14.32
14.22
14.11
13.97
13.84
13.72
13.62
13.54
13.50
13.48
13.48
13.48
13.46
13.42
13.36
13.31
13.29
13.31
13.33
13.35
13.35
13.37
13.40
13.45
13.50
13.55
13.62
13.71
13.80
13.91
14.02
14.12
14.21
14.23
14.19
14.12
14.01
13.91
13.80
13.70
13.60
13.52
13.47
13.46
13.49
13.55
13.60
13.60
13.54
13.47
13.42
13.39
13.36
13.34
13.31
13.26
13.21
13.18
13.18
13.20
13.24
13.28
13.31
13.34
13.38
13.44
13.53
13.62
13.72
13.82
13.91
14.01
14.13
14.27
14.42
14.55
14.63
14.64
14.61
14.58
14.57
14.57
14.54
14.48
14.39
14.30
14.20
14.12
14.04
13.97
13.91
13.85
13.80
13.75
13.70
13.65
13.61
13.59
13.57
13.58
13.59
13.60
13.62
13.65
13.68
13.75
13.85
13.96
14.08
14.19
14.30
14.39
14.47
14.53
14.58
14.63
14.65
14.62
14.54
14.46
14.39
14.33
14.27
14.23
14.20
14.18
14.16
14.13
14.11
14.09
14.07
14.07
14.05
14.00
13.92
13.84
13.75
13.66
13.56
13.45
13.35
13.26
13.16
13.05
12.95
12.86
12.79
12.74
12.70
12.67
12.66
12.66
12.69
12.75
12.82
12.90
12.98
13.06
13.14
13.24
13.35
13.47
13.59
13.72
13.86
13.99
14.11
14.20
14.25
14.26
14.22
14.15
14.05
13.91
13.76
13.64
13.56
13.52
13.52
13.54
13.57
13.62
13.69
13.78
13.84
13.87
13.88
13.87
13.86
13.84
13.81
13.76
13.69
13.62
13.55
13.49
13.45
13.41
13.38
13.36
13.35
13.38
13.43
13.47
13.51
13.57
13.64
13.73
13.82
13.90
13.95
13.98
14.00
14.02
14.04
14.04
14.03
14.01
13.97
13.93
13.89
13.86
13.80
13.73
13.66
13.61
13.56
13.50
13.44
13.39
13.35
13.30
13.24
13.18
13.13
13.08
13.05
13.03
13.02
13.02
13.02
13.02
13.03
13.07
13.13
13.20
13.26
13.33
13.39
13.46
13.53
13.60
13.67
13.73
13.76
13.77
13.75
13.72
13.68
13.66
13.65
13.67
13.71
13.75
13.77
13.77
13.77
13.77
13.76
13.75
13.74
13.74
13.75
13.79
13.85
13.90
13.93
13.94
13.96
13.95
13.90
13.79
13.68
13.56
13.46
13.38
13.33
13.32
13.35
13.39
13.45
13.52
13.60
13.68
13.74
13.79
13.82
13.84
13.83
13.78
13.70
13.60
13.48
13.35
13.21
13.08
13.00
12.99
13.03
13.09
13.18
13.26
13.34
13.41
13.47
13.57
13.69
13.78
13.82
13.84
13.83
13.83
13.83
13.84
13.86
13.90
13.96
14.05
14.15
14.26
14.36
14.44
14.49
14.53
14.57
14.62
14.63
14.63
14.64
14.68
14.71
14.70
14.66
14.61
14.54
14.42
14.24
14.04
13.88
13.79
13.73
13.68
13.64
13.61
13.57
13.51
13.44
13.39
13.37
13.38
13.39
13.41
13.41
13.37
13.31
13.24
13.19
13.18
13.21
13.26
13.34
13.41
13.47
13.56
13.67
13.80
13.95
14.10
14.22
14.32
14.37
14.40
14.39
14.35
14.28
14.21
14.14
14.09
14.04
13.99
13.92
13.81
13.70
13.60
13.50
13.41
13.33
13.24
13.16
13.08
13.01
12.95
12.90
12.86
12.88
12.94
13.02
13.12
13.23
13.34
13.45
13.51
13.56
13.60
13.64
13.67
13.69
13.70
13.70
13.70
13.66
13.60
13.52
13.43
13.34
13.26
13.20
13.18
13.18
13.21
13.25
13.31
13.38
13.45
13.51
13.53
13.54
13.54
13.54
13.56
13.61
13.66
13.68
13.69
13.68
13.66
13.63
13.57
13.50
13.43
13.39
13.37
13.37
13.35
13.32
13.30
13.29
13.29
13.30
13.31
13.32
13.33
13.34
13.35
13.36
13.37
13.41
13.47
13.57
13.68
13.81
13.93
14.05
14.16
14.25
14.31
14.34
14.33
14.29
14.22
14.13
14.02
13.91
13.81
13.74
13.69
13.65
13.64
13.64
13.66
13.65
13.62
13.58
13.54
13.51
13.49
13.49
13.52
13.59
13.66
13.71
13.72
13.73
13.73
13.70
13.64
13.57
13.51
13.47
13.42
13.38
13.36
13.37
13.39
13.42
13.44
13.45
13.44
13.42
13.38
13.32
13.23
13.14
13.12
13.17
13.24
13.33
13.42
13.48
13.54
13.58
13.62
13.66
13.70
13.72
13.73
13.73
13.76
13.81
13.88
13.96
14.03
14.06
14.06
14.06
14.08
14.13
14.20
14.29
14.36
14.40
14.40
14.38
14.34
14.30
14.26
14.19
14.11
14.03
13.97
13.90
13.82
13.74
13.67
13.61
13.55
13.49
13.47
13.48
13.50
13.52
13.53
13.57
13.64
13.71
13.77
13.80
13.83
13.84
13.86
13.87
13.85
13.82
13.78
13.74
13.70
13.66
13.63
13.62
13.64
13.67
13.72
13.78
13.84
13.89
13.93
13.95
13.96
13.92
13.87
13.84
13.85
13.88
13.91
13.94
13.94
13.93
13.94
13.97
14.02
14.07
14.13
14.16
14.18
14.23
14.29
14.33
14.34
14.32
14.29
14.25
14.20
14.13
14.06
14.01
13.94
13.82
13.67
13.54
13.44
13.37
13.33
13.31
13.29
13.26
13.22
13.18
13.18
13.23
13.30
13.38
13.47
13.56
13.66
13.77
13.88
13.98
14.06
14.11
14.16
14.20
14.22
14.22
14.21
14.19
14.18
14.16
14.16
14.15
14.13
14.13
14.13
14.17
14.23
14.31
14.38
14.41
14.43
14.42
14.38
14.33
14.27
14.25
14.27
14.33
14.38
14.43
14.47
14.48
14.46
14.40
14.33
14.27
14.22
14.19
14.15
14.07
13.96
13.84
13.76
13.72
13.68
13.66
13.69
13.76
13.85
13.92
13.97
14.02
14.08
14.12
14.15
14.18
14.24
14.31
14.37
14.41
14.44
14.47
14.48
14.46
14.42
14.37
14.33
14.32
14.34
14.37
14.42
14.48
14.52
14.56
14.57
14.57
14.55
14.50
14.43
14.36
14.30
14.24
14.18
14.12
14.04
13.94
13.88
13.85
13.82
13.76
13.69
13.63
13.59
13.56
13.54
13.52
13.49
13.46
13.43
13.43
13.43
13.45
13.47
13.47
13.47
13.47
13.48
13.55
13.66
13.79
13.94
14.10
14.27
14.43
14.56
14.64
14.71
14.77
14.82
14.85
14.87
14.88
14.90
14.90
14.90
14.89
14.89
14.90
14.87
14.82
14.77
14.73
14.70
14.70
14.73
14.78
14.84
14.89
14.92
14.92
14.91
14.87
14.81
14.72
14.60
14.48
14.35
14.25
14.17
14.12
14.10
14.10
14.13
14.18
14.22
14.26
14.30
14.34
14.38
14.42
14.45
14.47
14.46
14.42
14.37
14.32
14.27
14.22
14.16
14.07
13.99
13.91
13.87
13.85
13.86
13.88
13.89
13.92
13.95
13.99
14.03
14.06
14.07
14.05
13.98
13.89
13.81
13.77
13.75
13.77
13.79
13.83
13.85
13.84
13.78
13.70
13.62
13.55
13.45
13.34
13.27
13.25
13.26
13.30
13.36
13.45
13.56
13.64
13.68
13.69
13.71
13.72
13.73
13.75
13.78
13.83
13.88
13.94
13.98
14.00
14.00
13.98
13.95
13.90
13.83
13.74
13.64
13.56
13.48
13.42
13.39
13.40
13.46
13.56
13.67
13.79
13.92
14.04
14.15
14.26
14.33
14.36
14.38
14.38
14.37
14.37
14.36
14.34
14.31
14.26
14.20
14.14
14.10
14.08
14.05
14.00
13.93
13.87
13.82
13.78
13.78
13.80
13.85
13.90
13.94
13.98
14.02
14.06
14.09
14.11
14.12
14.10
14.06
14.01
13.95
13.90
13.86
13.83
13.80
13.77
13.73
13.67
13.62
13.60
13.61
13.65
13.72
13.77
13.81
13.87
13.96
14.07
14.20
14.33
14.43
14.49
14.54
14.58
14.60
14.59
14.56
14.54
14.54
14.57
14.61
14.61
14.57
14.51
14.45
14.38
14.30
14.20
14.08
13.94
13.80
13.70
13.63
13.56
13.50
13.45
13.43
13.43
13.44
13.47
13.49
13.51
13.53
13.55
13.56
13.55
13.53
13.53
13.54
13.55
13.55
13.55
13.55
13.56
13.59
13.65
13.73
13.81
13.90
13.97
14.01
14.05
14.07
14.10
14.12
14.13
14.14
14.12
14.06
13.96
13.82
13.66
13.50
13.36
13.25
13.15
13.06
12.97
12.89
12.82
12.81
12.83
12.89
12.95
13.02
13.09
13.16
13.26
13.38
13.47
13.52
13.54
13.53
13.52
13.54
13.60
13.64
13.64
13.62
13.58
13.55
13.57
13.63
13.70
13.77
13.82
13.87
13.92
13.97
14.03
14.08
14.13
14.16
14.19
14.20
14.20
14.20
14.20
14.20
14.21
14.23
14.25
14.29
14.34
14.36
14.36
14.33
14.29
14.24
14.17
14.12
14.10
14.12
14.18
14.26
14.36
14.47
14.56
14.61
14.63
14.61
14.57
14.52
14.46
14.41
14.36
14.31
14.26
14.21
14.14
14.07
13.98
13.88
13.78
13.67
13.57
13.48
13.41
13.37
13.32
13.27
13.22
13.18
13.15
13.15
13.17
13.20
13.20
13.21
13.25
13.30
13.37
13.43
13.50
13.56
13.62
13.69
13.75
13.80
13.84
13.88
13.92
13.95
13.96
13.94
13.92
13.88
13.85
13.82
13.78
13.73
13.68
13.63
13.60
13.56
13.51
13.46
13.41
13.39
13.37
13.37
13.39
13.44
13.49
13.53
13.55
13.55
13.54
13.51
13.46
13.41
13.36
13.32
13.30
13.29
13.25
13.19
13.12
13.04
12.97
12.92
12.89
12.88
12.88
12.88
12.89
12.91
12.96
13.05
13.17
13.32
13.49
13.64
13.78
13.90
13.99
14.07
14.16
14.22
14.22
14.18
14.12
14.07
14.02
13.99
13.96
13.94
13.90
13.84
13.74
13.62
13.48
13.33
13.20
13.11
13.05
13.03
13.04
13.08
13.13
13.19
13.28
13.40
13.54
13.67
13.76
13.82
13.87
13.89
13.89
13.86
13.81
13.75
13.69
13.64
13.60
13.57
13.56
13.55
13.55
13.55
13.57
13.62
13.66
13.70
13.74
13.77
13.79
13.78
13.74
13.69
13.63
13.59
13.57
13.56
13.57
13.57
13.57
13.57
13.55
13.51
13.47
13.44
13.42
13.43
13.47
13.53
13.62
13.70
13.76
13.79
13.81
13.83
13.82
13.79
13.76
13.74
13.74
13.75
13.76
13.77
13.79
13.80
13.82
13.84
13.89
13.96
14.02
14.06
14.08
14.08
14.06
14.04
13.99
13.92
13.84
13.75
13.68
13.63
13.61
13.60
13.62
13.64
13.66
13.69
13.71
13.73
13.74
13.72
13.67
13.62
13.57
13.55
13.53
13.53
13.54
13.58
13.63
13.71
13.79
13.86
13.90
13.95
13.99
14.03
14.04
14.04
14.05
14.06
14.04
14.00
13.93
13.83
13.71
13.60
13.51
13.42
13.32
13.23
13.12
13.02
12.95
12.92
12.92
12.93
12.97
13.02
13.09
13.16
13.22
13.26
13.28
13.29
13.30
13.33
13.36
13.38
13.41
13.44
13.47
13.46
13.43
13.39
13.37
13.34
13.31
13.28
13.23
13.20
13.18
13.17
13.16
13.14
13.12
13.14
13.19
13.30
13.44
13.59
13.75
13.91
14.07
14.21
14.31
14.37
14.39
14.40
14.38
14.31
14.21
14.10
14.01
13.92
13.86
13.81
13.77
13.74
13.72
13.72
13.74
13.79
13.86
13.90
13.92
13.89
13.85
13.81
13.77
13.74
13.68
13.62
13.59
13.59
13.61
13.64
13.70
13.76
13.82
13.89
13.94
13.99
14.03
14.06
14.08
14.11
14.15
14.20
14.27
14.33
14.39
14.44
14.46
14.49
14.52
14.59
14.69
14.79
14.86
14.89
14.89
14.86
14.81
14.74
14.65
14.54
14.41
14.28
14.19
14.12
14.07
14.04
14.02
14.00
14.00
14.02
14.06
14.12
14.19
14.24
14.27
14.29
14.29
14.26
14.20
14.13
14.05
13.97
13.91
13.86
13.84
13.86
13.90
13.96
14.04
14.12
14.20
14.26
14.28
14.27
14.21
14.14
14.08
14.04
14.01
13.99
13.95
13.92
13.87
13.82
13.76
13.72
13.69
13.68
13.66
13.64
13.61
13.58
13.51
13.42
13.31
13.21
13.12
13.04
12.98
12.93
12.91
12.90
12.90
12.91
12.91
12.90
12.91
12.93
12.96
12.99
13.02
13.04
13.04
13.03
12.99
12.95
12.95
13.00
13.07
13.17
13.27
13.38
13.47
13.50
13.47
13.42
13.38
13.35
13.34
13.36
13.40
13.48
13.59
13.72
13.87
14.02
14.17
14.29
14.37
14.41
14.41
14.40
14.36
14.31
14.21
14.06
13.90
13.74
13.57
13.41
13.26
13.13
13.02
12.93
12.87
12.83
12.83
12.84
12.88
12.92
12.97
13.01
13.05
13.09
13.13
13.17
13.21
13.28
13.35
13.40
13.41
13.41
13.40
13.41
13.44
13.50
13.59
13.71
13.83
13.94
14.02
14.07
14.08
14.06
14.02
13.96
13.89
13.81
13.72
13.62
13.54
13.48
13.44
13.41
13.39
13.39
13.41
13.45
13.51
13.58
13.61
13.62
13.58
13.53
13.52
13.55
13.61
13.71
13.80
13.87
13.90
13.91
13.92
13.91
13.90
13.88
13.87
13.86
13.83
13.79
13.75
13.70
13.66
13.61
13.56
13.54
13.56
13.61
13.72
13.86
13.99
14.09
14.15
14.17
14.17
14.15
14.11
14.03
13.92
13.79
13.67
13.55
13.46
13.40
13.39
13.42
13.45
13.47
13.47
13.46
13.44
13.41
13.36
13.30
13.23
13.17
13.12
13.08
13.07
13.09
13.12
13.14
13.18
13.24
13.32
13.41
13.50
13.59
13.69
13.78
13.87
13.94
13.98
14.01
14.03
14.05
14.07
14.06
14.02
13.93
13.82
13.71
13.59
13.50
13.45
13.43
13.41
13.38
13.32
13.25
13.17
13.12
13.11
13.10
13.10
13.11
13.15
13.19
13.20
13.18
13.12
13.05
12.99
12.96
12.96
12.97
12.98
12.98
12.95
12.91
12.85
12.80
12.79
12.81
12.84
12.88
12.92
12.95
12.99
13.05
13.12
13.19
13.24
13.27
13.28
13.27
13.25
13.24
13.23
13.24
13.25
13.27
13.30
13.31
13.31
13.30
13.28
13.24
13.21
13.16
13.12
13.06
13.00
12.93
12.85
12.78
12.72
12.72
12.77
12.82
12.86
12.90
12.92
12.95
12.98
13.02
13.08
13.13
13.18
13.22
13.25
13.28
13.30
13.30
13.25
13.18
13.08
13.00
12.95
12.95
12.98
13.02
13.06
13.11
13.16
13.20
13.23
13.24
13.24
13.23
13.21
13.18
13.15
13.13
13.13
13.16
13.22
13.29
13.35
13.39
13.41
13.43
13.45
13.48
13.50
13.53
13.57
13.62
13.68
13.73
13.78
13.80
13.80
13.79
13.77
13.73
13.67
13.61
13.55
13.52
13.53
13.56
13.58
13.57
13.54
13.49
13.44
13.40
13.38
13.37
13.36
13.37
13.41
13.48
13.55
13.60
13.66
13.73
13.81
13.88
13.96
14.05
14.13
14.18
14.21
14.22
14.20
14.18
14.15
14.12
14.10
14.09
14.08
14.08
14.09
14.10
14.09
14.04
13.93
13.79
13.65
13.53
13.41
13.31
13.20
13.09
12.99
12.89
12.81
12.75
12.70
12.64
12.57
12.50
12.47
12.50
12.57
12.67
12.76
12.81
12.84
12.87
12.90
12.94
12.99
13.04
13.08
13.12
13.14
13.17
13.18
13.19
13.23
13.28
13.35
13.39
13.42
13.43
13.43
13.40
13.34
13.26
13.19
13.13
13.06
13.01
12.98
12.98
12.99
12.98
12.98
13.00
13.05
13.11
13.17
13.24
13.31
13.39
13.46
13.53
13.61
13.70
13.80
13.90
13.98
14.05
14.10
14.16
14.24
14.32
14.35
14.33
14.27
14.18
14.06
13.92
13.77
13.61
13.47
13.32
13.19
13.10
13.05
13.01
12.98
12.93
12.89
12.84
12.79
12.74
12.69
12.64
12.60
12.59
12.62
12.71
12.83
12.98
13.10
13.17
13.20
13.21
13.19
13.15
13.11
13.08
13.04
13.01
12.98
12.97
12.97
12.98
13.00
13.04
13.09
13.16
13.26
13.39
13.53
13.66
13.77
13.86
13.91
13.92
13.91
13.87
13.81
13.76
13.72
13.71
13.74
13.81
13.89
13.95
13.99
14.05
14.11
14.15
14.15
14.13
14.09
14.02
13.94
13.84
13.77
13.72
13.69
13.67
13.66
13.65
13.64
13.64
13.64
13.65
13.66
13.68
13.71
13.77
13.81
13.85
13.88
13.91
13.94
14.01
14.09
14.17
14.25
14.29
14.29
14.25
14.21
14.18
14.15
14.12
14.10
14.09
14.09
14.07
14.05
14.05
14.11
14.19
14.29
14.38
14.44
14.47
14.49
14.51
14.54
14.61
14.71
14.80
14.87
14.90
14.90
14.85
14.78
14.70
14.60
14.53
14.47
14.45
14.45
14.44
14.43
14.39
14.34
14.29
14.25
14.21
14.19
14.17
14.13
14.06
14.00
13.94
13.88
13.82
13.75
13.71
13.70
13.73
13.79
13.88
13.98
14.08
14.19
14.29
14.35
14.37
14.37
14.37
14.39
14.39
14.37
14.32
14.25
14.15
14.00
13.83
13.68
13.56
13.46
13.38
13.30
13.22
13.13
13.04
12.98
12.97
13.00
13.06
13.13
13.19
13.26
13.35
13.47
13.61
13.76
13.90
14.01
14.12
14.22
14.31
14.39
14.44
14.46
14.44
14.39
14.32
14.27
14.24
14.23
14.20
14.16
14.12
14.08
14.01
13.89
13.76
13.64
13.55
13.49
13.45
13.41
13.35
13.30
13.28
13.28
13.28
13.27
13.25
13.24
13.24
13.26
13.30
13.35
13.41
13.48
13.56
13.63
13.69
13.73
13.75
13.77
13.77
13.75
13.72
13.67
13.60
13.53
13.47
13.40
13.30
13.19
13.10
13.02
12.94
12.86
12.82
12.82
12.84
12.85
12.84
12.82
12.80
12.78
12.77
12.77
12.78
12.81
12.87
12.96
13.06
13.15
13.22
13.28
13.32
13.35
13.39
13.41
13.43
13.45
13.46
13.49
13.54
13.62
13.70
13.77
13.85
13.91
13.97
14.03
14.07
14.09
14.09
14.07
14.06
14.05
14.06
14.06
14.06
14.06
14.04
14.01
13.97
13.97
14.02
14.12
14.26
14.41
14.54
14.59
14.58
14.50
14.41
14.32
14.23
14.14
14.05
13.97
13.88
13.79
13.71
13.63
13.57
13.52
13.50
13.48
13.45
13.41
13.37
13.36
13.37
13.39
13.42
13.45
13.50
13.55
13.59
13.62
13.66
13.74
13.83
13.96
14.08
14.15
14.19
14.22
14.24
14.21
14.14
14.05
13.98
13.95
13.95
13.97
13.97
13.96
13.92
13.85
13.77
13.72
13.68
13.66
13.65
13.65
13.64
13.64
13.67
13.73
13.81
13.90
13.98
14.02
14.01
13.97
13.93
13.89
13.86
13.84
13.84
13.84
13.84
13.82
13.80
13.76
13.71
13.63
13.53
13.42
13.32
13.23
13.17
13.13
13.12
13.13
13.15
13.17
13.19
13.21
13.22
13.25
13.27
13.28
13.29
13.30
13.33
13.37
13.40
13.41
13.38
13.33
13.29
13.26
13.26
13.26
13.28
13.30
13.33
13.36
13.41
13.44
13.47
13.49
13.51
13.52
13.51
13.46
13.40
13.34
13.29
13.26
13.25
13.24
13.23
13.20
13.16
13.11
13.06
13.04
13.02
12.99
12.97
12.96
12.96
12.98
13.02
13.06
13.10
13.12
13.13
13.13
13.11
13.09
13.06
13.03
13.00
12.97
12.94
12.93
12.96
13.02
13.11
13.21
13.27
13.30
13.35
13.42
13.49
13.57
13.63
13.64
13.59
13.52
13.45
13.39
13.34
13.30
13.26
13.21
13.14
13.06
12.97
12.87
12.78
12.72
12.69
12.71
12.78
12.88
13.01
13.14
13.25
13.32
13.35
13.34
13.29
13.22
13.15
13.11
13.11
13.16
13.24
13.35
13.48
13.60
13.70
13.77
13.79
13.77
13.73
13.69
13.63
13.59
13.56
13.50
13.41
13.30
13.19
13.08
12.99
12.94
12.91
12.88
12.86
12.85
12.85
12.85
12.87
12.90
12.94
12.98
13.02
13.07
13.11
13.17
13.22
13.28
13.33
13.39
13.44
13.50
13.55
13.61
13.65
13.69
13.73
13.77
13.80
13.83
13.85
13.88
13.89
13.91
13.92
13.93
13.92
13.88
13.82
13.75
13.66
13.57
13.51
13.48
13.45
13.43
13.42
13.40
13.38
13.36
13.32
13.29
13.26
13.23
13.21
13.18
13.15
13.10
13.05
12.99
12.95
12.93
12.91
12.89
12.85
12.81
12.78
12.75
12.74
12.75
12.78
12.82
12.85
12.88
12.91
12.98
13.07
13.19
13.31
13.42
13.50
13.57
13.64
13.72
13.83
13.94
14.05
14.13
14.20
14.24
14.27
14.29
14.31
14.34
14.36
14.38
14.40
14.42
14.42
14.42
14.39
14.33
14.26
14.20
14.17
14.14
14.11
14.11
14.11
14.12
14.10
14.06
14.03
13.99
13.95
13.90
13.84
13.75
13.66
13.57
13.48
13.39
13.27
13.14
13.00
12.86
12.75
12.66
12.60
12.58
12.58
12.59
12.62
12.66
12.71
12.76
12.80
12.84
12.85
12.85
12.87
12.92
12.99
13.07
13.15
13.23
13.29
13.34
13.38
13.44
13.52
13.61
13.71
13.81
13.90
13.97
14.00
13.99
13.95
13.88
13.79