-4.97254	28.44169	48.00688
0.47488	37.84021	42.58479
7.87196	26.55107	46.79180
-4.59645	32.89284	37.18610
-1.62270	37.70795	36.76551
-10.07259	31.52275	37.84010
-1.69976	36.59423	37.97657
-4.56322	32.27285	31.17616
-15.26071	29.13027	39.66158
-21.24552	32.41550	29.30944
-21.57698	27.85666	35.67390
-20.80769	39.75681	27.48291
-27.37015	27.37902	37.06071
-31.02121	24.92681	29.84744
-33.84484	22.62874	29.64179
-37.03016	6.55975	24.06212
-39.90083	19.43990	24.80217
-41.82228	17.01561	23.64176
-40.85154	17.50382	19.73222
-57.71358	5.30231	19.41109
-50.85420	5.92404	19.79375
-42.78780	13.47576	11.87267
-52.45291	8.01962	12.83894
-48.13515	5.75522	16.87728
-50.02227	2.40836	8.10102
-47.42511	1.69383	13.16571
-45.70671	7.36869	1.03343
-46.08801	1.51047	5.29288
-42.20687	7.60644	10.47886
-49.66999	8.13665	5.74184
-51.93922	0.77297	10.48022
-51.49567	6.14114	-1.68943
-54.66278	0.15289	9.85709
-47.36126	1.97968	8.98509
-53.35109	7.85624	11.99781
-49.03252	3.75043	6.78095
-51.69433	6.02052	15.15208
-44.91141	7.84023	12.44520
-43.81108	11.21485	11.55340
-49.53720	12.57488	16.21889
-48.25343	19.84570	18.65396
-38.23856	16.09135	19.92708
-44.17655	23.12242	24.14689
-37.27334	18.09239	24.04689
-33.91059	20.02817	22.44342
-32.94536	22.02921	26.56324
-29.75224	30.59385	25.58337
-24.50729	28.62277	28.56257
-18.79087	29.52550	36.03610
-16.72981	34.11227	35.72451
-11.72964	31.81965	27.03656
-10.45668	23.19207	30.01270
-6.18615	36.56621	37.31051
-6.96373	37.71145	32.40790
1.43211	35.96173	28.05642
-0.28689	38.28750	32.81236
8.15169	45.95956	40.14719
8.43890	35.70031	42.64751
15.75193	42.96540	36.33383
21.93440	34.71705	36.13190
30.42151	39.99267	27.25146
30.02801	35.46357	39.21236
33.34242	34.87674	29.27041
36.49330	42.48357	27.22126
31.18609	37.55924	26.87074
36.00893	32.93523	22.12512
34.37250	34.86190	17.64064
34.35669	35.55984	22.51046
39.91119	37.28075	16.72570
33.61843	37.64990	18.86711
34.43375	36.67357	21.29939
35.16329	34.54453	25.51280
30.33595	38.37965	26.71881
26.98742	42.35549	25.00440
26.13758	44.71472	32.50174
23.39922	42.49086	25.17947
20.03166	38.99328	35.19321
23.13451	38.23085	27.17333
17.68339	44.66576	33.00449
18.11341	38.12081	41.49211
11.12412	26.45430	44.76006
12.51498	32.66705	32.51482
14.86826	42.86699	34.54256
12.51217	34.65319	42.66798
14.79091	40.21445	28.10435
8.92607	43.26251	37.59051
11.69236	34.84063	36.69609
15.05089	30.14086	33.92075
7.54652	35.56292	41.42630
20.06320	54.06199	28.69438
14.64709	38.80188	33.68602
20.26284	42.33446	31.56001
10.27099	39.26760	25.79894
25.62440	48.58114	17.95599
27.31468	47.66425	22.74960
30.75878	44.57751	20.50692
30.15883	49.59295	19.31126
25.66192	35.20536	26.83554
26.08605	40.64030	16.70396
27.19959	44.84280	18.78172
27.95046	40.50299	10.09595
35.62246	39.67508	10.78709
33.12857	43.61940	12.76422
36.67445	40.52709	1.55681
42.31322	44.62393	0.22439
39.83934	33.11538	2.25813
37.99495	31.80482	-0.11334
39.03273	34.13068	-0.74421
39.80711	31.43364	-3.30089
40.07153	34.15482	-12.94404
42.41358	21.99153	-11.02921
39.65220	26.58887	-13.86354
45.39734	26.08272	-15.93955
43.16445	17.65173	-19.71498
46.41690	11.70830	-19.37898
41.63678	7.29035	-16.15090
40.37353	7.03563	-16.94844
48.82772	7.08458	-17.45118
37.67870	5.00666	-27.12112
39.05203	-0.40411	-16.91318
39.87715	-1.64405	-16.65687
49.16697	-2.48047	-16.05755
43.79661	-4.14572	-26.16416
39.00849	-0.59900	-14.06278
37.82610	-6.95475	-20.83502
45.13191	-11.26421	-21.13517
37.29668	-15.47476	-16.84729
32.16681	-10.68222	-15.85861
32.26237	-23.79815	-10.77960
28.75603	-13.60179	-14.94434
24.30236	-29.33332	-17.91974
32.52678	-21.07696	-20.42274
34.16481	-22.22772	-12.20867
27.96814	-13.27144	-23.00648
28.18880	-24.28985	-18.44934
21.34363	-18.99995	-22.14989
18.65191	-21.47625	-34.82645
18.86577	-16.21390	-27.35636
14.87575	-18.64051	-36.23632
7.85795	-15.35343	-34.76871
9.57245	-18.46810	-43.06426
6.21001	-18.86506	-33.81151
-0.68270	-13.48047	-32.86576
-7.34503	-13.99156	-34.22036
-10.76541	-9.72237	-28.16237
-7.99331	-11.49872	-43.75450
-19.46788	-12.41757	-34.83619
-23.39164	-4.54557	-45.49992
-25.29008	-13.02513	-31.54911
-32.13175	-23.10835	-33.34494
-31.96893	-20.84192	-36.33714
-38.45803	-12.57977	-24.92054
-45.79858	-13.81255	-17.65851
-39.24562	-10.71059	-25.33340
-41.84409	-9.23316	-26.47840
-41.31589	2.04890	-16.58338
-39.92384	-4.04682	-11.43525
-51.16161	9.17416	-15.89327
-53.46087	3.98228	2.31435
-47.18591	18.46095	-3.09542
-43.22232	19.23181	-0.15456
-34.60210	30.48448	9.09133
-37.28764	31.57212	13.64715
-34.45799	33.43586	11.15894
-18.86941	39.18143	12.20453
-14.33049	40.98214	17.09941
-8.58725	38.92718	23.24369
-13.82341	35.55090	24.37596
-1.50240	37.47776	25.05475
5.53522	44.28140	24.84375
7.38941	31.32334	34.07536
2.62852	41.30395	28.54303
3.85774	32.94180	36.68336
6.77895	35.98422	32.03395
16.08868	32.46672	33.28989
14.34036	33.12375	32.29682
12.44242	32.34222	37.26550
15.60731	24.93051	37.96682
17.42870	39.68182	30.50861
16.93904	45.19101	22.09194
7.15394	40.73796	22.81907
-2.53569	35.94079	29.22523
-5.83017	40.46609	25.50616
-12.81465	37.74685	25.64537
-18.48163	31.67867	19.62287
-26.79621	33.79219	18.65361
-26.09698	32.29614	28.68698
-28.06967	27.33626	19.37807
-33.84354	21.86583	25.72210
-35.70946	15.84089	33.28205
-36.39349	4.01494	34.35642
-46.45079	-0.11367	29.04626
-46.99471	-8.69864	33.98413
-46.57190	-16.50580	36.80834
-40.28815	-18.45274	27.58771
-44.16690	-39.61924	25.91235
-43.50440	-43.58593	26.84708
-27.83536	-46.71341	23.90479
-29.15135	-37.20224	29.11455
-26.21103	-38.69228	31.73614
-28.13959	-51.45791	26.95316
-24.95809	-50.33072	21.45181
-20.36592	-50.59786	11.35725
-21.61756	-39.72234	17.72190
-39.06954	-47.63233	11.71536
-38.43405	-37.86867	4.61629
-50.09716	-31.77930	1.93262
-49.13192	-29.77826	6.05243
-39.75253	-15.28611	-3.64762
-49.27352	-17.79087	-0.61374
-42.39423	-12.46476	5.70707
-42.53812	-1.87144	-7.71042
-43.31020	-2.23903	-20.64239
-44.99117	1.79447	-10.70750
-37.80924	0.01091	-19.08700
-33.29812	6.30511	-20.89306
-35.29533	13.08246	-16.83975
-32.08469	26.65107	-25.95515
-24.85572	28.15303	-22.07648
-20.44839	38.29033	-11.37905
-12.36699	35.90724	-22.83710
1.75989	47.43670	-22.37896
2.25376	41.17759	-18.07195
4.82121	53.72010	-23.16486
7.17349	47.75802	-22.77203
10.75538	39.89863	-13.58489
11.78866	41.43560	-17.75536
13.72913	44.71375	-14.00548
20.26787	49.28956	-13.08096
14.69536	44.41306	-21.45464
7.54255	40.94022	-10.29388
5.38112	33.13664	-17.21408
13.25978	50.31388	-23.75237
4.43222	45.52117	-29.90432
-1.45755	27.99243	-26.19532
-5.95425	27.14953	-30.02091
-8.26600	17.28923	-34.00109
-17.01651	13.61024	-41.36412
-17.91070	-0.84776	-34.96504
-10.37881	-4.91666	-38.13739
-12.53144	-10.68212	-35.66460
-8.90971	-9.89865	-34.20033
-10.51774	-20.46611	-24.60753
0.05686	-16.33343	-33.14210
-7.31180	-14.61155	-40.23029
-0.03601	-16.74921	-27.06121
11.53093	-12.03436	-25.15594
17.48192	-17.77724	-24.09242
20.30185	-21.03622	-19.72313
30.54329	-9.46649	-25.02282
32.77127	-14.90877	-11.12334
31.74799	-17.16968	-11.44261
38.52480	-23.53432	-7.10105
41.33473	-12.06435	-7.27812
49.77011	-5.94411	-7.40259
43.51118	-3.11731	4.02744
46.37405	-1.87357	-4.47071
55.45942	7.45576	1.67326
49.80844	-2.69756	5.42564
48.90895	-2.09804	8.50419
47.58677	3.84920	-3.51842
49.44567	5.22473	-2.09708
45.85945	-8.78979	6.21617
51.13565	2.76902	-4.95275
46.14838	-6.72757	-8.86686
45.40432	-4.66350	-12.13013
41.64748	-6.82055	-8.58279
35.85080	-10.38882	-22.30455
32.30561	-25.14207	-21.27929
28.46381	-19.21496	-17.28367
21.16650	-21.79167	-20.52133
24.22131	-16.15242	-23.94889
26.41748	-10.19207	-29.27209
12.75134	-22.43463	-26.40861
16.40210	-21.52123	-26.84461
19.64015	-18.91094	-29.91305
23.73173	-22.64912	-13.36640
15.91072	-28.33352	-17.67793
15.62250	-34.23627	-21.81315
3.82288	-41.06907	-13.85175
12.53666	-39.86072	-15.58736
8.30677	-34.58921	-12.34173
6.61297	-46.30938	-0.96781
15.86497	-41.92837	-2.57968
7.55469	-45.95110	-2.97708
2.82942	-40.58273	-3.08651
9.66929	-41.89336	-10.62883
13.11108	-41.91547	2.61715
11.53270	-39.72894	-5.66788
22.48246	-40.84927	5.54501
15.79110	-41.49029	6.09068
23.09494	-31.64987	-2.34764
28.24714	-22.49117	-14.60060
29.64810	-21.62276	-7.05477
38.63219	-23.05357	-14.13208
34.24638	-20.32510	-9.88013
31.11452	-13.07305	-14.27761
46.06682	-8.63019	-11.19540
40.54394	-11.74699	-15.15029
40.92924	-6.17836	-21.20563
46.90176	3.87140	-22.15120
41.71133	-6.53471	-12.76340
38.40854	4.41644	-15.25844
45.77691	1.15574	-15.81952
41.37759	1.51751	-22.18640
40.52765	9.26307	-19.37057
34.38451	11.07077	-23.19091
44.63956	12.23540	-18.47177
44.60603	11.31657	-20.11111
42.20242	17.20249	-16.37550
50.93551	13.41806	-13.15388
34.07947	8.16768	-10.88734
45.45669	25.57967	-23.65978
51.77816	23.80164	-35.35074
41.44914	4.14407	-15.36811
37.42178	-13.37724	-17.36916
26.69497	-18.18856	-14.63275
27.60715	-33.04373	-11.04115
28.00116	-27.43613	-17.66654
18.42422	-21.72680	-16.08466
16.62125	-31.31641	-16.05400
6.03304	-42.74179	-11.14296
3.38756	-33.47161	-16.62379
-7.32905	-43.15999	-23.33171
-10.74943	-38.89080	-17.27372
-4.91251	-31.29312	-18.54318
-17.18999	-33.02507	-22.07239
-25.55150	-39.58340	-30.61829
-17.96177	-31.85385	-27.35507
-22.14142	-26.20373	-26.63194
-27.03840	-12.36811	-32.54218
-34.27737	-13.14614	-31.93110
-32.30788	-9.73805	-30.08150
-24.60655	-2.27768	-37.95898
-27.10493	0.87775	-39.52146
-33.56182	-0.25662	-30.46816
-25.71638	10.15514	-36.27803
-27.79394	19.65328	-43.15448
-21.33057	18.50494	-32.60765
-19.72854	29.50673	-39.50659
-23.89980	27.03746	-32.68517
-16.90171	33.35661	-31.84165
-14.10560	34.30151	-35.96920
-7.69204	42.16614	-39.20433
-2.32519	40.74076	-44.20629
-8.14439	34.75985	-36.42767
0.84401	45.65653	-29.72925
1.58806	43.59247	-26.46598
3.50502	45.22786	-28.84519
7.89853	44.84010	-22.09823
9.90835	46.89126	-30.55833
20.88203	42.80025	-20.48471
16.55557	45.02568	-23.95299
16.13995	40.09003	-12.07769
29.59092	47.83315	-18.49157
30.77832	51.59757	-25.08418
19.21558	46.89872	-11.49996
11.34734	49.46740	-17.83355
4.51828	48.21270	-24.03617
3.30606	43.56842	-19.65295
-6.78456	45.44614	-23.63470
-17.49686	40.69977	-21.84842
-22.50374	39.11588	-16.12906
-34.82345	36.42611	-20.72754
-40.35264	18.19982	-20.60175
-38.12296	25.07900	-24.28561
-39.10071	8.86312	-19.31712
-49.13408	12.84210	-17.84421
-54.09734	6.06677	-10.29373
-50.99550	-3.47220	-14.66698
-50.23243	-4.68241	-8.81423
-52.33101	-9.89841	-8.34609
-54.84573	-21.12855	-1.33814
-54.36107	-28.50513	-1.79659
-50.06363	-30.86048	3.57196
-49.54525	-37.77855	2.43908
-39.44151	-40.82751	-0.57280
-31.23492	-45.73350	11.72809
-22.95757	-51.39616	-1.73679
-21.37918	-53.58269	6.54824
-3.09506	-49.64870	-1.45174
12.56266	-51.28934	4.01540
16.14338	-35.76200	3.73151
25.01387	-44.16436	3.41133
19.00736	-23.74257	1.54979
28.47269	-40.26099	3.18627
30.78675	-33.46533	-8.32221
36.40301	-14.84924	-14.14882
38.81983	-19.90729	-14.91488
32.07023	-27.73332	-13.53641
38.09479	-16.98936	-15.58867
44.19869	-25.12821	-8.34608
50.53550	-10.21895	-17.03850
42.94625	-16.87001	-14.96621
46.92078	4.72526	-19.56172
48.16522	11.05127	-18.38591
54.89500	8.78658	-21.02099
54.76540	5.90016	-24.03874
43.28504	18.96035	-23.77646
52.37812	18.78619	-34.15508
53.16222	32.29013	-35.64693
46.61507	29.21416	-28.35212
54.24303	27.11285	-30.14607
44.17123	33.99754	-26.58375
38.62825	37.71494	-26.24067
40.34304	36.13909	-26.88695
41.64553	42.72496	-29.51168
40.42810	41.13234	-9.44983
36.41357	45.98424	-27.20755
32.76100	30.75024	-19.15125
39.18837	49.13992	-18.43591
32.26194	46.68053	-22.09725
31.78787	37.94708	-24.03386
30.85617	36.86487	-26.51434
42.78339	46.72881	-30.56003
37.62398	36.30790	-23.97047
39.19838	48.41599	-22.92566
36.18058	28.32246	-15.95405
35.38900	44.48624	-23.60713
38.16190	45.32721	-26.21448
34.63493	47.27424	-22.38065
40.07885	46.96260	-28.59369
30.02374	39.30206	-20.15710
36.88442	39.16087	-23.69413
37.71425	38.24950	-22.21199
38.37726	49.36633	-24.97786
34.02446	37.93011	-15.38597
36.69279	50.30921	-30.15155
35.12479	41.30474	-16.27776
37.18535	44.81301	-21.92486
36.34422	47.21122	-14.99757
32.89510	34.42555	-12.59389
27.45730	42.92155	-13.42930
31.52667	36.77770	-6.93142
35.24738	46.92722	1.00280
33.24436	42.60031	-2.48614
32.93662	39.22390	7.69363
30.41553	49.97343	-1.33079
26.42752	44.47521	5.84975
27.93165	39.18881	5.19269
26.34595	42.57259	3.52121
30.46756	36.66261	6.59863
19.64008	41.86660	5.01702
18.94856	45.70336	5.98256
25.55836	44.44176	3.10835
18.67936	40.65446	4.43682
19.21357	51.50218	11.63798
10.60956	43.08952	15.13471
20.34090	41.14645	18.77998
17.12348	46.78548	13.84984
13.80797	36.59663	17.47537
1.47245	34.60482	17.74672
10.74236	47.52774	25.61176
7.70585	34.73872	23.32553
16.79973	44.56734	31.21322
10.64178	44.77126	20.69374
12.45243	31.61830	32.77576
10.00629	35.00760	27.79281
8.43140	32.89928	29.33483
12.55271	32.83596	30.04449
7.00462	40.83823	36.43010
8.99833	42.04852	25.19055
6.33681	27.39369	28.00709
2.43637	37.36877	25.78622
2.40735	37.23884	27.68649
3.64729	42.77595	25.32269
0.81445	39.36040	20.35160
-13.15641	32.37312	28.85030
-12.96427	36.30829	31.60711
-16.19671	26.79884	31.32772
-32.23613	19.80923	32.10686
-38.10577	20.52957	30.40413
-40.04043	17.27741	26.27417
-40.47827	9.93610	28.10069
-45.65870	-1.19394	32.99874
-49.58477	-15.34058	38.93743
-50.50066	-17.12074	31.58713
-41.63796	-11.39922	23.50886
-42.51384	-25.62153	29.47569
-43.74676	-15.43096	30.78053
-42.28498	-37.67945	28.12727
-41.43454	-36.96104	35.92848
-37.78888	-46.53373	30.97195
-29.68946	-45.76123	33.67234
-24.77125	-45.34303	29.92420
-24.24856	-51.01188	34.64470
-21.07245	-43.44584	30.17740
-26.87955	-52.75500	20.29140
-35.14688	-47.81627	29.26654
-25.79773	-49.15574	22.14563
-30.98375	-53.38661	30.39151
-35.97801	-46.14199	31.70408
-52.39140	-35.10379	29.01535
-40.28815	-18.45274	27.58771
-47.18115	-14.60697	20.88419
-49.00232	-8.42811	22.27405
-48.25994	5.19652	25.04842
-46.45079	-0.11367	29.04626
-34.40966	35.95847	19.49742
-18.95198	39.58053	21.44495
-20.88925	37.85419	25.15437
-21.62881	40.70715	25.43071
-17.95222	40.19868	15.63514
-7.31248	44.62021	18.59954
-12.58217	40.32511	18.09247
-2.63244	47.36017	15.78896
9.16827	43.57803	17.89859
5.26631	40.77132	30.94729
8.89225	40.80487	28.30189
18.05388	48.63060	20.25000
23.10881	51.19829	15.21985
20.96639	51.63405	16.17065
28.48155	37.79302	28.83709
34.98015	32.18716	29.83521
36.41073	24.41894	23.25782
38.29465	26.21399	24.57478
49.41516	24.78176	19.24052
52.38361	30.64939	24.53550
48.39058	23.28377	22.84094
45.62349	22.46880	25.06821
43.10157	9.97644	26.41275
43.42412	14.95663	22.93212
55.78736	17.84129	24.68019
41.56842	15.13291	28.97008
39.87514	21.42314	19.68493
43.09889	23.50815	15.25285
35.56159	22.93762	11.53692
45.14093	27.24105	12.35178
46.56452	36.21405	11.00107
36.79303	27.97543	7.42941
46.45394	34.18149	10.57281
49.69209	41.71779	0.50907
47.85220	41.19613	1.67720
42.97151	34.02169	-0.01274
36.56067	36.94273	-6.33076
39.30194	39.17959	0.80154
52.14774	36.52606	-4.33323
52.61179	27.51972	-11.11075
48.53572	33.47985	-17.93653
43.74509	28.70733	-15.55421
54.87221	40.23075	-19.96059
42.68960	24.76469	-21.43251
49.58932	35.10777	-23.43722
39.55162	23.83239	-18.78156
44.76517	29.41643	-22.69424
37.49187	18.48271	-22.38965
46.42743	26.06788	-27.56932
45.92704	17.67781	-25.48187
43.69305	9.54940	-27.65139
42.37206	17.19318	-31.31674
54.32408	13.93196	-24.11692
45.57677	11.80478	-24.02065
36.02645	7.63127	-26.73578
44.00957	0.95891	-19.40206
38.79132	-4.95371	-16.71521
33.71268	-16.08931	-20.78189
31.54734	-21.60415	-15.94314
38.01323	-18.89198	-17.91722
42.78763	-19.88635	-16.08368
36.72525	-25.41289	-16.24262
31.50831	-21.01015	-9.55313
35.83607	-23.99848	-10.00454
33.13153	-23.76470	-8.03819
41.91297	-18.40697	-10.79573
36.40700	-29.14386	-6.90860
38.19755	-28.84308	-4.84626
34.20604	-18.96819	0.42958
37.17878	-30.31508	-1.62592
40.50309	-25.47359	-1.13998
35.53104	-26.90157	2.29903
34.53279	-14.73792	-7.16072
30.16548	-26.23911	3.38131
29.20475	-27.45125	2.80111
32.21884	-23.99304	-7.92919
32.50925	-32.70048	2.03043
34.13197	-36.53352	-1.79014
31.71395	-33.17202	-9.38135
29.08996	-28.73388	6.48250
25.12247	-27.98193	-4.29857
29.25960	-28.74320	-8.45873
22.89408	-35.62402	-4.53440
37.59891	-24.59054	-9.96161
24.14472	-44.19781	0.66992
28.85849	-33.61388	2.46643
23.46022	-24.63338	0.57651
34.59933	-27.98378	-0.18144
26.28734	-37.70842	2.68687
33.14924	-22.14792	-1.52903
29.81021	-33.97953	-4.03259
30.93086	-30.51395	-6.25460
24.00893	-32.18443	-6.37633
31.19556	-26.25394	-8.24846
36.67040	-24.12095	-4.98278
29.86725	-31.41794	3.73584
35.03267	-21.43136	-5.54758
24.43294	-38.29505	4.80515
26.70667	-30.14248	3.60637
33.92981	-39.74477	-0.05721
24.20978	-28.21028	-4.18957
29.12349	-27.81505	8.12184
29.06064	-30.40263	0.73350
26.54384	-32.40890	6.59857
33.38871	-31.85214	7.93137
26.82504	-42.23381	11.79274
27.33593	-33.48917	10.55104
27.10426	-37.90884	8.84874
27.58613	-29.29414	9.50731
27.61965	-28.37531	11.14665
27.15149	-35.08364	18.79314
26.76249	-43.28257	12.05367
24.60237	-33.38532	14.41765
25.03668	-38.68106	28.75866
23.87800	-43.85436	25.80172
31.41691	-32.19559	21.57041
19.67133	-38.47892	27.52716
22.14672	-28.19359	19.25995
23.52004	-33.60436	29.46789
23.34691	-36.68567	29.30055
12.53643	-44.48810	40.24249
22.35085	-39.13223	25.66520
21.47799	-37.33726	32.36896
16.88552	-38.60894	34.81424
18.23575	-32.57809	25.22943
3.25322	-41.77430	32.64870
11.69630	-44.39162	35.60081
2.16189	-43.57114	40.61973
11.85092	-41.08568	38.51418
5.67745	-38.64500	40.51381
1.60418	-37.59789	40.49335
-10.80451	-42.22624	49.81597
0.86912	-33.95602	44.30930
-3.51118	-32.74038	40.53189
-16.32868	-44.58012	49.78078
-10.28961	-33.77120	46.77838
-14.04095	-37.44108	42.29637
-14.33416	-26.74750	42.48990
-23.12470	-27.53076	53.08585
-13.71490	-29.37027	53.92431
-25.63710	-23.36180	57.80901
-25.13323	-30.34484	57.62627
-25.19577	-31.39359	57.88720
-28.22215	-32.59507	49.39745
-25.04165	-29.16615	55.46506
-28.45502	-20.24755	52.54176
-21.77448	-21.49991	43.50105
-30.58914	-26.23764	52.26853
-24.79596	-25.76000	50.88172
-18.19047	-20.88535	47.43565
-24.55978	-20.55144	56.12363
-21.92830	-22.18854	53.57246
-21.55701	-15.60639	53.80276
-24.99492	-27.41944	60.07395
-29.80154	-28.10681	52.68139
-20.50853	-27.39142	60.74001
-24.88303	-26.14980	56.58253
-20.65134	-31.10571	54.75272
-19.85925	-32.18599	58.70519
-22.46671	-32.28634	50.48097
-24.05242	-42.90759	57.84560
-19.16652	-38.78479	43.85690
-19.53730	-44.28845	48.96211
-17.75546	-44.02665	51.59452
-17.74095	-43.96169	50.64438
-13.76294	-48.81780	40.03125
-15.53028	-49.01463	36.44870
-10.99585	-48.00282	37.80397
-19.24959	-57.92792	34.55796
-19.06645	-55.57054	30.23556
-19.60385	-49.50634	28.77896
-9.34841	-52.95515	26.22974
-8.68591	-56.92184	27.16447
-13.94408	-55.77863	21.21572
-0.21469	-41.86914	21.11303
-5.17845	-49.72297	23.32800
-0.92644	-54.58793	20.16797
0.14487	-51.34323	21.17645
-2.72280	-54.91470	18.48570
1.35099	-48.26377	9.52403
-0.16615	-44.26556	4.89776
5.80986	-42.20345	11.13843
3.96396	-49.67624	9.71889
6.35147	-49.01757	8.48535
7.81859	-39.84969	4.28425
17.53602	-50.62427	-3.34330
7.80408	-39.91465	5.23438
15.81494	-28.76229	-11.40706
10.64372	-38.77485	-1.74357
10.98229	-34.95293	-12.40780
23.58732	-27.13932	-23.08329
16.06484	-26.10606	-20.10007
19.91807	-13.82306	-28.93736
22.51653	-15.30050	-27.79236
19.70140	-17.09927	-26.25429
23.12880	-5.64078	-33.37123
19.84551	-14.14789	-24.18668
19.53609	-6.29432	-36.73578
16.01634	-0.15819	-44.19702
9.97277	6.70772	-31.53037
14.74368	10.00820	-39.52388
7.82625	9.12661	-36.10600
9.58348	15.43371	-32.71524
7.32108	16.87256	-32.00357
8.29181	17.36077	-35.91311
6.87124	24.40505	-33.82547
2.59151	28.37718	-32.68486
6.17552	28.99173	-28.75026
-3.00371	31.86070	-28.92132
5.09471	41.55448	-28.96959
-4.99772	29.11159	-25.33104
-8.84562	40.85937	-23.32310
-6.34004	38.96615	-16.09721
-4.91245	47.64954	-19.24381
-9.44608	49.25504	-7.61429
-7.25243	40.27662	-8.33893
-12.24971	42.58223	0.15904
-3.76328	54.62527	-6.46162
-13.41809	39.67167	9.34113
-6.36076	44.25455	12.10052
-5.10611	49.39631	6.47282
-5.44387	43.73299	7.88186
-5.52063	44.15808	16.74220
-15.97222	43.96132	18.33050
-2.95249	43.31362	23.70716
-0.18110	37.99234	22.05174
-1.18836	41.95864	19.83040
-6.01782	37.31981	26.28896
-4.17763	39.38029	32.77010
-9.91847	33.75019	35.41797
-3.62572	33.38105	33.27656
3.71464	46.15242	36.25064
-2.12709	29.60748	40.64885
-0.88285	29.00834	38.85691
-0.24937	24.91172	41.69191
7.74418	37.98526	36.15376
3.86795	31.75754	29.87983
11.73589	35.03552	33.84568
16.87077	32.11039	41.73211
9.82495	32.96580	33.53103
12.24477	29.91988	42.53804
17.90375	32.10854	29.91235
16.35188	37.94996	37.52949
12.47595	33.26105	38.90484
19.21475	39.19371	29.03135
16.46116	40.74543	41.87745
17.04941	33.67886	33.87009
21.42321	42.89733	42.92818
23.28893	41.99712	32.40047
21.62166	29.47326	37.43656
15.87253	44.27403	32.27235
13.72439	39.29747	38.28476
14.25329	32.73396	37.99763
11.47169	31.85402	41.17505
3.55551	28.05256	38.83377
8.37635	34.65155	42.90845
6.59581	33.62684	36.35635
-0.12878	26.22034	37.63044
1.34084	36.32186	37.86690
-3.79115	32.64044	44.10812
-0.91317	29.64132	44.67687
-3.98149	29.02085	42.76713
-8.55394	26.30131	36.23291
2.14294	34.51765	37.32963
-9.69461	24.28360	47.43441
-7.53217	29.78544	42.78564
-5.22143	23.48374	45.13092
-9.12369	19.13822	50.53034
-14.86692	21.19318	44.38606
-18.13440	11.98812	48.70079
-9.01630	19.61896	43.49932
-15.08809	17.12807	43.52952
-14.45462	13.03145	46.36452
-3.79036	16.79402	43.88904
-12.99562	14.15972	50.10980
-15.41534	11.81931	45.78432
-12.45039	21.98178	41.25225
-14.26697	16.17773	45.58172
-12.36134	8.22169	43.68961
-7.23896	19.09187	42.59211
-12.01856	29.75743	42.11958
-7.11386	21.18938	42.07025
-14.56120	10.70930	44.14036
-0.17681	25.23655	36.94124
-10.59599	22.56841	39.13398
-10.30108	14.64986	52.63321
-7.59524	13.65317	46.74718
-9.53469	26.53703	44.63220
-8.87350	23.33325	49.48661
-15.98177	17.75358	46.22800
-10.32010	13.79600	50.04374
-11.78339	18.80399	45.72659
-21.02709	7.99713	46.11443
-16.41560	10.12267	46.25863
-20.58004	16.45592	49.05335
-22.80443	8.52423	47.02163
-25.21285	5.46290	53.88599
-12.40618	8.78970	50.45971
-21.24375	4.72092	48.79750
-22.91051	7.28057	50.13297
-20.81442	11.56294	45.22725
-20.47067	2.78679	50.16050
-20.51871	1.80299	49.47129
-28.17529	-0.83906	45.89715
-23.92378	4.29574	45.32396
-17.75162	2.61797	47.24402
-17.43437	8.65066	49.47897
-22.06236	20.61004	42.14673
-26.90182	5.61687	45.17270
-26.29485	16.32910	45.30940
-23.58151	10.74796	47.45453
-16.55521	7.96019	47.73063
-25.44601	16.27160	49.38102
-9.04983	18.70013	41.85998
-27.14949	16.36061	41.61786
-18.59924	18.37716	42.49352
-12.46941	21.12791	38.66278
-17.20097	25.39180	33.59792
-17.99878	28.44522	39.98858
-16.48013	23.22379	38.38139
-10.71637	34.80448	31.84557
-17.99878	28.44522	39.98858
-14.43809	26.95670	35.48032
-8.94323	35.02731	35.04803
-6.56574	29.02444	33.02272
-11.30652	25.55130	37.51005
-2.81911	32.36574	36.27890
3.27680	38.81110	38.07717
-3.34680	36.16720	22.68328
4.19950	38.31553	33.47842
10.54020	44.31650	27.34469
9.27885	45.61058	18.32686
7.15394	40.73796	22.81907
3.56573	40.87333	22.99415
7.77290	36.57637	26.60421
2.10113	46.64422	22.59669
8.28780	45.03142	23.56662
7.73189	51.32026	24.85605
4.07692	51.15678	29.40172
-1.17065	43.57542	26.33957
1.01560	44.87337	30.18763
8.47094	47.38879	19.24421
11.69408	47.16209	19.11274
0.05458	42.12241	21.95815
1.83323	40.83241	17.13126
5.64261	44.76215	17.81273
4.31231	53.74804	21.65885
-1.56113	50.60487	16.79743
0.25804	44.57075	16.30553
-10.00702	44.13006	16.07614
-4.03701	39.24105	19.72913
-12.69023	53.23133	13.06563
0.33510	45.68447	15.09446
-7.86289	49.39622	11.85962
-11.20343	38.78785	15.58953
-14.34500	40.91717	18.04954
-8.79009	49.10291	12.91876
-13.51387	39.24290	15.61200
-3.83936	41.66339	14.45659
-8.10488	44.16166	6.99779
-7.78133	51.29884	14.18816
-15.98753	41.27904	6.29586
-17.10658	38.58937	12.24746
-7.47659	52.66312	-5.76468
-14.68155	32.49180	5.57584
-8.19414	39.91833	-6.32966
-9.08080	56.27153	-4.69014
-14.86588	42.44289	-7.49512
-13.71150	46.36698	-10.39157
-4.06601	48.65754	-9.64671
-11.92595	44.80036	-17.20433
-10.31022	46.63026	-23.72056
-6.10435	43.09622	-16.19081
-3.32275	43.97616	-19.36821
-10.27119	46.03625	-30.11057
-1.53090	43.51403	-21.22556
-4.28668	41.21221	-27.40771
-2.78603	51.29892	-29.96948
-14.85486	39.41723	-23.55383
-10.45884	42.88998	-29.32778
-1.48606	42.94601	-27.99565
-4.82408	47.27642	-28.86431
-6.14558	39.83669	-28.82905
-9.35481	30.43118	-30.62864
-8.68700	43.87571	-22.20563
-9.00454	36.30420	-32.08986
-7.12082	38.55958	-28.45912
-6.13137	38.36283	-37.42847
-1.96743	35.40980	-23.31872
-2.74081	35.80512	-32.33099
6.84273	39.35864	-35.62581
2.16020	35.68504	-37.25279
3.03365	36.96771	-28.65800
17.14251	38.72203	-28.04066
4.80549	37.95345	-21.53585
5.20530	43.58704	-28.54132
-0.82036	40.53114	-19.60162
-1.23637	50.52128	-12.13491
-9.78414	42.05289	-13.85453
-13.89094	42.18118	-15.51433
-22.44089	41.70345	-8.74072
-17.59974	41.00792	-11.27778
-25.26633	39.08979	-10.36218
-24.21853	40.69173	-15.48279
-18.84418	34.68192	-12.45360
-31.16579	30.44336	-8.83178
-20.87622	30.22507	-14.04227
-25.93783	41.47869	-18.37613
-22.31609	42.26215	-16.91186
-27.76321	41.02200	-18.15813
-19.17943	43.95737	-15.64312
-16.80214	38.41482	-15.35467
-16.18516	48.40311	-19.70771
-11.81856	45.28111	-24.23536
-3.19635	45.31077	-23.80977
-5.96925	44.46980	-21.20242
3.60109	47.19545	-27.46678
11.97180	43.79298	-22.07777
16.58329	45.91851	-21.93357
14.35641	37.05319	-28.40285
18.09723	40.36851	-24.76660
23.64172	35.42788	-31.34314
28.71775	29.62556	-32.64095
30.99128	38.23846	-31.52594
27.86761	30.44597	-32.79288
34.81436	32.99630	-30.46175
31.37456	29.94680	-27.64722
31.13257	24.71224	-32.50905
34.21609	22.32306	-31.16852
35.57263	29.45839	-35.79790
36.09952	23.03961	-35.18706
35.59943	16.18836	-25.45033
37.82883	21.52872	-36.78347
42.67978	6.56457	-32.46040
39.39349	3.43080	-27.76739
27.50582	8.05637	-33.81232
32.73946	-3.50614	-30.34603
33.68567	-2.35896	-28.81569
34.84187	15.88573	-39.33243
39.11629	12.96611	-34.75746
37.02672	23.33293	-36.24620
21.65621	14.71432	-39.21302
25.94166	27.23279	-37.49290
22.98772	21.43013	-43.73802
21.07077	19.79474	-41.35881
12.00813	24.26193	-43.79545
7.89002	25.87706	-37.04581
9.17029	30.05726	-49.71932
7.10373	26.98332	-41.37836
4.25507	24.26572	-41.47963
5.96937	21.61137	-47.46141
0.49373	21.31977	-41.47190
-1.83983	33.98236	-41.64301
-2.09452	28.99843	-44.13889
-11.14436	27.82867	-44.25995
-15.62645	21.66440	-44.35416
-10.91318	31.16984	-47.89316
-19.30173	21.40997	-38.47828
-18.14015	26.59627	-35.71132
-28.60735	22.94433	-34.20778
-27.48350	27.96172	-28.97049
-24.56830	31.43848	-30.92604
-36.30788	24.72081	-27.66315
-31.27837	24.09694	-30.60209
-36.61031	20.29190	-23.19895
-28.19003	30.65502	-32.39031
-38.23354	23.04645	-24.71388
-32.34488	23.17996	-20.42168
-31.31059	22.41521	-36.16112
-38.47953	18.10149	-27.77982
-35.27460	26.25778	-31.83362
-39.57986	14.72686	-26.88803
-26.35014	31.17668	-33.55845
-20.71829	28.16466	-38.18653
-22.74011	29.90904	-41.29720
-20.79985	26.26204	-40.51507
-19.52290	17.34486	-39.33482
-13.47382	27.42986	-46.82696
-9.56947	22.55151	-51.08350
0.47872	20.17631	-45.85727
10.98107	35.83532	-53.66871
15.62908	40.89182	-42.11209
14.01665	27.07601	-48.33585
11.55229	32.22876	-42.92350
24.49156	33.06865	-38.84049
28.99247	33.16163	-39.12456
33.16661	36.40982	-26.53680
38.45061	33.84473	-29.94762
41.02005	32.23736	-26.90236
47.79166	35.54392	-21.19980
39.62119	40.60883	-20.10144
48.77140	37.60992	-18.03012
41.17186	37.52945	-13.83584
46.55652	32.33452	-7.64711
45.73540	33.28486	-9.69931
46.10038	38.76253	-14.42444
41.39551	28.52317	0.49439
41.56965	29.30276	-10.90724
44.58523	28.61086	-10.91253
42.14709	38.80656	-14.20577
43.80314	28.96720	-19.35475
45.71608	30.89218	-19.93807
46.26199	25.32727	-16.73776
47.67107	34.23530	-17.13832
38.73500	25.57163	-17.29415
44.77518	28.69250	-27.18398
34.43276	25.59926	-33.85159
26.82532	27.33121	-35.70163
24.94139	25.53615	-37.01859
18.37113	27.28225	-35.19888
18.80127	32.28286	-48.02432
25.55837	35.52444	-41.37163
7.98739	27.08174	-39.58709
3.48649	26.98875	-39.30302
9.22734	32.61885	-41.95089
-2.10903	28.93346	-43.18876
1.65211	24.95426	-46.16424
-5.10180	23.26448	-45.35764
-12.74457	23.76201	-50.26283
-4.34323	21.26538	-43.04450
-15.65997	20.74557	-45.99350
-10.24648	26.45323	-51.06810
-19.56273	15.32155	-45.92958
-23.95485	10.32599	-32.31542
-23.83295	10.87170	-40.29658
-27.33040	14.02716	-33.02752
-31.96110	11.50808	-33.44742
-35.80720	16.18597	-35.30519
-36.40647	7.81445	-24.44299
-39.13453	6.40547	-28.60573
-36.37715	9.48320	-18.69398
-33.50806	17.21776	-26.91823
-43.48502	10.36835	-21.29863
-29.98560	14.48183	-34.29166
-33.91158	8.95387	-32.70755
-31.27156	21.82121	-42.55114
-25.40394	13.86012	-45.23198
-27.46470	10.81217	-37.27110
-20.58600	13.06065	-46.24885
-16.42855	23.46860	-43.81689
-8.22116	16.72121	-40.77119
0.81648	25.83964	-47.26631
2.70441	27.34509	-47.74524
7.17628	27.30815	-46.12904
10.49869	30.60084	-37.42281
19.46827	29.10507	-43.54998
26.33146	33.59031	-40.00863
33.54910	25.50085	-35.64286
33.35396	38.01728	-34.96888
31.44131	30.24564	-32.01782
44.41011	39.67942	-19.21805
42.45083	42.47256	-22.58965
45.98559	37.47990	-10.74304
38.98149	31.59508	-8.89271
43.62030	28.14863	-7.38307
43.39231	26.35927	3.70943
34.29065	31.42046	7.66281
48.73166	42.04447	7.57814
37.87465	32.03501	11.59741
35.88514	30.07480	18.72729
34.55885	38.77109	20.77753
25.46977	31.27018	24.07873
19.07664	35.80799	24.26988
18.33108	39.09529	27.24007
18.95185	35.24929	32.44102
17.74594	45.71452	32.74355
21.11328	35.66739	34.07969
18.26853	38.04653	27.50101
17.91506	30.62169	21.50292
31.27766	38.73793	24.70954
29.77033	42.47252	17.90730
28.23366	30.53335	14.39216
29.90994	44.63501	16.43530
27.09001	40.50852	6.78448
34.69096	52.13756	-3.04326
25.74150	46.79913	-1.21406
30.09509	42.38893	-11.02504
34.09180	41.30658	-4.45801
22.51006	34.98796	-13.06242
23.97067	43.51168	-19.90518
16.91453	36.93266	-16.94815
18.58311	48.69362	-25.90392
23.09082	57.58912	-30.21470
16.10022	35.60727	-30.94940
13.21224	31.94485	-32.30993
9.65786	41.15741	-37.16388
6.02191	41.84780	-30.02873
6.18024	43.32533	-36.56054
1.59908	40.56681	-42.52469
-0.62621	39.86285	-39.98274
-13.66776	41.64283	-37.79572
-7.93773	38.76000	-34.62099
-10.72834	36.30226	-38.52280
-14.68653	40.17083	-34.57538
-19.15391	40.99667	-32.65197
-31.66416	35.91356	-16.67839
-22.66556	34.54772	-24.70583
-25.74089	29.27784	-17.63429
-37.81622	30.75713	-22.89642
-26.69842	29.61751	-10.75519
-26.17221	36.58571	-22.20222
-37.07346	29.45597	-15.71346
-29.54055	41.54909	-17.25092
-23.58056	37.38401	-9.10818
-27.94635	38.66462	-13.83572
-24.39137	39.14924	-8.00085
-25.36211	38.66103	-4.09131
-22.58050	39.54097	-7.26872
-21.05655	44.34529	-6.66916
-23.42614	41.15028	-3.88104
-19.48737	41.04129	-3.14957
-10.71104	43.29840	-5.14612
-15.55592	35.50999	18.51307
-10.04084	41.67241	6.78752
-14.48941	36.42697	8.33265
-6.82792	35.24449	8.17804
-4.59823	42.12368	4.49418
-7.22121	44.26008	8.78906
-12.49510	40.71490	12.39166
-5.53964	43.30422	14.15273
-6.73155	38.75090	17.20573
-15.61876	32.92242	11.12472
-19.76309	39.80694	14.90300
-12.55314	40.45504	16.19220
-18.50843	44.94870	9.27530
-17.67953	29.87446	19.08559
-25.98960	32.77689	21.65595
-36.87503	24.94921	23.27489
-26.47947	24.74138	24.58916
-31.53278	29.56914	19.03128
-32.85379	23.20790	24.40203
-28.84275	29.27039	18.01507
-26.17724	29.63061	22.43874
-28.69864	32.22178	20.08268
-23.71268	24.01754	14.71261
-18.87492	40.69426	20.23388
-16.23292	39.41172	18.52848
-14.73480	34.55965	20.56527
-15.35826	37.93234	13.24053
-7.08782	33.31221	21.36080
-13.54319	37.57415	9.86299
-18.16919	35.38365	10.66893
-15.09356	42.19234	11.24666
-14.14764	41.80070	5.12772
-10.90970	43.17778	11.69539
-9.73631	47.95573	11.38842
-14.24342	41.37193	11.39859
-4.24115	50.17968	13.32389
-0.51363	50.66799	4.02754
-1.01200	56.13819	-3.81907
-3.03504	53.25915	1.67147
1.53802	47.21213	-4.01725
8.38840	57.33433	-2.79148
6.77847	44.45215	-4.57766
1.64380	46.91697	-14.77787
3.82146	53.10196	-17.35505
9.40397	57.25452	-13.47111
7.89202	48.65465	-2.49991
11.28959	50.74635	-6.38373
6.99884	50.35867	5.53407
5.77321	45.34684	9.26151
3.67312	41.35407	15.96312
5.63810	43.97325	14.27312
9.10442	43.29218	22.07921
-3.90872	42.89038	26.66657
-9.67177	34.85461	19.26567
-14.36081	41.61511	22.91937
-17.84496	29.13386	29.91716
-25.78926	21.66753	27.54331
-27.06772	31.80793	32.59652
-30.61690	31.34929	26.38157
-30.10402	25.94406	33.27805
-30.04467	25.44101	25.55782
-38.85134	23.81687	33.37432
-36.66889	13.86584	28.78217
-25.23284	16.45719	31.58938
-37.13053	21.80668	30.03419
-33.95412	19.83328	25.29383
-39.86860	21.12164	30.36119
-31.68690	27.34169	21.45341
-30.81775	27.37514	24.19482
-31.09096	22.61584	24.44496
-39.29087	13.70052	21.50808
-32.10422	19.63101	19.63595
-36.35064	17.59681	19.44815
-34.86651	27.76329	18.73448
-31.50376	29.69907	17.13100
-36.17751	20.67812	19.61549
-26.75267	33.98709	15.80320
-41.19330	12.13010	22.93715
-32.41645	29.47072	17.24001
-35.08318	24.48708	21.41754
-38.62786	24.81734	18.74221
-30.63490	28.19371	12.22313
-44.31045	18.98679	15.27576
-38.79048	22.09059	19.42062
-40.75495	34.55493	17.41002
-36.31660	33.59915	17.38688
-24.56282	24.83794	14.56068
-40.63037	21.56893	20.58876
-35.57306	16.45157	24.35076
-35.82304	25.80123	14.04461
-37.95035	21.99411	24.06230
-36.18782	19.86323	16.45596
-39.38193	27.60534	19.96869
-31.16251	19.98928	17.62667
-39.51152	24.71893	16.95094
-43.17258	22.99064	14.22741
-48.00555	8.64164	19.89502
-53.20247	11.59651	17.60503
-51.35257	11.39425	11.94714
-51.70804	4.11415	6.84702
-50.59800	5.22602	-6.18380
-51.51120	-10.08584	-2.37420
-56.57002	-3.74525	0.09727
-54.78267	-4.99628	-5.29968
-46.96625	5.28555	-9.20928
-43.95788	3.33144	-14.87798
-42.31564	1.43076	-10.77357
-45.33743	-4.36815	-11.04218
-43.89984	3.59130	-18.67852
-48.54796	-5.62528	-3.64055
-49.80642	-10.93776	1.46928
-52.07362	-4.44116	-3.72641
-56.63707	-5.58290	-3.18141
-54.43211	-11.58945	9.92449
-55.85149	-2.84862	20.36939
-45.26339	3.65075	22.45365
-32.04848	22.95551	31.32406
-38.09126	20.59454	29.45399
-42.66472	20.17673	34.48874
-38.18283	19.41585	31.61519
-35.72848	14.98703	30.69258
-31.82331	26.73102	30.38471
-26.75549	21.96822	34.99246
-35.31086	24.23653	40.15932
-18.19523	23.26083	31.37838
-21.62051	27.66176	38.52431
-10.86048	31.85310	29.77796
-12.51642	42.92568	25.29084
-7.62203	40.92822	27.36350
-8.47217	41.74863	27.21157
-5.27796	36.00566	33.66190
3.90897	35.47739	44.83186
1.49496	38.54930	35.44476
6.10644	40.67484	35.58897
-3.57318	35.15374	37.50537
3.83322	33.60077	42.12324
0.21018	33.58021	44.57866
-2.79559	34.00850	42.40798
-6.20568	20.62884	38.42164
-17.17896	28.25779	45.96047
-20.68431	29.53287	44.54440
-27.54879	25.81054	44.92273
-40.40251	11.81273	30.80931
-38.40400	15.35074	30.75865
-42.84235	16.30652	30.78179
-45.76677	11.71229	27.97190
-44.78151	12.26546	23.11222
-60.13412	12.18878	29.62232
-52.58801	6.64603	17.85055
-49.70301	22.30133	0.40190
-53.88748	11.61872	-1.02775
-48.26172	14.42736	-7.64350
-56.88264	13.63478	-11.98878
-50.89240	14.22306	-14.34753
-46.94792	19.52639	-18.67767
-43.18228	16.33608	-18.11354
-45.22884	11.81428	-18.75208
-44.23458	13.94525	-16.53254
-42.19704	16.88926	-22.97322
-38.23605	8.10767	-20.11532
-33.69571	14.07148	-26.13543
-29.33109	25.09935	-38.80126
-36.80145	14.05500	-37.52473
-30.21858	10.82507	-32.07428
-29.10324	15.34315	-28.58071
-39.72367	13.31430	-21.30636
-38.91256	13.08789	-14.76441
-38.76976	16.80218	-8.77711
-42.07676	7.11264	-3.40787
-51.02431	14.40128	-1.87662
-44.64540	11.33732	6.53165
-46.75880	11.90301	5.58218
-48.69026	10.20266	8.91152
-50.57469	11.78782	24.49903
-44.22960	6.26622	23.61868
-38.71544	9.34404	28.14362
-47.99104	8.70660	18.94489
-46.30668	2.83771	31.11388
-42.13433	-1.61515	37.00429
-48.36153	4.74176	31.69937
-37.44449	0.86120	32.01773
-46.34151	2.68180	33.39423
-42.25691	11.22610	32.92759
-37.58540	-0.53838	37.40942
-37.11804	8.01137	39.01812
-32.28639	5.42547	43.66550
-38.43524	1.82085	44.90677
-38.85406	-4.66660	49.32277
-36.73496	0.18003	45.21063
-30.07323	-1.62059	50.86583
-29.01092	0.04631	44.79509
-28.68249	-6.95340	59.93365
-19.54478	3.84301	53.02105
-17.24454	-2.81326	54.52057
-24.54156	-3.85115	58.93219
-21.49525	1.28880	53.76091
-10.87002	5.64537	57.67546
-10.52447	-2.81520	64.02451
1.24173	4.33198	44.78767
-4.84219	-12.52848	68.87779
-13.61259	4.17142	54.46284
-25.33344	4.15427	57.94747
-20.84344	11.43301	47.12753
-24.45496	16.85077	44.14126
-27.39519	12.95447	46.20119
-31.74197	15.08894	44.06313
-37.96486	21.92915	25.01244
-43.32641	22.30201	24.29882
-35.73566	27.72984	15.99307
-38.80079	21.27571	16.26109
-43.00846	24.49416	7.31553
-42.48957	18.65459	11.51815
-43.71449	28.26596	9.23120
-40.17302	26.38389	4.44724
-35.42192	30.67191	3.11944
-41.67564	30.44705	-1.12916
-36.53126	25.71948	-3.06798
-39.70645	32.31631	-6.92883
-37.80372	35.42555	-0.70862
-44.06825	19.30230	-4.41616
-36.86200	35.78383	-2.71790
-34.24453	35.16026	1.01658
-42.99945	26.07195	14.39475
-42.72024	30.39692	11.45075
-37.71516	25.04569	18.63321
-39.03617	18.68445	24.00396
-38.91359	5.84319	28.08067
-40.74428	6.43900	34.01424
-37.59641	2.48728	53.46813
-34.43482	-1.08991	42.02863
-27.01241	3.58432	44.74442
-34.08156	-7.20977	59.37659
-30.64146	-10.00692	58.92980
-16.77369	-9.63663	58.03399
-21.06363	-4.48025	65.97813
-15.61081	-5.21324	56.88126
-7.41163	-10.92111	65.83252
-8.86071	-7.38698	52.91596
-11.15425	-14.55201	60.78045
-15.10925	-20.20991	64.26483
-11.71319	-24.28045	61.33295
-8.38968	-28.67582	63.15174
-17.69210	-26.35556	55.28226
-15.03669	-19.88508	59.51415
-23.24660	-28.07647	61.06702
-26.31240	-13.75816	54.55870
-28.22384	-16.90637	48.90855
-36.41903	-18.10765	52.47904
-34.91867	4.44526	33.23188
-40.62140	-4.86344	45.74023
-39.50235	-2.17376	39.78863
-45.61196	0.55277	37.60763
-44.59188	1.26186	30.46760
-47.15961	8.57115	24.15662
-42.68723	16.23224	16.79069
-38.63816	24.00245	15.58267
-36.50424	30.45287	18.16968
-40.72644	19.60134	19.21036
-45.15059	19.08327	10.63408
-41.65663	31.30092	1.46031
-46.68803	30.37599	12.61955
-41.74950	30.88514	7.54120
-36.78494	36.89756	-3.92896
-29.41916	45.47503	-8.32762
-34.09041	37.38771	-1.40556
-24.40138	39.87317	-3.51111
-28.79620	41.02385	-6.33837
-16.98949	36.80736	-6.92259
-22.76143	50.58355	-15.19415
-17.90996	50.70291	-14.57169
-20.90273	45.03392	-16.74057
-15.58041	45.71539	-7.32316
-23.58956	35.80621	-16.18740
-26.43342	35.41633	-5.09978
-31.56359	38.67005	-11.76038
-20.11484	44.70357	-8.67843
-29.07541	36.69887	-3.39437
-24.86702	48.10361	-0.46319
-23.22929	45.41403	0.10161
-15.25547	54.08879	5.91070
-7.61270	53.59126	10.81589
-14.53264	37.77089	18.83234
-2.85642	45.28120	25.08557
-0.25816	36.87862	23.26281
8.99863	43.58734	32.83983
8.56079	36.24602	34.66635
15.99762	46.37155	31.75049
18.72387	33.45992	43.53352
15.87651	29.97941	39.51257
27.18937	32.02204	34.62135
18.84576	34.00563	35.55236
29.84587	30.80446	31.96580
24.23433	26.52197	29.98214
32.53131	35.10315	22.72846
21.22037	34.60932	19.39939
26.29140	45.40335	22.43033
14.43294	32.00071	18.56665
1.89577	41.88117	16.87033
14.56855	48.45782	9.85444
2.00186	43.12482	13.75899
0.45990	46.24318	6.92332
-12.90720	48.41631	8.09942
-10.63028	47.04242	6.43762
-16.87120	41.18062	4.50459
-20.43409	43.27433	12.22456
-25.40244	40.01794	6.21840
-29.25536	35.89330	8.38733
-28.46326	34.81303	12.33981
-33.46905	25.54107	11.17173
-42.18284	24.33272	12.90734
-47.43230	18.89536	20.70616
-41.41826	21.89928	12.52662
-48.95575	21.78907	11.12447
-49.22766	16.26686	7.45493
-47.49515	16.30778	13.31782
-41.59139	18.81797	12.35928
-41.34571	22.22411	7.77594
-48.60970	14.40701	22.80903
-46.05906	25.49047	11.91494
-35.65491	13.01013	14.37294
-47.91818	10.57025	21.84349
-41.06371	15.01651	25.95490
-32.00495	23.15040	28.47365
-26.19305	30.32856	27.30857
-29.85382	30.13910	32.23432
-20.51047	28.77364	25.49349
-22.90526	39.62456	21.66362
-17.67633	31.42627	26.54489
-11.40108	36.36550	20.86207
3.61377	41.85712	23.68335
5.96654	36.97354	29.41169
8.50396	33.22411	24.58415
11.15466	39.36602	27.59022
21.75378	42.83973	13.61576
20.06489	38.37329	29.18328
36.70547	44.97088	20.99858
21.75698	44.39154	21.07506
34.40603	35.78073	19.27998
38.13705	39.35965	25.09220
38.21091	38.92157	16.42184
32.76047	24.58404	29.02933
27.74128	26.02280	35.12780
22.54184	14.03889	37.43637
23.44902	15.78007	45.35673
20.69194	14.24117	43.09425
17.26474	9.70782	53.17896
19.65735	13.46710	51.18442
11.33957	14.02882	42.75587
8.52444	12.23005	44.29393
6.94224	11.31898	52.44950
1.60251	10.55957	44.17221
2.72186	14.78806	45.86988
1.41487	7.41329	44.95500
-4.26971	23.11809	38.63191
-6.09509	22.66139	38.84991
-14.40486	26.33671	29.47038
-16.82190	17.85006	41.58632
-19.03086	24.14621	30.27631
-21.47670	29.07433	32.94264
-30.35821	22.03861	36.11767
-38.21955	16.94521	22.51656
-40.44604	11.61784	33.65972
-39.58009	10.09948	28.94183
-38.18603	17.86404	24.15590
-32.41927	17.45185	36.42926
-27.63916	21.86980	33.20119
-36.78077	12.59620	32.27358
-38.74896	8.42521	26.50429
-39.51204	9.63541	20.65154
-33.02372	21.67840	31.69399
-40.26160	13.21231	25.41763
-35.85357	12.88951	31.21445
-28.58537	20.72262	31.67085
-29.92109	14.75674	40.30552
-16.34082	23.84746	29.26011
-21.01035	21.46206	32.91645
-22.39389	28.05708	29.51203
-8.15594	31.61932	27.81162
-7.12265	33.15628	23.64115
-9.71211	36.21152	29.57537
1.04563	42.70158	16.71840
6.95629	38.31561	28.09162
13.70508	36.90479	28.04601
27.34050	46.24237	13.39003
19.41240	41.61605	23.75880
22.96869	33.95229	20.39245
33.27138	47.33369	18.75152
23.84984	37.57567	39.98615
25.08179	39.23326	18.97417
23.44223	27.60224	26.02967
27.19908	29.75929	22.48232
26.61844	37.16742	31.52541
24.71348	20.65822	37.55305
25.24310	28.71790	31.25154
22.76973	32.29286	29.58468
23.96542	23.01188	36.08567
20.56486	26.29353	35.47795
18.48499	27.77804	36.16782
24.45648	18.73892	50.54582
28.65397	26.25114	35.01881
17.84120	31.05978	30.17329
17.29308	23.22472	39.22082
9.65632	30.67339	36.90330
5.59726	30.24665	28.28342
10.38158	41.30015	26.22722
1.91799	44.28684	26.91910
-18.37235	34.47413	23.97083
-22.86202	38.28064	11.16394
-28.31364	36.25158	6.37806
-31.82349	36.73776	1.42238
-27.07240	41.02578	0.09458
-34.34510	32.40377	-3.90144
-18.88422	37.57764	5.50539
-31.73642	37.12755	-4.27844
-30.20607	33.95723	3.31739
-27.21651	38.07440	-1.97303
-31.09975	34.58274	6.01586
-36.89233	36.41681	3.10206
-31.26838	32.29032	9.38813
-37.10449	33.92950	9.32474
-35.04715	21.88095	5.25445
-32.26133	29.39644	3.24890
-41.05668	26.28547	2.65597
-38.41019	25.79182	4.49017
-41.28186	22.50996	3.59532
-39.72118	18.70665	5.37118
-47.65646	26.82314	1.04044
-42.93140	25.60789	6.10446
-29.53457	31.56833	11.33133
-28.55903	34.38426	18.61068
-23.11222	34.08560	12.20767
-21.79062	36.13900	16.85394
-17.93321	41.05254	18.22461
-13.37027	27.11077	21.38021
-17.25671	22.06730	21.90981
-5.73881	28.10008	34.69484
-10.45638	24.73089	37.66198
-4.60095	32.10394	33.64649
2.78213	28.44788	29.82150
0.30275	32.45717	30.84849
-3.25094	24.59009	35.41157
1.43640	23.20593	42.94592
9.18946	23.20214	40.63010
7.71334	23.53473	45.67432
13.00885	26.40795	36.82182
14.15271	29.97747	33.07962
12.71512	22.01802	40.71596
9.37260	25.55952	36.30769
13.55075	21.13264	41.81803
18.80744	30.75909	22.72413
28.26068	35.26674	35.62982
32.24208	31.50211	30.16221
25.80531	23.53354	34.91753
21.04821	19.67986	38.93919
23.69273	33.33609	32.63522
23.60116	32.15740	34.79642
18.77871	32.16798	32.27368
26.56010	35.36874	27.67668
23.36547	28.02733	34.89001
20.41074	24.06608	37.90008
15.87651	29.97941	39.51257
21.13578	21.14815	38.57388
12.03811	25.91974	40.73137
12.17772	28.08223	39.25937
16.95333	31.71128	32.49168
13.21521	28.86927	30.97922
14.68461	25.42610	42.56557
18.42745	42.60169	36.26776
13.23452	31.26196	41.21798
14.37108	36.02872	44.08931
16.97685	33.35404	38.62077
8.37765	33.88864	38.98876
5.54952	30.80167	35.24350
8.21503	31.16189	39.66718
2.65733	27.88918	37.99264
4.93906	35.46256	33.20208
0.01533	29.17172	39.69805
4.10763	35.59802	27.99035
-3.17418	24.16500	26.55122
0.20268	30.77918	31.26597
-4.72585	29.54610	31.85458
-4.37558	35.41913	30.39336
1.48015	36.94552	28.74562
-5.18669	35.64554	23.85141
-3.51513	35.41360	33.70483
-6.35958	31.94608	29.49389
-4.11407	38.12732	20.94020
-2.62924	48.91198	23.24825
-3.07759	41.21609	24.22903
0.04457	42.84635	26.44790
5.19277	52.29465	15.99082
-6.54390	41.89718	16.42293
0.74740	37.52275	17.07292
1.16623	44.01020	12.65692
1.38289	47.28641	9.97385
5.91782	49.37672	16.66462
6.81600	49.54010	17.50576
18.24834	49.50114	7.51816
18.03617	47.01383	13.74084
22.35973	37.38995	12.11757
26.31272	43.19257	9.53115
31.16388	35.15357	16.82197
34.95794	29.78149	19.78643
36.48711	38.91963	9.98889
37.69151	29.67763	15.91982
36.57666	26.23804	17.76175
35.63815	27.43157	27.23032
38.15156	39.42462	24.14207
31.10453	35.65662	24.54220
26.05299	12.78980	38.47237
26.68898	23.63196	36.70881
26.97468	14.59595	45.44259
18.97885	21.51894	40.47482
16.61705	15.27830	58.94337
17.26474	9.70782	53.17896
15.02705	17.41285	51.41850
2.94904	18.41883	44.03257
6.65983	5.44221	47.93420
-1.41157	7.10136	54.90251
1.06111	16.91337	44.51151
-6.77063	-2.67028	50.70409
-7.28951	3.16929	46.50148
-2.81192	19.62293	50.97841
-0.85584	15.27799	46.89071
-4.36380	7.00062	45.39168
-7.39438	17.62733	48.93394
-1.67326	14.39991	35.39334
-10.92354	15.72082	33.73950
-13.63148	25.94139	38.48265
-11.60475	20.37247	37.86457
-16.60103	20.37635	34.79358
-12.00284	27.06034	27.28670
-9.90396	33.81516	34.46783
-17.50319	34.50758	26.71223
-8.25870	43.47303	17.06921
-2.15359	39.95760	15.71059
-10.87617	44.09661	13.33473
2.47923	50.95063	10.87794
-1.24540	39.39705	12.06198
8.90208	50.08768	-5.15019
15.44872	45.46561	-3.46287
19.63238	39.52589	-5.98189
23.76132	57.50196	-10.63179
25.12354	48.65900	-16.56816
22.35225	48.59394	-10.23122
31.43059	34.81012	-8.30983
33.34745	41.83184	-15.37056
43.55547	39.71094	-22.90959
43.96226	33.06204	-12.90178
50.50201	35.33612	-23.54622
49.48644	35.41592	-12.86658
46.13720	24.76857	-8.56661
51.41538	22.17750	-11.59735
50.26281	18.56900	-7.28509
53.35654	14.99556	-12.74808
53.44661	17.39748	-8.67582
57.41990	9.28604	-3.55635
54.43636	18.73955	-9.99589
56.35361	21.91376	-4.72582
53.66677	23.76431	3.74969
58.19800	23.22432	-2.35435
47.58077	22.74727	12.37930
51.61103	29.20330	6.26804
49.80016	28.81157	5.53590
48.89827	30.47660	14.13994
39.03952	22.30852	18.58286
41.00901	25.71660	20.43247
37.48935	26.46639	17.65275
34.83284	27.68397	20.30830
38.37172	27.32772	23.36371
36.87039	30.62798	13.86762
34.42374	37.39750	25.78914
28.98223	29.25818	21.19504
28.82680	27.79364	27.53686
29.13984	34.57625	33.88148
19.19072	22.46743	26.60286
25.65742	34.41646	23.29593
15.65505	24.37549	31.00675
7.71516	37.85533	38.05403
8.35013	32.53548	34.65557
7.97056	38.99872	21.33167
10.31583	38.69958	19.02885
3.18043	35.30470	29.04948
-9.42288	39.81255	22.14162
-0.00797	41.07365	22.21908
-8.33576	42.35931	18.28027
-6.08487	35.48215	23.01028
-9.37354	40.03344	18.91114
-1.67874	32.84464	17.42811
-1.88888	44.21761	13.71672
-4.67049	43.33767	16.89413
3.92331	45.54911	14.91939
-1.56593	48.27715	5.60854
-2.83089	42.32051	8.07672
11.97009	49.93525	8.70944
7.46798	45.21885	17.59473
0.42667	46.86317	12.93326
3.11572	58.41257	-7.79009
3.24150	47.12312	3.74591
-1.47356	47.61443	-5.80785
-8.15359	56.56484	-5.74928
-7.37050	53.90677	-8.87602
-3.88867	50.98893	-13.58903
-7.79013	44.80201	-17.44480
-1.31974	48.30307	-15.87927
4.68161	51.55762	-21.69286
4.20356	57.11877	-30.86969
3.08421	52.89029	-32.56736
3.58880	60.53044	-38.76449
5.64314	50.92835	-30.36785
-2.13404	46.97767	-29.88051
5.00566	55.31457	-31.40696
3.49622	61.65348	-25.03432
9.71322	59.40770	-29.88435
3.15446	56.27975	-21.82939
-9.66873	55.95958	-33.51348
-4.18358	58.90747	-27.08826
-4.77234	50.89051	-15.38030
-11.63622	49.47990	-19.30258
-11.48080	50.94444	-25.64440
-12.45604	49.66733	-25.27447
-9.19618	51.91125	-16.30730
-17.07434	49.81753	-13.46962
-12.68852	47.08906	-17.72158
-18.85588	51.09455	-8.45275
-17.24267	49.06393	-2.44807
-16.73479	41.79130	-4.42671
-16.55165	44.14868	-8.74912
-18.52664	42.25343	-2.56937
-20.33832	43.70310	5.95369
-18.35431	47.17615	6.85316
-18.95678	37.25282	10.25607
-9.27975	54.61209	4.50209
-20.91176	33.90971	7.45632
-27.61732	34.74254	16.60141
-22.41338	47.51534	17.83245
-21.90121	34.10645	16.42567
-23.34310	32.28325	23.49015
-25.45018	40.57296	13.17847
-14.81186	33.44593	21.77634
-25.28386	27.46628	12.09099
-25.17298	31.03765	20.16854
-17.42613	35.62131	25.50116
-15.50788	36.49379	19.20227
-19.72557	26.43116	23.78256
-15.21016	26.58910	22.54835
-22.11018	33.17094	30.10765
-10.08740	29.91896	31.14096
-15.88998	32.47697	32.71691
-16.60073	21.91517	42.44286
-5.08183	25.64622	43.65892
-6.13092	24.80720	52.69923
5.19774	26.15188	42.93818
8.41689	32.83432	30.28497
17.42268	26.11114	42.23857
15.37163	20.80044	38.06041
19.37866	27.15253	33.46935
11.78341	20.93580	38.23549
18.45146	26.85921	34.52848
14.81521	26.01078	34.01435
24.99290	24.52286	32.29528
25.14753	41.83382	26.17253
29.66243	26.90826	28.63893
22.93134	18.85760	27.27137
31.67895	22.52360	34.82437
32.35566	17.08306	27.15969
36.52181	27.52999	29.02159
36.49829	25.88723	22.89251
39.20933	12.29246	32.60395
42.73130	19.55630	27.81735
44.50864	19.02920	26.91015
40.60019	18.50521	20.35872
52.25931	26.71046	15.80218
45.99506	12.12603	19.74392
51.79115	20.00213	23.44866
53.98031	31.62542	15.42981
56.56376	29.00452	12.18944
48.26228	19.63445	15.90350
43.34507	27.99279	16.00501
48.87926	29.62274	11.55046
45.06387	26.12733	13.56285
46.79318	24.61644	11.96644
43.51871	27.69387	-0.73212
46.49166	34.35040	8.10247
44.96001	38.28364	4.42634
47.79416	40.93627	5.47775
34.01194	42.17900	6.90621
33.29720	45.91182	9.39195
37.28921	37.11543	9.45162
28.65249	37.02080	9.97616
23.44956	40.41001	10.38002
20.11123	36.58205	16.17971
16.04216	44.26472	17.33112
17.59383	38.88361	12.02776
8.40970	45.57713	15.58545
-5.56867	43.17429	16.05300
-7.26925	43.27629	8.09986
-9.44288	50.80684	-0.15499
-15.01549	41.00434	-1.53337
-19.50319	41.73923	1.72025
-20.04711	33.15426	6.65812
-27.54056	34.31744	7.74106
-26.53630	35.72448	5.47086
-39.21329	29.89775	16.59641
-36.84601	25.07914	21.37461
-31.97492	20.97861	15.00442
-38.73394	23.57368	21.85355
-33.36318	13.24003	19.41027
-42.95643	11.18334	15.24494
-34.68619	7.02353	25.67899
-43.73174	-0.28248	26.12979
-43.86684	-1.65607	31.14140
-41.22935	-3.72751	25.89638
-32.47883	-0.04852	33.25940
-35.63573	-7.22102	38.00241
-24.62031	-7.73991	46.45050
-19.84170	-2.09873	49.45589
-9.75889	-7.55036	52.07483
-7.09788	-7.97904	52.95889
-5.31503	-10.01897	44.02233
-2.62700	0.90528	51.82642
4.91099	-8.98428	50.64174
9.20414	-5.20338	55.43843
11.38579	0.69201	51.06536
-1.21313	-6.32271	49.41088
8.30276	-6.91857	47.13800
13.02231	-17.69925	52.30904
19.96188	1.28668	42.58146
20.84104	0.59620	40.83311
11.97253	-5.15131	49.29147
26.36972	3.73899	44.40792
30.54908	3.93553	41.31705
38.68622	4.87694	41.54710
35.02065	2.35976	35.28397
36.95212	4.06011	31.95463
36.92339	5.46900	41.50417
39.90715	9.56019	36.59383
38.80703	19.73026	26.13575
40.74300	22.21951	26.34602
47.20317	19.51935	29.43355
42.10913	22.16607	16.57292
35.77456	28.04224	18.29903
50.07567	34.96495	12.03707
26.89084	25.30439	27.32660
38.22210	25.88917	29.32545
37.78758	31.64522	17.29823
35.23265	33.31755	13.30282
43.84096	35.59396	10.37794
28.32974	32.50093	15.77057
33.87583	43.10714	23.48679
25.03695	39.80127	25.74426
24.33743	39.75851	8.06162
21.91110	46.61899	18.65293
14.13972	42.69429	18.76019
14.72768	52.55265	16.30742
9.30788	45.74051	16.42659
9.25984	44.75671	15.73739
7.55505	45.60864	11.89391
-1.09809	43.90025	21.58889
-0.98070	43.65706	10.06811
3.62760	55.30906	10.67535
-0.65244	46.66409	-3.75565
-10.84715	44.22654	11.43446
-15.59394	33.80227	13.33412
-14.62650	49.20327	5.20609
-8.71333	48.67781	4.05841
-15.04582	41.63732	4.28658
-19.70152	52.70385	-5.06507
-15.78857	42.93847	-2.89637
-12.00221	46.30395	-3.00848
-16.76512	42.42427	1.39325
-10.18563	52.10800	-7.33795
-15.82210	42.01965	-4.53571
-17.28069	47.35620	-7.62702
-16.42605	47.32469	-3.93548
-11.89613	47.54760	-6.11982
-5.12432	46.70104	-5.37185
-13.61092	49.12346	-5.47355
-6.58741	51.24871	-12.00277
-4.20162	46.20546	-9.97060
-7.81465	45.46097	-12.00492
-7.50010	51.02036	-11.89377
1.63960	47.66689	-10.66820
-4.78655	52.36436	-6.78089
-10.76909	43.03854	-1.34557
-9.70228	45.49434	-3.87671
-11.76783	51.19693	0.81761
-3.08307	52.27535	0.98227
-6.90696	48.28065	1.25094
-6.62775	52.60562	-1.69307
-13.97821	46.71043	14.74023
-14.36851	39.27441	11.92046
-5.84566	52.24928	6.74915
-9.65504	48.31953	6.06768
-9.10914	42.75463	9.26799
-9.88672	43.89986	4.36539
-10.98676	42.06406	12.90646
-14.08880	44.67788	14.31196
-11.90294	49.82335	5.82922
-11.41008	34.78770	13.78285
-12.30775	42.32236	3.95958
-9.57798	49.43326	4.85661
-18.63723	40.22087	-2.99764
-18.79135	37.99342	-0.57551
-29.08672	38.18572	5.01506
-27.02886	41.22068	-2.75583
-34.97407	37.28929	-3.19683
-33.40820	23.81479	-2.78197
-40.90706	27.72402	-3.30577
-40.88835	27.03907	-8.36558
-37.02542	30.43977	-15.02426
-46.70504	24.91867	-13.10785
-46.24419	18.81923	-5.10469
-42.76627	24.80967	-12.37639
-44.91840	20.12271	-4.56809
-47.05531	19.04564	-11.64664
-47.84610	19.36300	-19.51880
-48.95644	16.71231	-14.13726
-53.63498	12.74912	-17.56013
-50.89240	14.22306	-14.34753
-49.23015	10.87451	-19.22261
-42.39469	14.46691	-17.70068
-49.64047	4.88636	-13.06290
-44.14331	13.58512	-26.34302
-40.74324	9.22498	-31.07080
-42.00771	4.34684	-23.26712
-42.92490	3.32959	-26.69773
-44.67191	3.22371	-31.61048
-40.06493	4.56035	-35.00589
-31.38466	4.84987	-38.38085
-30.68894	0.26320	-43.45606
-28.86777	1.46981	-39.56439
-27.21982	-2.40402	-45.80312
-20.90775	6.23906	-52.02341
-14.70656	4.69122	-52.00362
-6.66849	9.03838	-57.64351
-10.20866	10.15754	-56.77924
-1.83032	13.71620	-64.67213
-8.45085	-6.30693	-56.57531
-8.93701	2.29288	-49.88340
-3.83565	12.45393	-52.67242
-8.46484	8.71162	-59.32578
2.87472	13.94881	-50.62862
-7.12614	2.68461	-49.15127
-4.35403	19.37200	-51.53954
0.20921	13.58859	-55.05229
-6.61725	11.57399	-49.49501
-4.52267	17.07958	-48.16726
-7.46739	12.39440	-49.64694
-13.42409	12.72495	-45.64886
-8.82541	20.48744	-47.82023
2.07292	17.29183	-42.44207
4.90256	19.15557	-44.93027
0.69108	22.20330	-54.39372
11.26377	24.78718	-54.70800
4.76265	15.45427	-51.10755
5.38413	26.23146	-51.92098
10.86796	18.86399	-49.49841
7.90331	10.24034	-37.31707
2.04389	17.16190	-40.54179
10.60157	30.29268	-47.99345
14.22079	16.13737	-41.93061
16.95886	16.82242	-42.25761
20.59763	32.60962	-46.34205
19.42023	28.12127	-44.23918
20.44220	31.14508	-40.00023
24.11708	24.93468	-46.53009
29.78006	31.29246	-38.71170
27.77234	26.63697	-43.42648
25.10603	28.11816	-38.59496
29.68529	28.56196	-44.00979
27.63593	26.02630	-34.49518
36.06279	20.56898	-44.28570
25.34301	31.48532	-42.60825
32.58837	24.28870	-36.22306
25.90343	25.98538	-40.35807
31.23095	23.61519	-46.61930
34.09583	32.09967	-50.73387
28.38230	20.89759	-46.72057
35.89668	33.21534	-45.51199
33.81981	29.32652	-40.33057
30.37080	25.15954	-42.28148
26.73257	38.46099	-50.93379
26.88669	40.68844	-53.35593
12.99788	25.60400	-45.11552
13.07494	26.71773	-46.32658
12.76842	34.58429	-59.06566
8.60357	34.45272	-56.92492
-3.85735	29.59049	-44.18182
7.37844	30.51939	-47.86198
-4.23294	21.75912	-50.26551
-7.74409	23.00821	-51.30151
-10.06334	28.81061	-55.39050
-16.05608	13.28356	-48.43319
-21.17514	19.96948	-38.94947
-23.79371	28.28111	-35.79651
-27.26734	30.15943	-36.98906
-36.21951	24.34770	-37.28365
-29.00665	32.39426	-30.90290
-38.10743	22.84224	-36.80471
-33.27238	21.34784	-27.01182
-38.01838	27.54589	-21.16349
-36.59811	23.42150	-8.66044
-35.38319	28.53909	-10.91985
-37.54381	37.35784	-13.89138
-38.13126	28.57797	-6.10311
-28.16722	36.13833	-7.04298
-36.28788	32.19026	7.83733
-26.04243	29.46538	9.77786
-33.08926	32.62252	13.14574
-27.62733	35.46646	21.09115
-18.55549	32.11675	28.29323
-15.88317	30.20123	20.76787
-22.53069	23.90845	20.83088
-7.12585	31.60448	16.18185
-5.45139	31.38553	25.84528
-0.60843	31.00559	24.72403
10.91477	35.98587	31.79348
2.78693	30.77559	41.01039
6.84150	37.03298	31.77301
3.93480	34.05552	35.47229
7.24001	43.42948	28.68723
6.52446	30.53997	27.22429
13.67606	36.77485	29.94628
3.69511	30.21505	37.36177
7.68133	35.39768	28.76542
4.15117	35.79291	25.13994
10.35255	41.17022	28.12749
9.99328	33.71940	22.50948
-1.76711	33.21775	27.04862
7.11491	41.33196	29.20909
-3.35681	36.89113	27.17302
8.76716	38.70735	28.82375
5.00131	34.97250	25.29188
2.07589	32.67999	34.05095
3.30103	36.61332	24.98801
-4.46685	35.77925	40.20385
2.01355	31.17091	31.99811
-3.55416	36.00761	40.09484
0.27403	33.86606	40.39804
-7.11335	36.27290	38.36964
-3.47740	35.58251	31.23450
-8.29104	30.24573	32.82323
-8.58275	39.71608	26.78330
-11.18173	26.11000	29.33891
-10.48519	38.14566	28.21237
-11.69611	32.73847	28.67590
-9.80368	35.03283	31.73657
-8.83265	37.05986	35.47631
-14.98629	31.12752	25.52869
-23.40215	34.32511	38.85966
-21.68306	26.61300	38.78524
-17.67153	33.75399	37.73378
-20.91428	23.42965	34.29485
-25.06942	21.80125	43.89574
-21.08712	21.88715	41.77680
-16.47563	24.01269	41.92100
-20.25149	21.00177	42.87886
-30.34790	22.85350	39.27720
-28.32239	12.66116	47.26033
-25.77327	10.96284	51.63581
-21.80417	10.22087	46.54732
-19.83148	15.18075	55.85623
-27.81880	22.60304	52.63218
-8.64483	11.73565	50.45198
-7.45243	17.36746	52.73448
-12.77445	18.22482	50.96635
-17.90452	16.09221	48.98728
-10.11344	17.79614	51.85041
-10.32959	29.60345	50.83288
-15.28225	17.79635	63.91064
-17.74140	19.89745	53.64436
-8.03285	38.32029	50.42769
-14.91146	23.30001	58.80544
-15.08039	19.46877	54.52843
-5.12787	28.97629	64.31176
-14.96500	23.82904	66.14559
-17.30927	29.21192	62.16097
-8.51392	32.32290	62.75390
-16.70612	25.74828	70.81593
-21.02388	28.01267	66.77759
-10.16617	34.94751	63.13924
-15.56225	29.31780	67.07372
-4.11591	32.72403	73.04047
-10.63884	27.45028	67.24612
-8.12594	24.35982	67.85846
-2.09737	34.81417	64.01031
-15.56225	29.31780	67.07372
-16.66259	25.94318	67.96552
-14.71211	28.49739	67.22565
-10.35062	33.35304	71.38133
-6.65952	32.90952	60.63563
-9.74786	26.35145	62.42384
-4.15713	29.46450	60.40222
-10.91023	37.01157	59.87597
-11.53701	27.28689	66.40498
-15.35879	31.76614	61.42110
-6.30056	24.81651	67.64046
-5.96800	29.07276	59.67009
-7.69761	29.04484	53.61721
-7.71212	28.97987	54.56735
-5.40108	24.21698	64.56190
-6.27023	24.18353	61.82050
-10.97329	20.87931	63.83751
-6.32277	22.41084	57.59169
-17.02606	19.24228	66.45718
-3.90724	32.12072	51.70921
-8.44137	32.64772	58.00322
-7.08715	24.38395	55.65863
-12.53847	23.89371	58.52203
0.95904	33.84386	59.03082
-6.47239	20.97229	63.55344
-0.47255	25.45007	63.97330
-19.32229	25.60894	63.16177
-5.51297	22.94734	68.05332
-10.34831	30.28840	55.89268
-8.54926	17.08346	68.73485
-8.11143	24.42478	66.90833
-4.62930	23.04576	69.84459
-7.49065	34.58380	63.07317
-3.36184	29.93603	71.81399
-11.50218	27.44281	64.12463
-3.33451	27.29092	56.22096
-9.92099	23.27014	62.25650
-8.29907	21.27850	67.69112
-8.26424	21.43442	65.41077
-10.69407	25.20427	60.89351
-2.54241	26.21065	60.17344
-5.76636	17.20049	61.63776
-10.51244	28.78489	62.80457
-6.83716	29.03931	56.92868
-4.27873	30.45761	76.03266
-3.45510	25.98230	60.28243
-4.69054	21.23409	66.18584
-7.77887	28.68103	58.93795
-9.41210	32.15951	61.91277
-10.60401	27.60619	64.96577
-8.96027	24.48228	62.83671
-4.77341	20.09438	67.77699
-12.43069	27.91241	69.10345
-4.28623	27.65658	62.71998
-10.15347	20.69187	69.80940
-7.76487	13.66249	61.68842
-0.34746	27.54758	63.45144
-5.38657	24.28195	63.61177
-7.64927	31.56745	61.95570
-8.23552	20.02553	55.86123
-8.93575	23.82331	57.39683
-9.55171	29.99703	63.38476
-5.45042	23.99610	67.79239
-9.14791	21.33600	63.61951
-8.89772	25.53104	62.57578