55.652447;12.574720;55.652447;12.574720;0.00;0.00;50.00;50.00;47.18;12;-0.679741;0.733452;0.733452;0.679741;0.000000;0.000000;2.711438;-0.011440;
55.652447;12.574720;55.652447;12.574720;0.00;0.00;50.00;50.00;46.24;12;-0.691628;0.722254;0.722254;0.691628;0.000000;0.000000;2.713578;-0.011821;
55.652447;12.574720;55.652447;12.574721;0.00;0.00;50.00;50.00;45.15;12;-0.705263;0.708945;0.708945;0.705263;0.000000;0.000000;2.758464;-0.003555;
55.652447;12.574720;55.652447;12.574721;0.00;0.00;50.00;50.00;46.76;12;-0.685076;0.728472;0.728472;0.685076;0.000000;0.000000;2.796856;0.018748;
55.652447;12.574720;55.652447;12.574721;0.00;0.00;50.00;50.00;45.49;12;-0.701060;0.713103;0.713103;0.701060;0.000000;0.000000;2.801650;-0.007232;
55.652447;12.574720;55.652447;12.574722;0.00;0.00;50.00;50.00;47.80;12;-0.671670;0.740850;0.740850;0.671670;0.000000;0.000000;2.825684;0.002781;
55.652447;12.574720;55.652443;12.574722;0.00;0.00;50.00;50.00;47.87;12;-0.670861;0.741583;0.741583;0.670861;0.000000;0.000000;2.805974;0.009067;
55.652447;12.574720;55.652443;12.574722;0.00;0.00;50.00;50.00;50.32;12;-0.638484;0.769635;0.769635;0.638484;0.000000;0.000000;2.871382;0.004851;
55.652447;12.574720;55.652443;12.574723;0.00;0.00;50.00;50.00;46.71;12;-0.685701;0.727883;0.727883;0.685701;0.000000;0.000000;2.853167;0.022079;
55.652447;12.574720;55.652443;12.574723;0.00;0.00;50.00;50.00;47.68;12;-0.673216;0.739446;0.739446;0.673216;0.000000;0.000000;2.853622;0.034007;
55.652447;12.574720;55.652443;12.574723;0.00;0.00;50.00;50.00;48.53;12;-0.662266;0.749269;0.749269;0.662266;0.000000;0.000000;2.867347;0.023153;
55.652447;12.574720;55.652443;12.574723;0.00;0.00;50.00;50.00;48.47;12;-0.663065;0.748562;0.748562;0.663065;0.000000;0.000000;2.850372;0.031160;
55.652447;12.574720;55.652443;12.574724;0.00;0.00;50.00;50.00;46.41;12;-0.689486;0.724299;0.724299;0.689486;0.000000;0.000000;2.839201;0.018767;
55.652447;12.574720;55.652443;12.574724;0.00;0.00;50.00;50.00;47.82;12;-0.671419;0.741078;0.741078;0.671419;0.000000;0.000000;2.812413;0.032467;
55.652447;12.574720;55.652443;12.574724;0.00;0.00;50.00;50.00;48.61;12;-0.661156;0.750248;0.750248;0.661156;0.000000;0.000000;2.840825;0.017779;
55.652447;12.574720;55.652439;12.574724;0.00;0.00;50.00;50.00;46.26;12;-0.691450;0.722425;0.722425;0.691450;0.000000;0.000000;2.833109;0.001511;
55.652447;12.574720;55.652439;12.574725;0.00;0.00;50.00;50.00;47.73;12;-0.672618;0.739990;0.739990;0.672618;0.000000;0.000000;2.830743;0.001749;
55.652447;12.574720;55.652439;12.574725;0.00;0.00;50.00;50.00;46.68;12;-0.686120;0.727488;0.727488;0.686120;0.000000;0.000000;2.859201;-0.013485;
55.652447;12.574720;55.652439;12.574725;0.00;0.00;50.00;50.00;46.14;12;-0.692840;0.721091;0.721091;0.692840;0.000000;0.000000;2.853607;0.015951;
55.652447;12.574720;55.652439;12.574726;0.00;0.00;50.00;50.00;46.29;12;-0.691039;0.722817;0.722817;0.691039;0.000000;0.000000;2.846910;0.029166;
55.652447;12.574720;55.652439;12.574726;0.00;0.00;50.00;50.00;47.60;12;-0.674319;0.738440;0.738440;0.674319;0.000000;0.000000;2.874860;0.022387;
55.652447;12.574720;55.652439;12.574726;0.00;0.00;50.00;50.00;47.12;12;-0.680463;0.732782;0.732782;0.680463;0.000000;0.000000;2.847186;0.003028;
55.652447;12.574720;55.652439;12.574726;0.00;0.00;50.00;50.00;47.92;12;-0.670107;0.742265;0.742265;0.670107;0.000000;0.000000;2.854170;-0.011170;
55.652447;12.574720;55.652439;12.574727;0.00;0.00;50.00;50.00;46.87;12;-0.683619;0.729839;0.729839;0.683619;0.000000;0.000000;2.833703;-0.020744;
55.652447;12.574720;55.652439;12.574727;0.00;0.00;50.00;50.00;47.24;12;-0.678869;0.734259;0.734259;0.678869;0.000000;0.000000;2.822074;-0.005960;
55.652447;12.574720;55.652435;12.574727;0.00;0.00;50.00;50.00;44.91;12;-0.708186;0.706026;0.706026;0.708186;0.000000;0.000000;2.833094;-0.003090;
55.652447;12.574720;55.652435;12.574727;0.00;0.00;50.00;50.00;44.85;12;-0.708935;0.705274;0.705274;0.708935;0.000000;0.000000;2.821234;-0.019247;
55.652447;12.574720;55.652435;12.574727;0.00;0.00;50.00;50.00;46.75;12;-0.685187;0.728368;0.728368;0.685187;0.000000;0.000000;2.822571;0.005433;
55.652447;12.574720;55.652435;12.574728;0.00;0.00;50.00;50.00;47.49;12;-0.675760;0.737122;0.737122;0.675760;0.000000;0.000000;2.828683;0.009624;
55.652447;12.574720;55.652435;12.574728;0.00;0.00;50.00;50.00;47.17;12;-0.679796;0.733401;0.733401;0.679796;0.000000;0.000000;2.836342;0.006336;
55.652447;12.574720;55.652435;12.574728;0.00;0.00;50.00;50.00;46.91;12;-0.683119;0.730307;0.730307;0.683119;0.000000;0.000000;2.844106;0.007730;
55.652447;12.574720;55.652435;12.574729;0.00;0.00;50.00;50.00;46.80;12;-0.684513;0.729001;0.729001;0.684513;0.000000;0.000000;2.850364;0.002203;
55.652447;12.574720;55.652435;12.574729;0.00;0.00;50.00;50.00;47.81;12;-0.671630;0.740886;0.740886;0.671630;0.000000;0.000000;2.855515;0.011428;
55.652447;12.574720;55.652435;12.574729;0.00;0.00;50.00;50.00;47.34;12;-0.677627;0.735406;0.735406;0.677627;0.000000;0.000000;2.854674;0.000594;
55.652447;12.574720;55.652435;12.574729;0.00;0.00;50.00;50.00;45.86;12;-0.696401;0.717653;0.717653;0.696401;0.000000;0.000000;2.839312;0.008332;
55.652447;12.574720;55.652435;12.574729;0.00;0.00;50.00;50.00;48.80;12;-0.658753;0.752360;0.752360;0.658753;0.000000;0.000000;2.831909;0.025685;
55.652447;12.574720;55.652435;12.574729;0.00;0.00;50.00;50.00;50.02;12;-0.642514;0.766274;0.766274;0.642514;0.000000;0.000000;2.831912;0.012903;
55.652447;12.574720;55.652435;12.574730;0.00;0.00;50.00;50.00;48.51;12;-0.662480;0.749080;0.749080;0.662480;0.000000;0.000000;2.828665;0.000083;
55.652447;12.574720;55.652435;12.574730;0.00;0.00;50.00;50.00;46.79;12;-0.684632;0.728889;0.728889;0.684632;0.000000;0.000000;2.851985;0.007846;
55.652447;12.574720;55.652431;12.574730;0.00;0.00;50.00;50.00;50.13;12;-0.641109;0.767450;0.767450;0.641109;0.000000;0.000000;2.836946;0.037949;
55.652447;12.574720;55.652431;12.574730;0.00;0.00;50.00;50.00;48.08;12;-0.668150;0.744027;0.744027;0.668150;0.000000;0.000000;2.845436;0.032205;
55.652447;12.574720;55.652431;12.574730;0.00;0.00;50.00;50.00;44.54;12;-0.712757;0.701412;0.701412;0.712757;0.000000;0.000000;2.845910;0.022755;
55.652447;12.574720;55.652431;12.574730;0.00;0.00;50.00;50.00;48.55;12;-0.661913;0.749581;0.749581;0.661913;0.000000;0.000000;2.848005;0.033946;
55.652447;12.574720;55.652431;12.574731;0.00;0.00;50.00;50.00;49.61;12;-0.647928;0.761701;0.761701;0.647928;0.000000;0.000000;2.834419;0.011165;
55.652447;12.574720;55.652431;12.574731;0.00;0.00;50.00;50.00;47.93;12;-0.670036;0.742328;0.742328;0.670036;0.000000;0.000000;2.840376;0.014975;
55.652447;12.574720;55.652431;12.574731;0.00;0.00;50.00;50.00;47.53;12;-0.675154;0.737676;0.737676;0.675154;0.000000;0.000000;2.822331;0.001191;
55.652447;12.574720;55.652431;12.574731;0.00;0.00;50.00;50.00;50.66;12;-0.633870;0.773440;0.773440;0.633870;0.000000;0.000000;2.818048;0.028664;
55.652447;12.574720;55.652431;12.574731;0.00;0.00;50.00;50.00;47.90;12;-0.670470;0.741936;0.741936;0.670470;0.000000;0.000000;2.839514;0.016343;
55.652447;12.574720;55.652431;12.574731;0.00;0.00;50.00;50.00;48.26;12;-0.665712;0.746209;0.746209;0.665712;0.000000;0.000000;2.849193;-0.003764;
55.652447;12.574720;55.652431;12.574731;0.00;0.00;50.00;50.00;48.30;12;-0.665267;0.746606;0.746606;0.665267;0.000000;0.000000;2.847208;0.019691;
55.652447;12.574720;55.652431;12.574732;0.00;0.00;50.00;50.00;49.98;12;-0.643045;0.765829;0.765829;0.643045;0.000000;0.000000;2.838082;0.028217;
55.652447;12.574720;55.652431;12.574732;0.00;0.00;50.00;50.00;49.57;12;-0.648473;0.761238;0.761238;0.648473;0.000000;0.000000;2.846424;0.035258;
55.652447;12.574720;55.652431;12.574732;0.00;0.00;50.00;50.00;46.36;12;-0.690132;0.723684;0.723684;0.690132;0.000000;0.000000;2.842606;0.019931;
55.652447;12.574720;55.652431;12.574732;0.00;0.00;50.00;50.00;45.05;12;-0.706448;0.707765;0.707765;0.706448;0.000000;0.000000;2.845225;0.035895;
55.652447;12.574720;55.652431;12.574732;0.00;0.00;50.00;50.00;46.41;12;-0.689472;0.724312;0.724312;0.689472;0.000000;0.000000;2.839096;0.038552;
55.652447;12.574720;55.652428;12.574732;0.00;0.00;50.00;50.00;49.63;12;-0.647786;0.761822;0.761822;0.647786;0.000000;0.000000;2.837425;0.021071;
55.652447;12.574720;55.652428;12.574733;0.00;0.00;50.00;50.00;45.62;12;-0.699391;0.714739;0.714739;0.699391;0.000000;0.000000;2.812011;0.036984;
55.652447;12.574720;55.652428;12.574733;0.00;0.00;50.00;50.00;47.32;12;-0.677893;0.735160;0.735160;0.677893;0.000000;0.000000;2.832675;0.030392;
55.652447;12.574720;55.652428;12.574733;0.00;0.00;50.00;50.00;47.25;12;-0.678864;0.734264;0.734264;0.678864;0.000000;0.000000;2.828799;0.002156;
55.652447;12.574720;55.652428;12.574733;0.00;0.00;50.00;50.00;47.05;12;-0.681374;0.731935;0.731935;0.681374;0.000000;0.000000;2.820268;0.008638;
55.652447;12.574720;55.652428;12.574733;0.00;0.00;50.00;50.00;48.23;12;-0.666099;0.745863;0.745863;0.666099;0.000000;0.000000;2.836400;0.011631;
55.652447;12.574720;55.652428;12.574733;0.00;0.00;50.00;50.00;47.75;12;-0.672407;0.740182;0.740182;0.672407;0.000000;0.000000;2.837164;0.028358;
55.652447;12.574720;55.652428;12.574733;0.00;0.00;50.00;50.00;48.44;12;-0.663382;0.748281;0.748281;0.663382;0.000000;0.000000;2.845628;0.015174;
55.652447;12.574720;55.652428;12.574733;0.00;0.00;50.00;50.00;47.61;12;-0.674112;0.738629;0.738629;0.674112;0.000000;0.000000;2.851125;0.021032;
55.652447;12.574720;55.652428;12.574734;0.00;0.00;50.00;50.00;48.84;12;-0.658148;0.752889;0.752889;0.658148;0.000000;0.000000;2.853316;0.012973;
55.652447;12.574720;55.652428;12.574734;0.00;0.00;50.00;50.00;48.23;12;-0.666088;0.745873;0.745873;0.666088;0.000000;0.000000;2.839353;-0.004323;
55.652447;12.574720;55.652428;12.574734;0.00;0.00;50.00;50.00;48.67;12;-0.660392;0.750921;0.750921;0.660392;0.000000;0.000000;2.825727;-0.001764;
55.652447;12.574720;55.652428;12.574734;0.00;0.00;50.00;50.00;45.59;12;-0.699742;0.714396;0.714396;0.699742;0.000000;0.000000;2.817485;0.027637;
55.652447;12.574720;55.652428;12.574734;0.00;0.00;50.00;50.00;48.93;12;-0.657040;0.753856;0.753856;0.657040;0.000000;0.000000;2.831048;0.033063;
55.652447;12.574720;55.652428;12.574734;0.00;0.00;50.00;50.00;49.27;12;-0.652511;0.757779;0.757779;0.652511;0.000000;0.000000;2.814308;0.023206;
55.652447;12.574720;55.652428;12.574735;0.00;0.00;50.00;50.00;46.52;12;-0.688059;0.725655;0.725655;0.688059;0.000000;0.000000;2.836277;0.010800;
55.652447;12.574720;55.652428;12.574735;0.00;0.00;50.00;50.00;46.43;12;-0.689203;0.724568;0.724568;0.689203;0.000000;0.000000;2.839778;0.015324;
55.652447;12.574720;55.652428;12.574735;0.00;0.00;50.00;50.00;49.17;12;-0.653802;0.756666;0.756666;0.653802;0.000000;0.000000;2.821486;0.027664;
55.652447;12.574720;55.652424;12.574735;0.00;0.00;50.00;50.00;46.56;12;-0.687638;0.726054;0.726054;0.687638;0.000000;0.000000;2.846570;0.013668;
55.652447;12.574720;55.652424;12.574735;0.00;0.00;50.00;50.00;46.93;12;-0.682901;0.730511;0.730511;0.682901;0.000000;0.000000;2.847991;0.020525;
55.652447;12.574720;55.652424;12.574735;0.00;0.00;50.00;50.00;47.55;12;-0.674924;0.737888;0.737888;0.674924;0.000000;0.000000;2.849339;0.011274;
55.652447;12.574720;55.652424;12.574735;0.00;0.00;50.00;50.00;50.68;12;-0.633636;0.773632;0.773632;0.633636;0.000000;0.000000;2.829717;0.001847;
55.652447;12.574720;55.652424;12.574736;0.00;0.00;50.00;50.00;49.39;12;-0.650955;0.759116;0.759116;0.650955;0.000000;0.000000;2.818837;0.020328;
55.652447;12.574720;55.652424;12.574736;0.00;0.00;50.00;50.00;46.85;12;-0.683853;0.729620;0.729620;0.683853;0.000000;0.000000;2.824859;0.021008;
55.652447;12.574720;55.652424;12.574736;0.00;0.00;50.00;50.00;49.30;12;-0.652088;0.758143;0.758143;0.652088;0.000000;0.000000;2.854955;0.015729;
55.652447;12.574720;55.652424;12.574736;0.00;0.00;50.00;50.00;48.75;12;-0.659411;0.751783;0.751783;0.659411;0.000000;0.000000;2.829282;0.013345;
55.652447;12.574720;55.652424;12.574736;0.00;0.00;50.00;50.00;49.52;12;-0.649215;0.760605;0.760605;0.649215;0.000000;0.000000;2.819818;0.009389;
55.652447;12.574720;55.652424;12.574736;0.00;0.00;50.00;50.00;47.52;12;-0.675330;0.737516;0.737516;0.675330;0.000000;0.000000;2.834781;0.012711;
55.652447;12.574720;55.652424;12.574736;0.00;0.00;50.00;50.00;48.35;12;-0.664546;0.747248;0.747248;0.664546;0.000000;0.000000;2.842349;-0.006286;
55.652447;12.574720;55.652424;12.574736;0.00;0.00;50.00;50.00;48.30;12;-0.665287;0.746587;0.746587;0.665287;0.000000;0.000000;2.839306;0.004673;
55.652447;12.574720;55.652424;12.574736;0.00;0.00;50.00;50.00;48.37;12;-0.664266;0.747496;0.747496;0.664266;0.000000;0.000000;2.842953;-0.001269;
55.652447;12.574720;55.652424;12.574737;0.00;0.00;50.00;50.00;47.23;12;-0.679084;0.734061;0.734061;0.679084;0.000000;0.000000;2.825569;0.004552;
55.652447;12.574720;55.652424;12.574737;0.00;0.00;50.00;50.00;48.52;12;-0.662296;0.749242;0.749242;0.662296;0.000000;0.000000;2.819067;0.016903;
55.652447;12.574720;55.652424;12.574737;0.00;0.00;50.00;50.00;50.98;12;-0.629528;0.776977;0.776977;0.629528;0.000000;0.000000;2.822026;0.033163;
55.652447;12.574720;55.652424;12.574737;0.00;0.00;50.00;50.00;51.94;12;-0.616461;0.787385;0.787385;0.616461;0.000000;0.000000;2.811568;0.005189;
55.652447;12.574720;55.652424;12.574737;0.00;0.00;50.00;50.00;45.28;12;-0.703588;0.710608;0.710608;0.703588;0.000000;0.000000;2.816336;0.022336;
55.652447;12.574720;55.652424;12.574737;0.00;0.00;50.00;50.00;49.43;12;-0.650359;0.759627;0.759627;0.650359;0.000000;0.000000;2.835559;0.012440;
55.652447;12.574720;55.652424;12.574737;0.00;0.00;50.00;50.00;48.16;12;-0.667049;0.745014;0.745014;0.667049;0.000000;0.000000;2.843199;0.003887;
55.652447;12.574720;55.652424;12.574737;0.00;0.00;50.00;50.00;47.38;12;-0.677107;0.735884;0.735884;0.677107;0.000000;0.000000;2.836346;0.000879;
55.652447;12.574720;55.652424;12.574737;0.00;0.00;50.00;50.00;48.62;12;-0.661064;0.750330;0.750330;0.661064;0.000000;0.000000;2.843862;-0.019227;
55.652447;12.574720;55.652424;12.574737;0.00;0.00;50.00;50.00;48.89;12;-0.657445;0.753503;0.753503;0.657445;0.000000;0.000000;2.848671;-0.002175;
55.652447;12.574720;55.652424;12.574737;0.00;0.00;50.00;50.00;48.42;12;-0.663647;0.748046;0.748046;0.663647;0.000000;0.000000;2.846723;0.010167;
55.652447;12.574720;55.652424;12.574737;0.00;0.00;50.00;50.00;48.37;12;-0.664306;0.747461;0.747461;0.664306;0.000000;0.000000;2.849973;0.019339;
55.652447;12.574720;55.652424;12.574738;0.00;0.00;50.00;50.00;49.93;12;-0.643684;0.765292;0.765292;0.643684;0.000000;0.000000;2.837573;0.013471;
55.652447;12.574720;55.652420;12.574738;0.00;0.00;50.00;50.00;46.85;12;-0.683893;0.729582;0.729582;0.683893;0.000000;0.000000;2.817600;0.027168;
55.652447;12.574720;55.652420;12.574738;0.00;0.00;50.00;50.00;50.60;12;-0.634670;0.772783;0.772783;0.634670;0.000000;0.000000;2.810521;0.010071;
55.652447;12.574720;55.652420;12.574738;0.00;0.00;50.00;50.00;47.52;12;-0.675303;0.737541;0.737541;0.675303;0.000000;0.000000;2.801602;0.001419;
55.652447;12.574720;55.652420;12.574738;0.00;0.00;50.00;50.00;46.52;12;-0.688106;0.725611;0.725611;0.688106;0.000000;0.000000;2.803992;0.007585;
55.652447;12.574720;55.652420;12.574738;0.00;0.00;50.00;50.00;49.34;12;-0.651600;0.758563;0.758563;0.651600;0.000000;0.000000;2.813981;0.004868;
55.652447;12.574720;55.652420;12.574738;0.00;0.00;50.00;50.00;46.43;12;-0.689266;0.724509;0.724509;0.689266;0.000000;0.000000;2.825006;0.006335;
55.652447;12.574720;55.652420;12.574738;0.00;0.00;50.00;50.00;45.85;12;-0.696574;0.717485;0.717485;0.696574;0.000000;0.000000;2.831615;0.031879;
55.652447;12.574720;55.652420;12.574738;0.00;0.00;50.00;50.00;48.30;12;-0.665264;0.746608;0.746608;0.665264;0.000000;0.000000;2.824397;0.020579;
55.652447;12.574720;55.652420;12.574738;0.00;0.00;50.00;50.00;46.54;12;-0.687824;0.725878;0.725878;0.687824;0.000000;0.000000;2.833342;0.006248;
55.652447;12.574720;55.652420;12.574738;0.00;0.00;50.00;50.00;49.60;12;-0.648144;0.761517;0.761517;0.648144;0.000000;0.000000;2.825243;0.010113;
55.652447;12.574720;55.652420;12.574738;0.00;0.00;50.00;50.00;47.18;12;-0.679702;0.733489;0.733489;0.679702;0.000000;0.000000;2.818843;-0.012103;
55.652447;12.574720;55.652420;12.574739;0.00;0.00;50.00;50.00;49.54;12;-0.648887;0.760885;0.760885;0.648887;0.000000;0.000000;2.846311;-0.008474;
55.652447;12.574720;55.652420;12.574739;0.00;0.00;50.00;50.00;49.97;12;-0.643155;0.765736;0.765736;0.643155;0.000000;0.000000;2.847333;-0.002190;
55.652447;12.574720;55.652420;12.574739;0.00;0.00;50.00;50.00;44.90;12;-0.708313;0.705899;0.705899;0.708313;0.000000;0.000000;2.832553;-0.006831;
55.652447;12.574720;55.652420;12.574739;0.00;0.00;50.00;50.00;45.03;12;-0.706702;0.707511;0.707511;0.706702;0.000000;0.000000;2.838034;0.007459;
55.652447;12.574720;55.652420;12.574739;0.00;0.00;50.00;50.00;49.71;12;-0.646687;0.762755;0.762755;0.646687;0.000000;0.000000;2.855534;0.024808;
55.652447;12.574720;55.652420;12.574739;0.00;0.00;50.00;50.00;49.52;12;-0.649178;0.760637;0.760637;0.649178;0.000000;0.000000;2.830906;0.001966;
55.652447;12.574720;55.652420;12.574739;0.00;0.00;50.00;50.00;47.24;12;-0.678940;0.734194;0.734194;0.678940;0.000000;0.000000;2.840195;0.000718;
55.652447;12.574720;55.652420;12.574739;0.00;0.00;50.00;50.00;48.57;12;-0.661750;0.749725;0.749725;0.661750;0.000000;0.000000;2.858812;0.011957;
55.652447;12.574720;55.652420;12.574739;0.00;0.00;50.00;50.00;48.15;12;-0.667172;0.744904;0.744904;0.667172;0.000000;0.000000;2.834257;0.009489;
55.652447;12.574720;55.652420;12.574739;0.00;0.00;50.00;50.00;50.34;12;-0.638223;0.769851;0.769851;0.638223;0.000000;0.000000;2.842370;-0.009763;
55.652447;12.574720;55.652420;12.574739;0.00;0.00;50.00;50.00;47.36;12;-0.677390;0.735624;0.735624;0.677390;0.000000;0.000000;2.827614;-0.010335;
55.652447;12.574720;55.652420;12.574739;0.00;0.00;50.00;50.00;47.95;12;-0.669764;0.742574;0.742574;0.669764;0.000000;0.000000;2.841567;-0.014847;
55.652447;12.574720;55.652420;12.574739;0.00;0.00;50.00;50.00;46.86;12;-0.683755;0.729712;0.729712;0.683755;0.000000;0.000000;2.826679;-0.023736;
55.652447;12.574720;55.652420;12.574739;0.00;0.00;50.00;50.00;46.51;12;-0.688168;0.725552;0.725552;0.688168;0.000000;0.000000;2.821609;-0.010679;
55.652447;12.574720;55.652420;12.574739;0.00;0.00;50.00;50.00;49.98;12;-0.643118;0.765767;0.765767;0.643118;0.000000;0.000000;2.846879;-0.002333;
55.652447;12.574720;55.652420;12.574739;0.00;0.00;50.00;50.00;47.04;12;-0.681513;0.731806;0.731806;0.681513;0.000000;0.000000;2.844596;0.012784;
55.652447;12.574720;55.652420;12.574739;0.00;0.00;50.00;50.00;48.89;12;-0.657525;0.753433;0.753433;0.657525;0.000000;0.000000;2.820882;0.012099;
55.652447;12.574720;55.652420;12.574739;0.00;0.00;50.00;50.00;49.02;12;-0.655795;0.754939;0.754939;0.655795;0.000000;0.000000;2.804681;0.013018;
55.652447;12.574720;55.652420;12.574739;0.00;0.00;50.00;50.00;48.34;12;-0.664757;0.747060;0.747060;0.664757;0.000000;0.000000;2.812236;0.036693;
55.652447;12.574720;55.652420;12.574739;0.00;0.00;50.00;50.00;47.27;12;-0.678578;0.734529;0.734529;0.678578;0.000000;0.000000;2.819340;0.022259;
55.652447;12.574720;55.652420;12.574739;0.00;0.00;50.00;50.00;46.64;12;-0.686596;0.727040;0.727040;0.686596;0.000000;0.000000;2.834623;0.008546;
55.652447;12.574720;55.652420;12.574739;0.00;0.00;50.00;50.00;48.97;12;-0.656449;0.754371;0.754371;0.656449;0.000000;0.000000;2.834807;0.025512;
55.652447;12.574720;55.652416;12.574739;0.00;0.00;50.00;50.00;45.88;12;-0.696104;0.717941;0.717941;0.696104;0.000000;0.000000;2.803455;0.024409;
55.652447;12.574720;55.652416;12.574739;0.00;0.00;50.00;50.00;51.32;12;-0.624994;0.780630;0.780630;0.624994;0.000000;0.000000;2.827260;0.013036;
55.652447;12.574720;55.652416;12.574739;0.00;0.00;50.00;50.00;47.83;12;-0.671338;0.741151;0.741151;0.671338;0.000000;0.000000;2.824449;0.004357;
55.652447;12.574720;55.652416;12.574739;0.00;0.00;50.00;50.00;46.67;12;-0.686143;0.727467;0.727467;0.686143;0.000000;0.000000;2.812512;0.009110;
55.652447;12.574720;55.652416;12.574739;0.00;0.00;50.00;50.00;48.01;12;-0.669065;0.743204;0.743204;0.669065;0.000000;0.000000;2.820892;0.010840;
55.652447;12.574720;55.652416;12.574740;0.00;0.00;50.00;50.00;47.85;12;-0.671065;0.741398;0.741398;0.671065;0.000000;0.000000;2.830676;0.017322;
55.652447;12.574720;55.652416;12.574740;0.00;0.00;50.00;50.00;48.84;12;-0.658179;0.752862;0.752862;0.658179;0.000000;0.000000;2.825184;0.020727;
55.652447;12.574720;55.652416;12.574740;0.00;0.00;50.00;50.00;46.32;12;-0.690583;0.723253;0.723253;0.690583;0.000000;0.000000;2.822366;0.020207;
55.652447;12.574720;55.652416;12.574740;0.00;0.00;50.00;50.00;48.79;12;-0.658837;0.752286;0.752286;0.658837;0.000000;0.000000;2.822730;0.017204;
55.652447;12.574720;55.652416;12.574740;0.00;0.00;50.00;50.00;49.47;12;-0.649821;0.760087;0.760087;0.649821;0.000000;0.000000;2.826784;0.002458;
55.652447;12.574720;55.652416;12.574740;0.00;0.00;50.00;50.00;48.15;12;-0.667242;0.744841;0.744841;0.667242;0.000000;0.000000;2.834625;-0.000897;
55.652447;12.574720;55.652416;12.574740;0.00;0.00;50.00;50.00;49.25;12;-0.652736;0.757586;0.757586;0.652736;0.000000;0.000000;2.806209;-0.003247;
55.652447;12.574720;55.652416;12.574740;0.00;0.00;50.00;50.00;48.09;12;-0.667947;0.744209;0.744209;0.667947;0.000000;0.000000;2.820064;0.015592;
55.652447;12.574720;55.652416;12.574740;0.00;0.00;50.00;50.00;49.50;12;-0.649476;0.760382;0.760382;0.649476;0.000000;0.000000;2.827583;0.006718;
55.652447;12.574720;55.652416;12.574740;0.00;0.00;50.00;50.00;48.03;12;-0.668784;0.743457;0.743457;0.668784;0.000000;0.000000;2.833936;-0.019943;
55.652447;12.574720;55.652416;12.574740;0.00;0.00;50.00;50.00;48.20;12;-0.666471;0.745531;0.745531;0.666471;0.000000;0.000000;2.836897;-0.003529;
55.652447;12.574720;55.652416;12.574740;0.00;0.00;50.00;50.00;48.75;12;-0.659387;0.751804;0.751804;0.659387;0.000000;0.000000;2.829903;0.022779;
55.652447;12.574720;55.652416;12.574740;0.00;0.00;50.00;50.00;49.78;12;-0.645736;0.763561;0.763561;0.645736;0.000000;0.000000;2.838520;0.010366;
55.652447;12.574720;55.652416;12.574740;0.00;0.00;50.00;50.00;47.62;12;-0.674085;0.738654;0.738654;0.674085;0.000000;0.000000;2.849059;0.005940;
55.652447;12.574720;55.652416;12.574740;0.00;0.00;50.00;50.00;47.30;12;-0.678160;0.734914;0.734914;0.678160;0.000000;0.000000;2.828841;0.012573;
55.652447;12.574720;55.652416;12.574740;0.00;0.00;50.00;50.00;48.24;12;-0.665974;0.745975;0.745975;0.665974;0.000000;0.000000;2.822225;0.015129;
55.652447;12.574720;55.652416;12.574740;0.00;0.00;50.00;50.00;45.56;12;-0.700127;0.714018;0.714018;0.700127;0.000000;0.000000;2.830767;0.015712;
55.652447;12.574720;55.652416;12.574740;0.00;0.00;50.00;50.00;48.82;12;-0.658394;0.752673;0.752673;0.658394;0.000000;0.000000;2.827275;0.016017;
55.652447;12.574720;55.652416;12.574740;0.00;0.00;50.00;50.00;49.67;12;-0.647148;0.762364;0.762364;0.647148;0.000000;0.000000;2.804581;0.015803;
55.652447;12.574720;55.652416;12.574740;0.00;0.00;50.00;50.00;48.54;12;-0.662147;0.749374;0.749374;0.662147;0.000000;0.000000;2.825236;0.016612;
55.652447;12.574720;55.652416;12.574740;0.00;0.00;50.00;50.00;44.36;12;-0.714928;0.699198;0.699198;0.714928;0.000000;0.000000;2.851694;-0.005665;
55.652447;12.574720;55.652416;12.574740;0.00;0.00;50.00;50.00;47.30;12;-0.678146;0.734927;0.734927;0.678146;0.000000;0.000000;2.845424;0.005404;
55.652447;12.574720;55.652416;12.574741;0.00;0.00;50.00;50.00;46.37;12;-0.690031;0.723780;0.723780;0.690031;0.000000;0.000000;2.834224;0.003398;
55.652447;12.574720;55.652416;12.574741;0.00;0.00;50.00;50.00;47.47;12;-0.676035;0.736869;0.736869;0.676035;0.000000;0.000000;2.835473;-0.020765;
55.652447;12.574720;55.652416;12.574741;0.00;0.00;50.00;50.00;48.30;12;-0.665215;0.746651;0.746651;0.665215;0.000000;0.000000;2.872755;-0.024599;
55.652447;12.574720;55.652416;12.574741;0.00;0.00;50.00;50.00;49.90;12;-0.644137;0.764910;0.764910;0.644137;0.000000;0.000000;2.856676;0.016524;
55.652447;12.574720;55.652416;12.574741;0.00;0.00;50.00;50.00;46.94;12;-0.682765;0.730638;0.730638;0.682765;0.000000;0.000000;2.859649;-0.002701;
55.652447;12.574720;55.652416;12.574741;0.00;0.00;50.00;50.00;50.53;12;-0.635635;0.771990;0.771990;0.635635;0.000000;0.000000;2.830092;0.017964;
55.652447;12.574720;55.652416;12.574741;0.00;0.00;50.00;50.00;48.35;12;-0.664601;0.747199;0.747199;0.664601;0.000000;0.000000;2.823801;0.016707;
55.652447;12.574720;55.652416;12.574741;0.00;0.00;50.00;50.00;46.72;12;-0.685507;0.728066;0.728066;0.685507;0.000000;0.000000;2.823909;0.015831;
55.652447;12.574720;55.652416;12.574741;0.00;0.00;50.00;50.00;48.89;12;-0.657445;0.753502;0.753502;0.657445;0.000000;0.000000;2.833446;0.002124;
55.652447;12.574720;55.652416;12.574741;0.00;0.00;50.00;50.00;48.07;12;-0.668242;0.743944;0.743944;0.668242;0.000000;0.000000;2.825058;0.012425;
55.652447;12.574720;55.652416;12.574741;0.00;0.00;50.00;50.00;46.88;12;-0.683587;0.729869;0.729869;0.683587;0.000000;0.000000;2.807432;0.003584;
55.652447;12.574720;55.652416;12.574741;0.00;0.00;50.00;50.00;46.05;12;-0.693987;0.719988;0.719988;0.693987;0.000000;0.000000;2.816444;0.001981;
55.652447;12.574720;55.652416;12.574741;0.00;0.00;50.00;50.00;46.90;12;-0.683328;0.730112;0.730112;0.683328;0.000000;0.000000;2.838638;0.021847;
55.652447;12.574720;55.652416;12.574741;0.00;0.00;50.00;50.00;46.06;12;-0.693876;0.720094;0.720094;0.693876;0.000000;0.000000;2.828222;0.033779;
55.652447;12.574720;55.652416;12.574741;0.00;0.00;50.00;50.00;48.34;12;-0.664699;0.747112;0.747112;0.664699;0.000000;0.000000;2.828024;0.017730;
55.652447;12.574720;55.652416;12.574741;0.00;0.00;50.00;50.00;46.93;12;-0.682923;0.730490;0.730490;0.682923;0.000000;0.000000;2.814943;0.022300;
55.652447;12.574720;55.652416;12.574741;0.00;0.00;50.00;50.00;45.02;12;-0.706799;0.707414;0.707414;0.706799;0.000000;0.000000;2.807365;0.037539;
55.652447;12.574720;55.652416;12.574741;0.00;0.00;50.00;50.00;46.92;12;-0.682958;0.730457;0.730457;0.682958;0.000000;0.000000;2.800661;0.042334;
55.652447;12.574720;55.652416;12.574741;0.00;0.00;50.00;50.00;48.33;12;-0.664809;0.747014;0.747014;0.664809;0.000000;0.000000;2.807527;0.037695;
55.652447;12.574720;55.652416;12.574742;0.00;0.00;50.00;50.00;47.10;12;-0.680689;0.732572;0.732572;0.680689;0.000000;0.000000;2.815418;0.003996;
55.652447;12.574720;55.652416;12.574742;0.00;0.00;50.00;50.00;43.97;12;-0.719660;0.694326;0.694326;0.719660;0.000000;0.000000;2.830845;0.014937;
55.652447;12.574720;55.652416;12.574742;0.00;0.00;50.00;50.00;46.49;12;-0.688488;0.725248;0.725248;0.688488;0.000000;0.000000;2.834712;0.002411;
55.652447;12.574720;55.652416;12.574742;0.00;0.00;50.00;50.00;49.34;12;-0.651574;0.758585;0.758585;0.651574;0.000000;0.000000;2.819768;0.008405;
55.652447;12.574720;55.652416;12.574742;0.00;0.00;50.00;50.00;48.78;12;-0.658927;0.752207;0.752207;0.658927;0.000000;0.000000;2.828464;0.011456;
55.652447;12.574720;55.652416;12.574742;0.00;0.00;50.00;50.00;48.23;12;-0.666173;0.745797;0.745797;0.666173;0.000000;0.000000;2.826479;0.020798;
55.652447;12.574720;55.652412;12.574742;0.00;0.00;50.00;50.00;46.98;12;-0.682266;0.731104;0.731104;0.682266;0.000000;0.000000;2.840400;0.028321;
55.652447;12.574720;55.652412;12.574742;0.00;0.00;50.00;50.00;47.79;12;-0.671889;0.740651;0.740651;0.671889;0.000000;0.000000;2.829865;0.020826;
55.652447;12.574720;55.652412;12.574742;0.00;0.00;50.00;50.00;46.84;12;-0.684070;0.729416;0.729416;0.684070;0.000000;0.000000;2.835587;0.018312;
55.652447;12.574720;55.652412;12.574742;0.00;0.00;50.00;50.00;48.00;12;-0.669066;0.743203;0.743203;0.669066;0.000000;0.000000;2.811826;0.038180;
55.652447;12.574720;55.652412;12.574742;0.00;0.00;50.00;50.00;49.13;12;-0.654344;0.756197;0.756197;0.654344;0.000000;0.000000;2.815143;0.045760;
55.652447;12.574720;55.652412;12.574742;0.00;0.00;50.00;50.00;47.61;12;-0.674194;0.738554;0.738554;0.674194;0.000000;0.000000;2.818283;0.019493;
55.652447;12.574720;55.652412;12.574742;0.00;0.00;50.00;50.00;48.09;12;-0.667969;0.744189;0.744189;0.667969;0.000000;0.000000;2.808679;-0.002392;
55.652447;12.574720;55.652412;12.574742;0.00;0.00;50.00;50.00;48.17;12;-0.666888;0.745158;0.745158;0.666888;0.000000;0.000000;2.822569;-0.010507;
55.652447;12.574720;55.652412;12.574742;0.00;0.00;50.00;50.00;46.98;12;-0.682300;0.731072;0.731072;0.682300;0.000000;0.000000;2.828919;0.012250;
55.652447;12.574720;55.652412;12.574742;0.00;0.00;50.00;50.00;48.11;12;-0.667643;0.744482;0.744482;0.667643;0.000000;0.000000;2.835384;0.024217;
55.652447;12.574720;55.652412;12.574742;0.00;0.00;50.00;50.00;49.17;12;-0.653851;0.756624;0.756624;0.653851;0.000000;0.000000;2.847183;0.022442;
55.652447;12.574720;55.652412;12.574742;0.00;0.00;50.00;50.00;46.85;12;-0.683861;0.729612;0.729612;0.683861;0.000000;0.000000;2.853631;0.012965;
55.652447;12.574720;55.652412;12.574742;0.00;0.00;50.00;50.00;49.60;12;-0.648183;0.761485;0.761485;0.648183;0.000000;0.000000;2.828873;0.000189;
55.652447;12.574720;55.652412;12.574742;0.00;0.00;50.00;50.00;48.16;12;-0.667073;0.744992;0.744992;0.667073;0.000000;0.000000;2.846053;0.003879;
55.652447;12.574720;55.652412;12.574742;0.00;0.00;50.00;50.00;49.39;12;-0.650960;0.759112;0.759112;0.650960;0.000000;0.000000;2.801878;0.009071;
55.652447;12.574720;55.652412;12.574742;0.00;0.00;50.00;50.00;47.42;12;-0.676607;0.736344;0.736344;0.676607;0.000000;0.000000;2.797491;0.000956;
55.652447;12.574720;55.652412;12.574742;0.00;0.00;50.00;50.00;48.66;12;-0.660562;0.750772;0.750772;0.660562;0.000000;0.000000;2.805225;0.023321;
55.652447;12.574720;55.652412;12.574742;0.00;0.00;50.00;50.00;47.73;12;-0.672593;0.740012;0.740012;0.672593;0.000000;0.000000;2.831075;0.021559;
55.652447;12.574720;55.652412;12.574743;0.00;0.00;50.00;50.00;47.80;12;-0.671670;0.740850;0.740850;0.671670;0.000000;0.000000;2.827652;0.032701;
55.652447;12.574720;55.652412;12.574742;0.00;0.00;50.00;50.00;47.27;12;-0.678540;0.734564;0.734564;0.678540;0.000000;0.000000;2.841099;0.032758;
55.652447;12.574720;55.652412;12.574743;0.00;0.00;50.00;50.00;47.95;12;-0.669835;0.742510;0.742510;0.669835;0.000000;0.000000;2.847384;0.021401;
55.652447;12.574720;55.652412;12.574743;0.00;0.00;50.00;50.00;47.73;12;-0.672626;0.739983;0.739983;0.672626;0.000000;0.000000;2.846324;0.017363;
55.652447;12.574720;55.652412;12.574743;0.00;0.00;50.00;50.00;49.00;12;-0.656094;0.754679;0.754679;0.656094;0.000000;0.000000;2.830961;0.012758;
55.652447;12.574720;55.652412;12.574743;0.00;0.00;50.00;50.00;45.84;12;-0.696701;0.717362;0.717362;0.696701;0.000000;0.000000;2.832206;0.020507;
55.652447;12.574720;55.652412;12.574743;0.00;0.00;50.00;50.00;47.07;12;-0.681059;0.732229;0.732229;0.681059;0.000000;0.000000;2.827655;0.006906;
55.652447;12.574720;55.652412;12.574743;0.00;0.00;50.00;50.00;46.54;12;-0.687877;0.725828;0.725828;0.687877;0.000000;0.000000;2.834819;0.003984;
55.652447;12.574720;55.652412;12.574743;0.00;0.00;50.00;50.00;48.63;12;-0.660966;0.750416;0.750416;0.660966;0.000000;0.000000;2.843428;0.025909;
55.652447;12.574720;55.652412;12.574743;0.00;0.00;50.00;50.00;51.03;12;-0.628906;0.777481;0.777481;0.628906;0.000000;0.000000;2.827792;0.027832;
55.652447;12.574720;55.652412;12.574743;0.00;0.00;50.00;50.00;46.58;12;-0.687376;0.726302;0.726302;0.687376;0.000000;0.000000;2.840783;0.032636;
55.652447;12.574720;55.652412;12.574743;0.00;0.00;50.00;50.00;47.88;12;-0.670650;0.741774;0.741774;0.670650;0.000000;0.000000;2.842888;0.030934;
55.652447;12.574720;55.652412;12.574743;0.00;0.00;50.00;50.00;47.52;12;-0.675368;0.737481;0.737481;0.675368;0.000000;0.000000;2.828804;0.019493;
55.652447;12.574720;55.652412;12.574743;0.00;0.00;50.00;50.00;47.08;12;-0.681028;0.732257;0.732257;0.681028;0.000000;0.000000;2.840873;0.025522;
55.652447;12.574720;55.652412;12.574743;0.00;0.00;50.00;50.00;49.05;12;-0.655441;0.755246;0.755246;0.655441;0.000000;0.000000;2.823817;0.018105;
55.652447;12.574720;55.652412;12.574743;0.00;0.00;50.00;50.00;45.60;12;-0.699717;0.714421;0.714421;0.699717;0.000000;0.000000;2.828707;-0.004354;
55.652447;12.574720;55.652412;12.574743;0.00;0.00;50.00;50.00;46.81;12;-0.684437;0.729072;0.729072;0.684437;0.000000;0.000000;2.819066;0.001856;
55.652447;12.574720;55.652412;12.574743;0.00;0.00;50.00;50.00;46.84;12;-0.684064;0.729422;0.729422;0.684064;0.000000;0.000000;2.794760;0.008640;
55.652447;12.574720;55.652412;12.574743;0.00;0.00;50.00;50.00;47.02;12;-0.681712;0.731621;0.731621;0.681712;0.000000;0.000000;2.820594;0.007078;
55.652447;12.574720;55.652412;12.574743;0.00;0.00;50.00;50.00;47.03;12;-0.681628;0.731699;0.731699;0.681628;0.000000;0.000000;2.832904;-0.010089;
55.652447;12.574720;55.652412;12.574743;0.00;0.00;50.00;50.00;48.54;12;-0.662093;0.749422;0.749422;0.662093;0.000000;0.000000;2.847136;0.019488;
55.652447;12.574720;55.652412;12.574743;0.00;0.00;50.00;50.00;48.52;12;-0.662362;0.749184;0.749184;0.662362;0.000000;0.000000;2.834244;0.002102;
55.652447;12.574720;55.652412;12.574743;0.00;0.00;50.00;50.00;46.20;12;-0.692132;0.721771;0.721771;0.692132;0.000000;0.000000;2.817662;0.021318;
55.652447;12.574720;55.652412;12.574743;0.00;0.00;50.00;50.00;47.73;12;-0.672564;0.740039;0.740039;0.672564;0.000000;0.000000;2.822874;0.016677;
55.652447;12.574720;55.652412;12.574743;0.00;0.00;50.00;50.00;47.46;12;-0.676078;0.736830;0.736830;0.676078;0.000000;0.000000;2.830316;0.028404;
55.652447;12.574720;55.652412;12.574743;0.00;0.00;50.00;50.00;47.65;12;-0.673699;0.739006;0.739006;0.673699;0.000000;0.000000;2.824601;0.041569;
55.652447;12.574720;55.652412;12.574743;0.00;0.00;50.00;50.00;43.91;12;-0.720418;0.693540;0.693540;0.720418;0.000000;0.000000;2.828967;0.031583;
55.652447;12.574720;55.652412;12.574743;0.00;0.00;50.00;50.00;47.60;12;-0.674326;0.738434;0.738434;0.674326;0.000000;0.000000;2.794394;0.023329;
55.652447;12.574720;55.652412;12.574743;0.00;0.00;50.00;50.00;48.08;12;-0.668050;0.744117;0.744117;0.668050;0.000000;0.000000;2.795279;0.014611;
55.652447;12.574720;55.652412;12.574743;0.00;0.00;50.00;50.00;48.10;12;-0.667795;0.744345;0.744345;0.667795;0.000000;0.000000;2.800412;-0.005361;
55.652447;12.574720;55.652412;12.574743;0.00;0.00;50.00;50.00;50.14;12;-0.640962;0.767573;0.767573;0.640962;0.000000;0.000000;2.821106;0.005364;
55.652447;12.574720;55.652412;12.574743;0.00;0.00;50.00;50.00;47.98;12;-0.669373;0.742927;0.742927;0.669373;0.000000;0.000000;2.819241;0.026278;
55.652447;12.574720;55.652412;12.574743;0.00;0.00;50.00;50.00;48.56;12;-0.661821;0.749662;0.749662;0.661821;0.000000;0.000000;2.831964;0.011162;
55.652447;12.574720;55.652412;12.574743;0.00;0.00;50.00;50.00;48.63;12;-0.660943;0.750436;0.750436;0.660943;0.000000;0.000000;2.806238;0.027717;
55.652447;12.574720;55.652412;12.574743;0.00;0.00;50.00;50.00;48.60;12;-0.661351;0.750076;0.750076;0.661351;0.000000;0.000000;2.821868;0.045832;
55.652447;12.574720;55.652412;12.574743;0.00;0.00;50.00;50.00;48.62;12;-0.661094;0.750303;0.750303;0.661094;0.000000;0.000000;2.826549;0.045434;
55.652447;12.574720;55.652412;12.574743;0.00;0.00;50.00;50.00;48.59;12;-0.661421;0.750015;0.750015;0.661421;0.000000;0.000000;2.826614;0.050824;
55.652447;12.574720;55.652412;12.574743;0.00;0.00;50.00;50.00;49.31;12;-0.652016;0.758205;0.758205;0.652016;0.000000;0.000000;2.804089;0.026342;
55.652447;12.574720;55.652412;12.574743;0.00;0.00;50.00;50.00;50.72;12;-0.633102;0.774069;0.774069;0.633102;0.000000;0.000000;2.802172;0.017910;
55.652447;12.574720;55.652412;12.574743;0.00;0.00;50.00;50.00;46.70;12;-0.685786;0.727803;0.727803;0.685786;0.000000;0.000000;2.817143;0.008751;
55.652447;12.574720;55.652412;12.574743;0.00;0.00;50.00;50.00;46.75;12;-0.685210;0.728346;0.728346;0.685210;0.000000;0.000000;2.829614;0.028181;
55.652447;12.574720;55.652412;12.574743;0.00;0.00;50.00;50.00;49.00;12;-0.656057;0.754711;0.754711;0.656057;0.000000;0.000000;2.836932;0.015229;
55.652447;12.574720;55.652412;12.574743;0.00;0.00;50.00;50.00;47.01;12;-0.681833;0.731508;0.731508;0.681833;0.000000;0.000000;2.846667;0.036041;
55.652447;12.574720;55.652412;12.574743;0.00;0.00;50.00;50.00;47.30;12;-0.678147;0.734927;0.734927;0.678147;0.000000;0.000000;2.824786;0.037771;
55.652447;12.574720;55.652412;12.574743;0.00;0.00;50.00;50.00;45.87;12;-0.696236;0.717813;0.717813;0.696236;0.000000;0.000000;2.845216;0.039070;
55.652447;12.574720;55.652412;12.574743;0.00;0.00;50.00;50.00;47.14;12;-0.680148;0.733075;0.733075;0.680148;0.000000;0.000000;2.848562;0.036735;
55.652447;12.574720;55.652412;12.574743;0.00;0.00;50.00;50.00;45.25;12;-0.704022;0.710178;0.710178;0.704022;0.000000;0.000000;2.831951;0.005694;
55.652447;12.574720;55.652412;12.574744;0.00;0.00;50.00;50.00;46.59;12;-0.687168;0.726499;0.726499;0.687168;0.000000;0.000000;2.839388;0.017894;
55.652447;12.574720;55.652412;12.574743;0.00;0.00;50.00;50.00;44.61;12;-0.711859;0.702322;0.702322;0.711859;0.000000;0.000000;2.837262;-0.001500;
55.652447;12.574720;55.652412;12.574744;0.00;0.00;50.00;50.00;49.84;12;-0.644895;0.764272;0.764272;0.644895;0.000000;0.000000;2.853567;0.014299;
55.652447;12.574720;55.652412;12.574744;0.00;0.00;50.00;50.00;49.31;12;-0.652003;0.758216;0.758216;0.652003;0.000000;0.000000;2.840853;0.020860;
55.652447;12.574720;55.652412;12.574744;0.00;0.00;50.00;50.00;48.63;12;-0.660980;0.750403;0.750403;0.660980;0.000000;0.000000;2.825132;0.037485;
55.652447;12.574720;55.652412;12.574744;0.00;0.00;50.00;50.00;50.02;12;-0.642495;0.766290;0.766290;0.642495;0.000000;0.000000;2.812127;0.031726;
55.652447;12.574720;55.652412;12.574744;0.00;0.00;50.00;50.00;47.68;12;-0.673226;0.739436;0.739436;0.673226;0.000000;0.000000;2.820952;0.043983;
55.652447;12.574720;55.652412;12.574744;0.00;0.00;50.00;50.00;48.09;12;-0.667920;0.744233;0.744233;0.667920;0.000000;0.000000;2.837249;0.032244;
55.652447;12.574720;55.652412;12.574744;0.00;0.00;50.00;50.00;50.74;12;-0.632907;0.774228;0.774228;0.632907;0.000000;0.000000;2.836936;0.016618;
55.652447;12.574720;55.652412;12.574744;0.00;0.00;50.00;50.00;47.14;12;-0.680208;0.733019;0.733019;0.680208;0.000000;0.000000;2.846700;0.050845;
55.652447;12.574720;55.652412;12.574744;0.00;0.00;50.00;50.00;47.23;12;-0.679094;0.734052;0.734052;0.679094;0.000000;0.000000;2.841714;0.026859;
55.652447;12.574720;55.652412;12.574744;0.00;0.00;50.00;50.00;46.81;12;-0.684460;0.729050;0.729050;0.684460;0.000000;0.000000;2.828873;0.023975;
55.652447;12.574720;55.652412;12.574744;0.00;0.00;50.00;50.00;47.98;12;-0.669398;0.742904;0.742904;0.669398;0.000000;0.000000;2.824620;0.028442;
55.652447;12.574720;55.652412;12.574744;0.00;0.00;50.00;50.00;49.29;12;-0.652293;0.757967;0.757967;0.652293;0.000000;0.000000;2.828971;0.038847;
55.652447;12.574720;55.652412;12.574744;0.00;0.00;50.00;50.00;47.49;12;-0.675722;0.737156;0.737156;0.675722;0.000000;0.000000;2.809901;0.036601;
55.652447;12.574720;55.652412;12.574743;0.00;0.00;50.00;50.00;47.85;12;-0.671127;0.741343;0.741343;0.671127;0.000000;0.000000;2.815339;0.040498;
55.652447;12.574720;55.652412;12.574743;0.00;0.00;50.00;50.00;47.43;12;-0.676551;0.736396;0.736396;0.676551;0.000000;0.000000;2.802504;0.027402;
55.652447;12.574720;55.652412;12.574743;0.00;0.00;50.00;50.00;50.66;12;-0.633858;0.773450;0.773450;0.633858;0.000000;0.000000;2.824421;0.004123;
55.652447;12.574720;55.652412;12.574743;0.00;0.00;50.00;50.00;48.21;12;-0.666421;0.745576;0.745576;0.666421;0.000000;0.000000;2.830172;-0.009835;
55.652447;12.574720;55.652412;12.574744;0.00;0.00;50.00;50.00;45.25;12;-0.704026;0.710174;0.710174;0.704026;0.000000;0.000000;2.837583;-0.003311;
55.652447;12.574720;55.652412;12.574743;0.00;0.00;50.00;50.00;47.74;12;-0.672475;0.740120;0.740120;0.672475;0.000000;0.000000;2.817654;-0.007610;
55.652447;12.574720;55.652412;12.574743;0.00;0.00;50.00;50.00;49.13;12;-0.654283;0.756250;0.756250;0.654283;0.000000;0.000000;2.826873;0.012178;
55.652447;12.574720;55.652412;12.574743;0.00;0.00;50.00;50.00;49.06;12;-0.655250;0.755412;0.755412;0.655250;0.000000;0.000000;2.813270;0.014924;
55.652447;12.574720;55.652409;12.574743;0.00;0.00;50.00;50.00;47.38;12;-0.677100;0.735891;0.735891;0.677100;0.000000;0.000000;2.803527;0.002301;
55.652447;12.574720;55.652409;12.574743;0.00;0.00;50.00;50.00;49.03;12;-0.655706;0.755016;0.755016;0.655706;0.000000;0.000000;2.811418;0.011966;
55.652447;12.574720;55.652409;12.574744;0.00;0.00;50.00;50.00;49.66;12;-0.647262;0.762268;0.762268;0.647262;0.000000;0.000000;2.836597;0.004619;
55.652447;12.574720;55.652409;12.574743;0.00;0.00;50.00;50.00;45.94;12;-0.695405;0.718618;0.718618;0.695405;0.000000;0.000000;2.819640;0.008028;
55.652447;12.574720;55.652409;12.574743;0.00;0.00;50.00;50.00;45.60;12;-0.699639;0.714497;0.714497;0.699639;0.000000;0.000000;2.815624;-0.004651;
55.652447;12.574720;55.652409;12.574743;0.00;0.00;50.00;50.00;47.99;12;-0.669321;0.742974;0.742974;0.669321;0.000000;0.000000;2.827406;0.018023;
55.652447;12.574720;55.652409;12.574743;0.00;0.00;50.00;50.00;47.89;12;-0.670586;0.741832;0.741832;0.670586;0.000000;0.000000;2.820912;0.027737;
55.652447;12.574720;55.652409;12.574743;0.00;0.00;50.00;50.00;49.70;12;-0.646834;0.762631;0.762631;0.646834;0.000000;0.000000;2.836224;0.005955;
55.652447;12.574720;55.652409;12.574743;0.00;0.00;50.00;50.00;47.91;12;-0.670319;0.742073;0.742073;0.670319;0.000000;0.000000;2.847106;0.004804;
55.652447;12.574720;55.652409;12.574743;0.00;0.00;50.00;50.00;45.50;12;-0.700968;0.713193;0.713193;0.700968;0.000000;0.000000;2.826769;0.011169;
55.652447;12.574720;55.652409;12.574743;0.00;0.00;50.00;50.00;46.58;12;-0.687278;0.726394;0.726394;0.687278;0.000000;0.000000;2.802026;0.024188;
55.652447;12.574720;55.652409;12.574743;0.00;0.00;50.00;50.00;46.34;12;-0.690432;0.723398;0.723398;0.690432;0.000000;0.000000;2.827377;0.021830;
55.652447;12.574720;55.652409;12.574743;0.00;0.00;50.00;50.00;50.95;12;-0.630040;0.776563;0.776563;0.630040;0.000000;0.000000;2.848880;0.031107;
55.652447;12.574720;55.652409;12.574743;0.00;0.00;50.00;50.00;47.76;12;-0.672176;0.740391;0.740391;0.672176;0.000000;0.000000;2.854869;0.023884;
55.652447;12.574720;55.652409;12.574743;0.00;0.00;50.00;50.00;45.39;12;-0.702235;0.711945;0.711945;0.702235;0.000000;0.000000;2.860130;0.018613;
55.652447;12.574720;55.652409;12.574743;0.00;0.00;50.00;50.00;46.82;12;-0.684267;0.729232;0.729232;0.684267;0.000000;0.000000;2.838252;0.027021;
55.652447;12.574720;55.652409;12.574743;0.00;0.00;50.00;50.00;50.28;12;-0.639094;0.769129;0.769129;0.639094;0.000000;0.000000;2.828795;0.016561;
55.652447;12.574720;55.652409;12.574743;0.00;0.00;50.00;50.00;46.58;12;-0.687323;0.726352;0.726352;0.687323;0.000000;0.000000;2.842366;0.002640;
55.652447;12.574720;55.652409;12.574743;0.00;0.00;50.00;50.00;47.21;12;-0.679368;0.733798;0.733798;0.679368;0.000000;0.000000;2.839841;0.040993;
55.652447;12.574720;55.652409;12.574743;0.00;0.00;50.00;50.00;48.52;12;-0.662359;0.749187;0.749187;0.662359;0.000000;0.000000;2.818080;0.049627;
55.652447;12.574720;55.652409;12.574743;0.00;0.00;50.00;50.00;49.50;12;-0.649492;0.760368;0.760368;0.649492;0.000000;0.000000;2.817551;0.045690;
55.652447;12.574720;55.652409;12.574743;0.00;0.00;50.00;50.00;46.93;12;-0.682942;0.730473;0.730473;0.682942;0.000000;0.000000;2.810867;0.051479;
55.652447;12.574720;55.652409;12.574743;0.00;0.00;50.00;50.00;49.81;12;-0.645372;0.763868;0.763868;0.645372;0.000000;0.000000;2.823836;0.016721;
55.652447;12.574720;55.652409;12.574743;0.00;0.00;50.00;50.00;46.63;12;-0.686652;0.726986;0.726986;0.686652;0.000000;0.000000;2.840807;0.000129;
55.652447;12.574720;55.652409;12.574743;0.00;0.00;50.00;50.00;47.58;12;-0.674578;0.738204;0.738204;0.674578;0.000000;0.000000;2.809455;0.008222;
55.652447;12.574720;55.652409;12.574743;0.00;0.00;50.00;50.00;48.81;12;-0.658604;0.752490;0.752490;0.658604;0.000000;0.000000;2.823190;0.018139;
55.652447;12.574720;55.652409;12.574743;0.00;0.00;50.00;50.00;48.41;12;-0.663741;0.747963;0.747963;0.663741;0.000000;0.000000;2.824909;0.036557;
55.652447;12.574720;55.652409;12.574743;0.00;0.00;50.00;50.00;46.32;12;-0.690680;0.723161;0.723161;0.690680;0.000000;0.000000;2.801308;0.034227;
55.652447;12.574720;55.652409;12.574743;0.00;0.00;50.00;50.00;46.74;12;-0.685271;0.728288;0.728288;0.685271;0.000000;0.000000;2.799159;0.010277;
55.652447;12.574720;55.652409;12.574743;0.00;0.00;50.00;50.00;45.80;12;-0.697190;0.716887;0.716887;0.697190;0.000000;0.000000;2.793909;0.045224;
55.652447;12.574720;55.652409;12.574743;0.00;0.00;50.00;50.00;48.63;12;-0.660957;0.750423;0.750423;0.660957;0.000000;0.000000;2.793288;0.009253;
55.652447;12.574720;55.652409;12.574743;0.00;0.00;50.00;50.00;47.60;12;-0.674281;0.738475;0.738475;0.674281;0.000000;0.000000;2.812001;-0.008066;
55.652447;12.574720;55.652409;12.574743;0.00;0.00;50.00;50.00;48.50;12;-0.662595;0.748978;0.748978;0.662595;0.000000;0.000000;2.806932;-0.003615;
55.652447;12.574720;55.652409;12.574743;0.00;0.00;50.00;50.00;45.84;12;-0.696672;0.717389;0.717389;0.696672;0.000000;0.000000;2.804546;-0.002280;
55.652447;12.574720;55.652409;12.574743;0.00;0.00;50.00;50.00;45.37;12;-0.702494;0.711689;0.711689;0.702494;0.000000;0.000000;2.825606;0.016802;
55.652447;12.574720;55.652409;12.574743;0.00;0.00;50.00;50.00;49.07;12;-0.655075;0.755564;0.755564;0.655075;0.000000;0.000000;2.798467;0.022895;
55.652447;12.574720;55.652409;12.574743;0.00;0.00;50.00;50.00;48.15;12;-0.667186;0.744892;0.744892;0.667186;0.000000;0.000000;2.779965;0.033342;
55.652447;12.574720;55.652409;12.574743;0.00;0.00;50.00;50.00;47.33;12;-0.677770;0.735274;0.735274;0.677770;0.000000;0.000000;2.783274;0.045734;
55.652447;12.574720;55.652409;12.574743;0.00;0.00;50.00;50.00;46.36;12;-0.690064;0.723748;0.723748;0.690064;0.000000;0.000000;2.814794;0.015386;
55.652447;12.574720;55.652409;12.574743;0.00;0.00;50.00;50.00;49.64;12;-0.647574;0.762002;0.762002;0.647574;0.000000;0.000000;2.834697;0.002028;
55.652447;12.574720;55.652409;12.574743;0.00;0.00;50.00;50.00;48.01;12;-0.669045;0.743222;0.743222;0.669045;0.000000;0.000000;2.798314;0.020418;
55.652447;12.574720;55.652409;12.574743;0.00;0.00;50.00;50.00;49.80;12;-0.645508;0.763753;0.763753;0.645508;0.000000;0.000000;2.825000;0.036353;
55.652447;12.574720;55.652409;12.574743;0.00;0.00;50.00;50.00;47.14;12;-0.680273;0.732959;0.732959;0.680273;0.000000;0.000000;2.831512;0.029440;
55.652447;12.574720;55.652409;12.574743;0.00;0.00;50.00;50.00;46.75;12;-0.685133;0.728418;0.728418;0.685133;0.000000;0.000000;2.830279;0.033410;
55.652447;12.574720;55.652409;12.574743;0.00;0.00;50.00;50.00;46.32;12;-0.690598;0.723238;0.723238;0.690598;0.000000;0.000000;2.830021;0.024044;
55.652447;12.574720;55.652409;12.574743;0.00;0.00;50.00;50.00;45.91;12;-0.695771;0.718264;0.718264;0.695771;0.000000;0.000000;2.832318;0.028177;
55.652447;12.574720;55.652409;12.574743;0.00;0.00;50.00;50.00;48.53;12;-0.662174;0.749350;0.749350;0.662174;0.000000;0.000000;2.814661;0.044573;
55.652447;12.574720;55.652409;12.574743;0.00;0.00;50.00;50.00;47.57;12;-0.674713;0.738080;0.738080;0.674713;0.000000;0.000000;2.815021;0.043919;
55.652447;12.574720;55.652409;12.574743;0.00;0.00;50.00;50.00;49.40;12;-0.650740;0.759301;0.759301;0.650740;0.000000;0.000000;2.816419;0.037924;
55.652447;12.574720;55.652409;12.574743;0.00;0.00;50.00;50.00;46.85;12;-0.683854;0.729618;0.729618;0.683854;0.000000;0.000000;2.848449;0.001892;
55.652447;12.574720;55.652409;12.574743;0.00;0.00;50.00;50.00;48.25;12;-0.665892;0.746048;0.746048;0.665892;0.000000;0.000000;2.815730;0.020274;
55.652447;12.574720;55.652409;12.574743;0.00;0.00;50.00;50.00;46.86;12;-0.683825;0.729646;0.729646;0.683825;0.000000;0.000000;2.828104;0.024440;
55.652447;12.574720;55.652409;12.574743;0.00;0.00;50.00;50.00;47.33;12;-0.677720;0.735320;0.735320;0.677720;0.000000;0.000000;2.836693;0.008774;
55.652447;12.574720;55.652409;12.574743;0.00;0.00;50.00;50.00;44.68;12;-0.711056;0.703135;0.703135;0.711056;0.000000;0.000000;2.829997;0.002351;
55.652447;12.574720;55.652409;12.574743;0.00;0.00;50.00;50.00;50.07;12;-0.641849;0.766831;0.766831;0.641849;0.000000;0.000000;2.837982;-0.005435;
55.652447;12.574720;55.652409;12.574743;0.00;0.00;50.00;50.00;49.40;12;-0.650710;0.759326;0.759326;0.650710;0.000000;0.000000;2.833120;-0.001266;
55.652447;12.574720;55.652409;12.574743;0.00;0.00;50.00;50.00;48.84;12;-0.658156;0.752882;0.752882;0.658156;0.000000;0.000000;2.838960;0.012675;
55.652447;12.574720;55.652409;12.574743;0.00;0.00;50.00;50.00;45.01;12;-0.706924;0.707290;0.707290;0.706924;0.000000;0.000000;2.818897;0.005205;
55.652447;12.574720;55.652409;12.574743;0.00;0.00;50.00;50.00;47.70;12;-0.673006;0.739637;0.739637;0.673006;0.000000;0.000000;2.840830;0.012256;
55.652447;12.574720;55.652409;12.574743;0.00;0.00;50.00;50.00;51.03;12;-0.628854;0.777523;0.777523;0.628854;0.000000;0.000000;2.823036;0.021664;
55.652447;12.574720;55.652409;12.574743;0.00;0.00;50.00;50.00;46.57;12;-0.687441;0.726240;0.726240;0.687441;0.000000;0.000000;2.817839;0.021979;
55.652409;12.574743;55.652409;12.574743;0.00;0.00;50.00;50.00;49.60;12;-0.648119;0.761539;0.761539;0.648119;0.000000;0.000000;2.816942;0.014927;
55.652409;12.574743;55.652409;12.574743;0.00;0.00;50.00;50.00;45.46;12;-0.701359;0.712808;0.712808;0.701359;0.000000;0.000000;2.817764;0.017096;
55.652409;12.574743;55.652409;12.574743;0.00;0.00;50.00;50.00;49.76;12;-0.646049;0.763296;0.763296;0.646049;0.000000;0.000000;2.817403;0.017314;
55.652409;12.574743;55.652409;12.574743;0.00;0.00;50.00;50.00;48.38;12;-0.664172;0.747580;0.747580;0.664172;0.000000;0.000000;2.814624;0.024744;
55.652409;12.574743;55.652409;12.574743;0.00;0.00;50.00;50.00;48.94;12;-0.656832;0.754037;0.754037;0.656832;0.000000;0.000000;2.808348;0.019095;
55.652409;12.574743;55.652409;12.574743;0.00;0.00;50.00;50.00;51.44;12;-0.623266;0.782010;0.782010;0.623266;0.000000;0.000000;2.834448;0.015992;
55.652409;12.574743;55.652409;12.574743;0.00;0.00;50.00;50.00;50.15;12;-0.640763;0.767738;0.767738;0.640763;0.000000;0.000000;2.839508;0.016020;
55.652409;12.574743;55.652409;12.574743;0.00;0.00;50.00;50.00;49.29;12;-0.652182;0.758063;0.758063;0.652182;0.000000;0.000000;2.843238;0.013828;
55.652409;12.574743;55.652409;12.574743;0.00;0.00;50.00;50.00;49.53;12;-0.649015;0.760776;0.760776;0.649015;0.000000;0.000000;2.845018;0.014651;
55.652409;12.574743;55.652409;12.574743;0.00;0.00;50.00;50.00;65.90;12;-0.408262;0.912865;0.912865;0.408262;0.000000;0.000000;2.849000;0.000525;
55.652409;12.574743;55.652409;12.574743;0.00;0.00;50.00;50.00;54.31;12;-0.583433;0.812162;0.812162;0.583433;0.000000;0.000000;2.851048;-0.007441;
55.652409;12.574743;55.652409;12.574743;0.00;0.00;50.00;50.00;56.24;12;-0.555703;0.831381;0.831381;0.555703;0.000000;0.000000;2.848697;0.004780;
55.652409;12.574743;55.652409;12.574743;0.00;0.00;40.50;50.00;53.81;12;-0.590517;0.807026;0.807026;0.590517;0.000000;0.000000;2.834062;-0.035117;r45.100;
55.652409;12.574743;55.652409;12.574743;0.00;0.00;28.60;50.00;52.07;12;-0.614727;0.788740;0.788740;0.614727;0.000000;0.000000;2.249086;-0.236104;r28.700;
55.652409;12.574743;55.652409;12.574743;0.00;0.00;50.00;50.00;54.18;12;-0.585268;0.810840;0.810840;0.585268;0.000000;0.000000;1.300946;-0.098658;r30.600;
55.652409;12.574743;55.652409;12.574743;0.00;0.00;50.00;50.00;52.80;12;-0.604542;0.796573;0.796573;0.604542;0.000000;0.000000;2.476971;0.029056;
55.652409;12.574743;55.652409;12.574743;0.00;0.00;50.00;50.00;48.05;12;-0.668463;0.743745;0.743745;0.668463;0.000000;0.000000;2.477081;0.077594;
55.652409;12.574743;55.652409;12.574743;0.00;0.00;50.00;50.00;51.97;12;-0.616071;0.787691;0.787691;0.616071;0.000000;0.000000;2.501588;0.076237;
55.652409;12.574743;55.652409;12.574743;0.00;0.00;50.00;50.00;51.41;12;-0.623778;0.781601;0.781601;0.623778;0.000000;0.000000;2.510937;0.046845;
55.652409;12.574743;55.652409;12.574743;0.00;0.00;50.00;50.00;53.49;12;-0.594908;0.803794;0.803794;0.594908;0.000000;0.000000;2.516495;0.035775;
55.652409;12.574743;55.652409;12.574743;0.00;0.00;50.00;50.00;62.64;12;-0.459563;0.888145;0.888145;0.459563;0.000000;0.000000;2.545202;0.049327;
55.652409;12.574743;55.652409;12.574743;0.00;0.00;50.00;50.00;65.60;12;-0.413153;0.910662;0.910662;0.413153;0.000000;0.000000;2.418603;-0.127459;
55.652409;12.574743;55.652409;12.574743;0.00;0.00;50.00;50.00;64.83;12;-0.425247;0.905077;0.905077;0.425247;0.000000;0.000000;2.286279;-0.169439;
55.652409;12.574743;55.652409;12.574743;0.00;0.00;50.00;50.00;68.02;12;-0.374231;0.927335;0.927335;0.374231;0.000000;0.000000;2.029701;-0.213117;
55.652409;12.574743;55.652409;12.574743;0.00;0.00;50.00;50.00;78.57;12;-0.198167;0.980168;0.980168;0.198167;0.000000;0.000000;1.231254;-0.207365;
55.652409;12.574743;55.652409;12.574743;0.00;0.00;50.00;50.00;80.18;12;-0.170492;0.985359;0.985359;0.170492;0.000000;0.000000;0.336099;-0.192570;
55.652409;12.574743;55.652409;12.574743;0.00;0.00;50.00;50.00;77.66;12;-0.213635;0.976914;0.976914;0.213635;0.000000;0.000000;-0.132193;-0.185718;
55.652409;12.574743;55.652409;12.574743;0.00;0.00;50.00;50.00;74.11;12;-0.273817;0.961782;0.961782;0.273817;0.000000;0.000000;-0.349862;0.182378;
55.652409;12.574743;55.652409;12.574743;0.00;0.00;50.00;50.00;81.98;12;-0.139440;0.990231;0.990231;0.139440;0.000000;0.000000;-0.125112;0.065476;
55.652409;12.574743;55.652409;12.574743;0.00;0.00;50.00;50.00;81.50;12;-0.147732;0.989027;0.989027;0.147732;0.000000;0.000000;-0.042540;-0.026123;
55.652409;12.574743;55.652409;12.574744;-0.00;0.00;50.00;50.00;103.55;12;0.234287;0.972167;0.972167;-0.234287;0.000000;-0.000484;0.083572;-0.046722;
55.652409;12.574743;55.652409;12.574744;-0.00;0.00;50.00;50.00;94.83;12;0.084275;0.996443;0.996443;-0.084275;0.000000;-0.000490;-0.135158;-0.000564;
55.652409;12.574743;55.652409;12.574744;-0.00;-0.00;50.00;50.00;86.92;12;-0.053644;0.998560;0.998560;0.053644;0.000000;-0.000498;0.091376;0.083994;
55.652409;12.574743;55.652409;12.574744;-0.00;0.00;50.00;50.00;123.18;12;0.547294;0.836941;0.836941;-0.547294;0.000000;-0.000505;-0.044018;0.152470;
55.652409;12.574743;55.652409;12.574743;-0.00;-0.00;50.00;50.00;85.23;12;-0.083123;0.996539;0.996539;0.083123;0.000000;-0.000029;0.068210;-0.097147;
55.652409;12.574743;55.652409;12.574743;-0.00;-0.00;50.00;50.00;89.68;12;-0.005546;0.999985;0.999985;0.005546;0.000000;-0.000029;0.018587;-0.004894;
55.652409;12.574743;55.652409;12.574743;-0.00;0.00;50.00;50.00;94.76;12;0.083058;0.996545;0.996545;-0.083058;0.000000;-0.000029;0.000051;-0.060692;
55.652409;12.574743;55.652409;12.574743;-0.00;0.00;50.00;50.00;95.24;12;0.091314;0.995822;0.995822;-0.091314;0.000000;-0.000029;-0.012502;0.005210;
55.652409;12.574743;55.652409;12.574743;-0.00;0.00;50.00;50.00;101.01;12;0.190914;0.981607;0.981607;-0.190914;0.000000;-0.000029;-0.042562;0.030348;
55.652409;12.574743;55.652409;12.574742;0.00;-0.00;50.00;50.00;91.81;12;0.031556;0.999502;0.999502;-0.031556;0.000000;0.000455;-0.073744;-0.013954;
55.652409;12.574743;55.652409;12.574742;0.00;0.00;50.00;50.00;84.09;12;-0.102902;0.994691;0.994691;0.102902;0.000000;0.000462;0.003349;-0.027272;
55.652409;12.574743;55.652409;12.574741;0.00;0.00;50.00;50.00;84.43;12;-0.097028;0.995282;0.995282;0.097028;0.000000;0.000952;-0.016781;0.075436;
55.652409;12.574743;55.652409;12.574741;0.00;0.00;50.00;50.00;83.73;12;-0.109298;0.994009;0.994009;0.109298;0.000000;0.000966;0.026462;-0.069907;
55.652409;12.574743;55.652409;12.574741;0.00;0.00;50.00;50.00;89.34;12;-0.011516;0.999934;0.999934;0.011516;0.000000;0.000982;0.192079;0.058860;
55.652409;12.574743;55.652409;12.574740;0.00;0.00;50.00;50.00;80.59;12;-0.163458;0.986550;0.986550;0.163458;0.000000;0.001479;-0.030103;0.038366;
55.652409;12.574743;55.652409;12.574740;0.00;-0.00;50.00;50.00;93.99;12;0.069513;0.997581;0.997581;-0.069513;0.000000;0.001502;-0.031162;-0.036973;
55.652409;12.574743;55.652409;12.574739;0.00;0.00;50.00;50.00;86.06;12;-0.068658;0.997640;0.997640;0.068658;0.000000;0.002487;-0.055206;0.004599;
55.652409;12.574743;55.652409;12.574739;0.00;0.00;50.00;50.00;81.86;12;-0.141665;0.989915;0.989915;0.141665;0.000000;0.002528;-0.002505;0.150809;
55.652409;12.574743;55.652409;12.574739;0.00;0.00;50.00;50.00;78.20;12;-0.204542;0.978858;0.978858;0.204542;0.000000;0.003067;0.073225;0.012784;
55.652409;12.574743;55.652409;12.574737;0.00;0.00;50.00;50.00;83.73;12;-0.109247;0.994015;0.994015;0.109247;0.000000;0.004089;0.115785;0.060501;
55.652409;12.574743;55.652409;12.574737;0.00;0.00;50.00;50.00;78.87;12;-0.192954;0.981208;0.981208;0.192954;0.000000;0.004135;0.057338;0.030306;
55.652409;12.574743;55.652409;12.574736;0.00;-0.00;50.00;50.00;93.06;12;0.053355;0.998576;0.998576;-0.053355;0.000000;0.004678;-0.066739;-0.022529;
55.652409;12.574743;55.652409;12.574735;0.01;0.00;50.00;50.00;81.91;12;-0.140710;0.990051;0.990051;0.140710;0.000000;0.005221;-0.051385;-0.040805;
55.652409;12.574743;55.652412;12.574734;0.01;-0.00;50.00;50.00;89.33;12;-0.011709;0.999931;0.999931;0.011709;-0.003869;0.006739;0.107898;0.077588;
55.652409;12.574743;55.652412;12.574733;0.01;-0.00;50.00;50.00;86.17;12;-0.066862;0.997762;0.997762;0.066862;-0.003926;0.007314;0.049272;0.049563;
55.652409;12.574743;55.652412;12.574731;0.01;-0.00;50.00;50.00;84.65;12;-0.093324;0.995636;0.995636;0.093324;-0.003976;0.008369;0.110262;0.086892;
55.652409;12.574743;55.652412;12.574730;0.01;-0.00;50.00;50.00;82.75;12;-0.126216;0.992003;0.992003;0.126216;-0.004035;0.008972;-0.019618;-0.053872;
55.652409;12.574743;55.652412;12.574729;0.01;-0.00;50.00;50.00;84.36;12;-0.098258;0.995161;0.995161;0.098258;-0.004106;0.009606;-0.017326;-0.063138;
55.652409;12.574743;55.652412;12.574728;0.01;-0.00;50.00;50.00;83.38;12;-0.115359;0.993324;0.993324;0.115359;-0.004143;0.010172;-0.057502;-0.094448;
55.652409;12.574743;55.652412;12.574727;0.01;-0.00;50.00;50.00;76.12;12;-0.239856;0.970808;0.970808;0.239856;-0.004198;0.011270;0.023152;-0.064860;
55.652409;12.574743;55.652412;12.574725;0.01;-0.00;50.00;50.00;75.21;12;-0.255195;0.966890;0.966890;0.255195;-0.004247;0.012367;0.114644;0.081277;
55.652409;12.574743;55.652412;12.574724;0.01;-0.00;50.00;50.00;81.36;12;-0.150249;0.988648;0.988648;0.150249;-0.004309;0.013028;-0.008074;0.083089;
55.652409;12.574743;55.652412;12.574722;0.01;0.00;50.00;50.00;70.60;12;-0.332187;0.943213;0.943213;0.332187;-0.004362;0.014156;-0.013080;-0.041640;
55.652409;12.574743;55.652412;12.574720;0.02;0.00;50.00;50.00;73.07;12;-0.291194;0.956664;0.956664;0.291194;-0.004416;0.015299;0.086807;-0.070441;
55.652409;12.574743;55.652416;12.574719;0.02;-0.01;50.00;50.00;89.86;12;-0.002505;0.999997;0.999997;0.002505;-0.008341;0.016946;0.050500;0.002897;
55.652409;12.574743;55.652416;12.574718;0.02;-0.00;50.00;50.00;71.67;12;-0.314474;0.949266;0.949266;0.314474;-0.008444;0.018113;-0.000350;-0.015614;
55.652409;12.574743;55.652416;12.574716;0.02;-0.01;50.00;50.00;82.05;12;-0.138224;0.990401;0.990401;0.138224;-0.008561;0.019320;0.034591;0.046228;
55.652409;12.574743;55.652416;12.574715;0.02;-0.01;50.00;50.00;98.21;12;0.142805;0.989751;0.989751;-0.142805;-0.008711;0.020616;0.023508;0.013268;
55.652409;12.574743;55.652416;12.574713;0.02;-0.00;50.00;50.00;78.48;12;-0.199705;0.979856;0.979856;0.199705;-0.008781;0.021745;0.063878;0.004650;
55.652409;12.574743;55.652416;12.574711;0.02;-0.00;50.00;50.00;78.43;12;-0.200566;0.979680;0.979680;0.200566;-0.008888;0.022974;0.109199;-0.009989;
55.652409;12.574743;55.652416;12.574709;0.03;-0.00;50.00;50.00;75.66;12;-0.247716;0.968833;0.968833;0.247716;-0.008996;0.024217;-0.005696;-0.032858;
55.652409;12.574743;55.652416;12.574707;0.03;-0.00;50.00;50.00;75.95;12;-0.242721;0.970096;0.970096;0.242721;-0.009113;0.025982;0.004190;0.053764;
55.652409;12.574743;55.652420;12.574705;0.03;-0.01;50.00;50.00;79.49;12;-0.182345;0.983235;0.983235;0.182345;-0.013090;0.027742;0.006256;0.068063;
55.652409;12.574743;55.652420;12.574703;0.03;-0.01;50.00;50.00;77.54;12;-0.215768;0.976445;0.976445;0.215768;-0.013258;0.029053;0.045792;-0.006451;
55.652409;12.574743;55.652420;12.574702;0.03;-0.01;50.00;50.00;75.16;12;-0.256075;0.966657;0.966657;0.256075;-0.013419;0.029880;0.052420;-0.024637;
55.652409;12.574743;55.652420;12.574700;0.03;-0.01;50.00;50.00;81.53;12;-0.147265;0.989097;0.989097;0.147265;-0.013580;0.031680;0.084178;-0.138526;
55.652409;12.574743;55.652420;12.574698;0.04;-0.00;50.00;50.00;71.23;12;-0.321739;0.946828;0.946828;0.321739;-0.013752;0.033041;0.070390;-0.097349;
55.652409;12.574743;55.652420;12.574697;0.04;-0.00;50.00;50.00;73.61;12;-0.282171;0.959364;0.959364;0.282171;-0.013986;0.034562;0.102010;0.059932;
55.652409;12.574743;55.652424;12.574693;0.04;-0.01;50.00;50.00;82.13;12;-0.136980;0.990574;0.990574;0.136980;-0.018109;0.038088;0.113687;0.050656;
55.652409;12.574743;55.652424;12.574691;0.04;-0.01;50.00;50.00;76.67;12;-0.230555;0.973059;0.973059;0.230555;-0.018338;0.039521;0.112420;-0.027239;
55.652409;12.574743;55.652424;12.574689;0.04;-0.01;50.00;50.00;80.01;12;-0.173509;0.984832;0.984832;0.173509;-0.018558;0.041432;0.088867;-0.116632;
55.652409;12.574743;55.652424;12.574687;0.05;-0.01;50.00;50.00;78.69;12;-0.196060;0.980592;0.980592;0.196060;-0.018782;0.042890;0.042809;0.005181;
55.652409;12.574743;55.652424;12.574685;0.05;-0.01;50.00;50.00;79.87;12;-0.175880;0.984412;0.984412;0.175880;-0.019001;0.044350;0.123399;0.000078;
55.652409;12.574743;55.652428;12.574683;0.05;-0.01;50.00;50.00;77.42;12;-0.217732;0.976009;0.976009;0.217732;-0.023077;0.046762;0.281174;-0.266601;
55.652409;12.574743;55.652428;12.574681;0.05;-0.02;50.00;50.00;81.80;12;-0.142700;0.989766;0.989766;0.142700;-0.023363;0.048288;0.170273;-0.065747;
55.652409;12.574743;55.652428;12.574679;0.05;-0.01;50.00;50.00;76.20;12;-0.238542;0.971132;0.971132;0.238542;-0.023637;0.049804;0.185386;0.106964;
55.652409;12.574743;55.652428;12.574678;0.05;-0.01;50.00;50.00;80.20;12;-0.170267;0.985398;0.985398;0.170267;-0.024032;0.051097;0.198631;0.025871;
55.652409;12.574743;55.652428;12.574677;0.06;0.00;50.00;50.00;64.58;12;-0.429282;0.903170;0.903170;0.429282;-0.024192;0.052881;0.335660;-0.072082;
55.652409;12.574743;55.652428;12.574675;0.06;-0.01;50.00;50.00;74.44;12;-0.268321;0.963330;0.963330;0.268321;-0.024444;0.054389;0.212177;0.013606;
55.652409;12.574743;55.652428;12.574673;0.06;-0.01;50.00;50.00;75.85;12;-0.244431;0.969667;0.969667;0.244431;-0.024737;0.056001;0.151247;0.025467;
55.652409;12.574743;55.652431;12.574671;0.06;-0.01;50.00;50.00;72.70;12;-0.297307;0.954782;0.954782;0.297307;-0.028868;0.059008;0.176389;-0.049973;
55.652409;12.574743;55.652431;12.574669;0.07;-0.01;50.00;50.00;74.12;12;-0.273575;0.961851;0.961851;0.273575;-0.029205;0.060642;0.174121;0.062894;
55.652409;12.574743;55.652431;12.574668;0.06;-0.02;50.00;50.00;84.94;12;-0.088266;0.996097;0.996097;0.088266;-0.029536;0.061794;0.161652;0.023752;
55.652409;12.574743;55.652431;12.574666;0.07;-0.02;50.00;50.00;78.66;12;-0.196599;0.980484;0.980484;0.196599;-0.029837;0.063859;0.001044;0.066442;
55.652409;12.574743;55.652431;12.574664;0.07;-0.01;50.00;50.00;75.90;12;-0.243659;0.969861;0.969861;0.243659;-0.030193;0.065578;0.112351;-0.144582;
55.652409;12.574743;55.652431;12.574662;0.07;-0.02;50.00;50.00;79.14;12;-0.188360;0.982100;0.982100;0.188360;-0.030523;0.067252;0.158349;0.000772;
55.652409;12.574743;55.652435;12.574661;0.07;-0.02;50.00;50.00;79.69;12;-0.179014;0.983847;0.983847;0.179014;-0.034825;0.069166;0.108086;0.066698;
55.652409;12.574743;55.652435;12.574659;0.08;-0.01;50.00;50.00;69.68;12;-0.347280;0.937761;0.937761;0.347280;-0.035089;0.071121;0.042135;-0.057573;
55.652409;12.574743;55.652435;12.574657;0.08;-0.02;50.00;50.00;77.72;12;-0.212611;0.977137;0.977137;0.212611;-0.035482;0.072862;0.087651;-0.029573;
55.652409;12.574743;55.652435;12.574656;0.08;-0.02;50.00;50.00;76.96;12;-0.225602;0.974220;0.974220;0.225602;-0.035866;0.074112;0.061859;0.016926;
55.652409;12.574743;55.652435;12.574655;0.08;-0.03;50.00;50.00;84.91;12;-0.088636;0.996064;0.996064;0.088636;-0.036243;0.075840;0.127449;-0.027099;
55.652409;12.574743;55.652435;12.574654;0.08;-0.02;50.00;50.00;76.72;12;-0.229752;0.973249;0.973249;0.229752;-0.036635;0.077613;0.090147;0.021177;
55.652409;12.574743;55.652435;12.574652;0.09;-0.02;50.00;50.00;77.58;12;-0.215115;0.976589;0.976589;0.215115;-0.037019;0.079383;0.052420;0.008667;
55.652409;12.574743;55.652439;12.574651;0.09;-0.02;50.00;50.00;76.02;12;-0.241547;0.970389;0.970389;0.241547;-0.041249;0.081117;0.069297;0.005701;
55.652409;12.574743;55.652439;12.574649;0.09;-0.02;50.00;50.00;74.48;12;-0.267602;0.963529;0.963529;0.267602;-0.041726;0.082985;0.076268;-0.068437;
55.652409;12.574743;55.652439;12.574648;0.09;-0.02;50.00;50.00;73.14;12;-0.290060;0.957008;0.957008;0.290060;-0.042156;0.084778;0.093251;-0.054921;
55.652409;12.574743;55.652439;12.574646;0.10;-0.01;50.00;50.00;68.84;12;-0.361018;0.932559;0.932559;0.361018;-0.042732;0.086872;0.086823;-0.083358;
55.652409;12.574743;55.652439;12.574645;0.10;-0.02;50.00;50.00;75.57;12;-0.249141;0.968467;0.968467;0.249141;-0.043034;0.087955;0.092902;0.031356;
55.652409;12.574743;55.652439;12.574644;0.10;-0.01;50.00;50.00;70.73;12;-0.330014;0.943976;0.943976;0.330014;-0.043429;0.089227;0.142966;0.022987;
55.652409;12.574743;55.652443;12.574643;0.10;-0.01;50.00;50.00;67.27;12;-0.386430;0.922319;0.922319;0.386430;-0.047773;0.091636;0.103131;0.055854;
55.652409;12.574743;55.652443;12.574642;0.10;-0.03;50.00;50.00;78.82;12;-0.193846;0.981032;0.981032;0.193846;-0.048278;0.093045;0.094973;-0.029039;
55.652409;12.574743;55.652443;12.574641;0.11;-0.01;50.00;50.00;67.34;12;-0.385192;0.922836;0.922836;0.385192;-0.048772;0.094441;0.140350;-0.082504;
55.652409;12.574743;55.652443;12.574639;0.11;-0.01;50.00;50.00;67.18;12;-0.387791;0.921747;0.921747;0.387791;-0.049318;0.096424;0.145940;0.000961;
55.652409;12.574743;55.652447;12.574638;0.11;-0.01;50.00;50.00;65.02;12;-0.422227;0.906490;0.906490;0.422227;-0.053630;0.098229;0.050379;0.006786;
55.652409;12.574743;55.652447;12.574637;0.11;-0.02;50.00;50.00;71.88;12;-0.310951;0.950426;0.950426;0.310951;-0.054259;0.100282;0.091297;-0.083083;
55.652409;12.574743;55.652447;12.574636;0.11;-0.02;50.00;50.00;70.92;12;-0.326851;0.945076;0.945076;0.326851;-0.054774;0.101666;0.136296;-0.034656;
55.652409;12.574743;55.652447;12.574636;0.12;-0.01;50.00;50.00;68.87;12;-0.360490;0.932763;0.932763;0.360490;-0.055598;0.103602;0.076664;0.040750;
55.652409;12.574743;55.652451;12.574634;0.12;-0.02;57.20;37.40;70.01;12;-0.341870;0.939747;0.939747;0.341870;-0.056022;0.104354;0.876966;-0.554943;r57.100;
55.652409;12.574743;55.652451;12.574634;0.12;-0.02;67.30;26.00;81.89;12;-0.141114;0.989993;0.989993;0.141114;-0.056022;0.104354;2.240255;-3.650212;r66.800;
55.652409;12.574743;55.652451;12.574633;0.12;-0.02;74.70;28.00;87.30;12;-0.047160;0.998887;0.998887;0.047160;-0.056022;0.104354;4.155527;-4.912926;r70.700;
55.652409;12.574743;55.652454;12.574632;0.12;-0.02;81.10;31.90;77.42;12;-0.217768;0.976001;0.976001;0.217768;-0.056022;0.104354;5.648872;-3.978655;r81.100;
55.652409;12.574743;55.652454;12.574631;0.12;-0.02;84.60;46.40;74.56;12;-0.266192;0.963920;0.963920;0.266192;-0.056022;0.104354;6.800680;-2.531375;r84.900;
55.652409;12.574743;55.652454;12.574630;0.12;-0.02;85.90;50.00;67.66;12;-0.380029;0.924975;0.924975;0.380029;-0.056022;0.104354;7.238378;-0.252830;r85.600;
55.652409;12.574743;55.652454;12.574629;0.12;-0.02;85.80;50.00;70.22;12;-0.338377;0.941011;0.941011;0.338377;-0.056022;0.104354;7.821019;0.165809;r86.400;
55.652409;12.574743;55.652454;12.574628;0.12;-0.02;75.60;50.00;75.91;12;-0.243528;0.969894;0.969894;0.243528;-0.056022;0.104354;6.278113;0.078119;r79.600;
55.652409;12.574743;55.652454;12.574628;0.12;-0.02;69.20;50.30;77.75;12;-0.212151;0.977237;0.977237;0.212151;-0.056022;0.104354;4.725320;0.007078;r70.500;
55.652409;12.574743;55.652454;12.574628;0.12;-0.02;63.70;50.00;75.38;12;-0.252466;0.967606;0.967606;0.252466;-0.056022;0.104354;3.914765;-0.012241;r65.800;
55.652409;12.574743;55.652454;12.574628;0.12;-0.02;69.00;50.00;72.27;12;-0.304574;0.952489;0.952489;0.304574;-0.056022;0.104354;3.170452;0.019117;r67.500;
55.652409;12.574743;55.652454;12.574628;0.12;-0.02;65.60;50.00;64.92;12;-0.423945;0.905688;0.905688;0.423945;-0.056022;0.104354;3.899744;-0.033398;r65.900;
55.652409;12.574743;55.652454;12.574628;0.12;-0.02;69.90;52.40;68.88;12;-0.360372;0.932809;0.932809;0.360372;-0.056022;0.104354;3.611109;0.060645;r69.800;
55.652409;12.574743;55.652454;12.574628;0.12;-0.02;77.20;58.00;72.96;12;-0.293083;0.956087;0.956087;0.293083;-0.056022;0.104354;4.616416;0.815991;r77.200;
55.652409;12.574743;55.652451;12.574629;0.12;-0.02;77.30;61.30;58.92;12;-0.516283;0.856418;0.856418;0.516283;-0.056022;0.104354;5.468409;1.716996;r77.000;
55.652409;12.574743;55.652451;12.574630;0.12;-0.02;75.10;64.00;61.89;12;-0.471225;0.882013;0.882013;0.471225;-0.056022;0.104354;5.528143;2.387485;r76.700;
55.652409;12.574743;55.652451;12.574631;0.12;-0.02;73.30;66.10;61.90;12;-0.470966;0.882151;0.882151;0.470966;-0.056022;0.104354;4.978404;2.908631;r74.100;
55.652409;12.574743;55.652451;12.574632;0.12;-0.02;64.30;65.10;57.08;12;-0.543536;0.839386;0.839386;0.543536;-0.056022;0.104354;4.045548;3.054465;r66.700;
55.652409;12.574743;55.652451;12.574634;0.12;-0.02;51.70;61.60;66.80;12;-0.393978;0.919120;0.919120;0.393978;-0.056022;0.104354;1.456602;2.582419;r51.700;
55.652409;12.574743;55.652447;12.574637;0.12;-0.02;53.90;60.30;65.95;12;-0.407581;0.913169;0.913169;0.407581;-0.056022;0.104354;0.438942;1.502721;r51.400;
55.652409;12.574743;55.652447;12.574639;0.12;-0.02;67.10;62.30;65.35;12;-0.417111;0.908856;0.908856;0.417111;-0.056022;0.104354;2.008649;2.027874;r64.300;
55.652409;12.574743;55.652447;12.574641;0.12;-0.02;65.50;59.60;71.19;12;-0.322386;0.946608;0.946608;0.322386;-0.056022;0.104354;3.527812;2.113747;r67.000;
55.652409;12.574743;55.652447;12.574644;0.12;-0.02;57.30;56.60;71.17;12;-0.322745;0.946486;0.946486;0.322745;-0.056022;0.104354;2.765569;1.656318;r60.100;
55.652409;12.574743;55.652447;12.574646;0.12;-0.02;50.00;53.60;63.86;12;-0.440602;0.897702;0.897702;0.440602;-0.056022;0.104354;0.784077;0.632036;r50.100;
55.652409;12.574743;55.652443;12.574649;0.12;-0.02;50.00;53.10;62.91;12;-0.455361;0.890307;0.890307;0.455361;-0.056022;0.104354;0.000148;0.375702;p52.700;
55.652409;12.574743;55.652443;12.574651;0.12;-0.02;50.00;51.40;68.48;12;-0.366772;0.930311;0.930311;0.366772;-0.056022;0.104354;-0.068306;0.356713;p51.600;
55.652409;12.574743;55.652443;12.574654;0.12;-0.02;65.40;50.70;66.19;12;-0.403627;0.914923;0.914923;0.403627;-0.056022;0.104354;1.139492;0.057266;r59.200;
55.652409;12.574743;55.652443;12.574656;0.12;-0.02;81.80;54.80;63.14;12;-0.451814;0.892112;0.892112;0.451814;-0.056022;0.104354;5.358717;0.523762;r79.900;
55.652409;12.574743;55.652443;12.574662;0.12;-0.02;85.70;56.80;63.45;12;-0.446917;0.894575;0.894575;0.446917;-0.056022;0.104354;6.709492;1.210411;r84.200;
55.652409;12.574743;55.652439;12.574665;0.12;-0.02;89.50;58.90;60.80;12;-0.487789;0.872961;0.872961;0.487789;-0.056022;0.104354;7.409590;1.479501;r88.700;
55.652409;12.574743;55.652439;12.574669;0.12;-0.02;89.60;60.50;60.55;12;-0.491635;0.870801;0.870801;0.491635;-0.056022;0.104354;7.970291;1.899740;r89.900;
55.652409;12.574743;55.652439;12.574673;0.12;-0.02;91.20;61.60;71.79;12;-0.312515;0.949913;0.949913;0.312515;-0.056022;0.104354;8.041495;2.094594;r91.200;
55.652409;12.574743;55.652439;12.574677;0.12;-0.02;92.90;61.40;60.47;12;-0.492935;0.870066;0.870066;0.492935;-0.056022;0.104354;8.393495;2.277110;r92.700;
55.652409;12.574743;55.652435;12.574680;0.12;-0.02;93.30;61.40;58.25;12;-0.526221;0.850348;0.850348;0.526221;-0.056022;0.104354;8.652554;2.186040;r93.300;
55.652409;12.574743;55.652435;12.574685;0.12;-0.02;90.30;62.00;61.79;12;-0.472642;0.881255;0.881255;0.472642;-0.056022;0.104354;8.555555;2.070417;r91.500;
55.652409;12.574743;55.652431;12.574690;0.12;-0.02;50.00;69.30;66.89;12;-0.392445;0.919776;0.919776;0.392445;-0.056022;0.104354;6.572174;3.017874;r65.000;
55.652409;12.574743;55.652431;12.574695;0.12;-0.02;5.20;69.10;74.92;12;-0.260163;0.965565;0.965565;0.260163;-0.056022;0.104354;-1.335208;4.473904;r25.100;
55.652409;12.574743;55.652428;12.574700;0.12;-0.02;2.10;69.90;74.07;12;-0.274435;0.961606;0.961606;0.274435;-0.056022;0.104354;-6.528055;3.941385;r2.600;
55.652409;12.574743;55.652428;12.574705;0.12;-0.02;2.10;61.00;70.10;12;-0.340367;0.940293;0.940293;0.340367;-0.056022;0.104354;-9.471416;3.345565;r2.100;
55.652409;12.574743;55.652428;12.574711;0.12;-0.02;1.80;50.00;73.56;12;-0.283019;0.959114;0.959114;0.283019;-0.056022;0.104354;-9.841571;1.016155;r2.000;
55.652409;12.574743;55.652424;12.574717;0.12;-0.02;13.20;45.50;91.40;12;0.024439;0.999701;0.999701;-0.024439;-0.056022;0.104354;-8.855693;-0.483234;r13.200;
55.652409;12.574743;55.652424;12.574721;0.12;-0.02;35.60;2.60;63.47;12;-0.446669;0.894699;0.894699;0.446669;-0.056022;0.104354;-4.654490;-6.737985;r34.500;
55.652409;12.574743;55.652424;12.574726;0.12;-0.02;50.00;10.50;74.43;12;-0.268407;0.963306;0.963306;0.268407;-0.056022;0.104354;-1.416187;-9.979745;r42.400;
55.652409;12.574743;55.652424;12.574731;0.12;-0.02;49.90;20.80;120.91;12;0.513668;0.857989;0.857989;-0.513668;-0.056022;0.104354;2.282370;-5.947706;p16.800;
55.652409;12.574743;55.652424;12.574736;0.12;-0.02;44.40;20.20;76.18;12;-0.238843;0.971058;0.971058;0.238843;-0.056022;0.104354;0.701516;0.747106;r46.900;
55.652409;12.574743;55.652424;12.574739;0.12;-0.02;37.10;20.30;72.33;12;-0.303616;0.952794;0.952794;0.303616;-0.056022;0.104354;3.898831;-2.871767;r39.900;
55.652409;12.574743;55.652424;12.574739;0.12;-0.02;23.80;33.90;103.41;12;0.231934;0.972731;0.972731;-0.231934;-0.056022;0.104354;1.532988;-4.725200;r23.800;
55.652409;12.574743;55.652424;12.574740;0.12;-0.02;35.70;47.50;50.93;12;-0.630281;0.776367;0.776367;0.630281;-0.056022;0.104354;1.174623;0.641681;r27.200;
55.652409;12.574743;55.652424;12.574741;0.12;-0.02;39.30;49.10;41.66;12;-0.747104;0.664707;0.664707;0.747104;-0.056022;0.104354;0.933376;0.419357;r37.000;
55.652424;12.574741;55.652424;12.574741;0.03;0.03;50.00;50.00;24.00;12;-0.913580;0.406660;0.406660;0.913580;-0.017341;0.035696;1.350627;0.739752;r42.000;
55.652424;12.574741;55.652424;12.574741;0.03;0.02;50.00;50.00;25.66;12;-0.901416;0.432954;0.432954;0.901416;-0.017341;0.035696;1.403958;0.864332;
55.652424;12.574741;55.652424;12.574740;0.03;0.02;50.00;50.00;26.50;12;-0.894905;0.446257;0.446257;0.894905;-0.017341;0.036179;1.407615;0.903749;
55.652424;12.574741;55.652424;12.574741;0.03;0.02;50.00;50.00;25.18;12;-0.905002;0.425408;0.425408;0.905002;-0.017341;0.035702;1.354365;0.895040;
55.652424;12.574741;55.652424;12.574741;0.03;0.02;50.00;50.00;25.08;12;-0.905710;0.423897;0.423897;0.905710;-0.017341;0.035702;1.326791;0.899246;
55.652424;12.574741;55.652424;12.574741;0.03;0.03;50.00;50.00;22.42;12;-0.924408;0.381404;0.381404;0.924408;-0.017341;0.035702;1.315898;1.075052;
55.652424;12.574741;55.652424;12.574741;0.03;0.03;50.00;50.00;23.00;12;-0.920537;0.390656;0.390656;0.920537;-0.017341;0.035702;0.947375;1.320890;
55.652424;12.574741;55.652424;12.574741;0.03;0.03;50.00;50.00;22.17;12;-0.926050;0.377401;0.377401;0.926050;-0.017341;0.035702;1.037593;1.336422;
55.652424;12.574741;55.652424;12.574741;0.03;0.03;50.00;50.00;20.58;12;-0.936157;0.351583;0.351583;0.936157;-0.017341;0.035702;0.932618;1.347948;
55.652424;12.574741;55.652424;12.574741;0.03;0.03;50.00;50.00;21.78;12;-0.928585;0.371119;0.371119;0.928585;-0.017341;0.035702;1.024854;1.413329;
55.652424;12.574741;55.652424;12.574741;0.03;0.03;50.00;50.00;22.95;12;-0.920814;0.390001;0.390001;0.920814;-0.017341;0.035702;1.003786;1.593870;
55.652424;12.574741;55.652424;12.574741;0.03;0.03;50.00;50.00;19.41;12;-0.943136;0.332407;0.332407;0.943136;-0.017341;0.035702;1.015135;1.575446;
55.652424;12.574741;55.652424;12.574741;0.03;0.03;50.00;50.00;18.59;12;-0.947825;0.318792;0.318792;0.947825;-0.017341;0.035702;0.995121;1.499048;
55.652424;12.574741;55.652424;12.574741;0.03;0.03;50.00;50.00;20.11;12;-0.939054;0.343769;0.343769;0.939054;-0.017341;0.035702;0.980859;1.479569;
55.652424;12.574741;55.652424;12.574741;0.03;0.03;50.00;50.00;22.53;12;-0.923695;0.383128;0.383128;0.923695;-0.017341;0.035702;0.970737;1.485537;
55.652424;12.574741;55.652424;12.574741;0.03;0.03;50.00;50.00;20.59;12;-0.936130;0.351653;0.351653;0.936130;-0.017341;0.035702;0.983508;1.451079;
55.652424;12.574741;55.652424;12.574742;0.03;0.03;50.00;50.00;22.53;12;-0.923711;0.383089;0.383089;0.923711;-0.017341;0.035702;0.990614;1.449061;
55.652424;12.574741;55.652424;12.574742;0.03;0.03;50.00;50.00;21.68;12;-0.929289;0.369354;0.369354;0.929289;-0.017341;0.035702;0.976389;1.450271;
55.652424;12.574741;55.652424;12.574742;0.03;0.03;50.00;50.00;20.35;12;-0.937596;0.347727;0.347727;0.937596;-0.017341;0.035702;0.988411;1.464712;
55.652424;12.574741;55.652424;12.574742;0.03;0.03;50.00;50.00;22.24;12;-0.925589;0.378530;0.378530;0.925589;-0.017341;0.035702;0.991681;1.490038;
55.652424;12.574741;55.652424;12.574742;0.03;0.03;50.00;50.00;21.35;12;-0.931351;0.364124;0.364124;0.931351;-0.017341;0.035702;0.967537;1.484627;
55.652424;12.574741;55.652424;12.574742;0.03;0.03;50.00;50.00;21.19;12;-0.932418;0.361382;0.361382;0.932418;-0.017341;0.035702;0.968719;1.480071;
55.652424;12.574741;55.652424;12.574742;0.03;0.03;50.00;50.00;20.71;12;-0.935377;0.353651;0.353651;0.935377;-0.017341;0.035702;0.983210;1.467293;
55.652424;12.574741;55.652424;12.574742;0.03;0.03;50.00;50.00;20.09;12;-0.939141;0.343531;0.343531;0.939141;-0.017341;0.035702;0.978960;1.481158;
55.652424;12.574741;55.652424;12.574742;0.03;0.03;50.00;50.00;21.15;12;-0.932655;0.360770;0.360770;0.932655;-0.017341;0.035702;0.966560;1.490960;
55.652424;12.574741;55.652424;12.574742;0.03;0.03;50.00;50.00;22.20;12;-0.925895;0.377782;0.377782;0.925895;-0.017341;0.035702;0.973869;1.494061;
55.652424;12.574741;55.652424;12.574742;0.03;0.03;50.00;50.00;22.51;12;-0.923815;0.382839;0.382839;0.923815;-0.017341;0.035702;1.001800;1.490861;
55.652424;12.574741;55.652424;12.574742;0.03;0.03;50.00;50.00;21.13;12;-0.932778;0.360452;0.360452;0.932778;-0.017341;0.035702;0.983757;1.473263;
55.652424;12.574741;55.652424;12.574742;0.03;0.03;50.00;50.00;22.43;12;-0.924376;0.381483;0.381483;0.924376;-0.017341;0.035702;0.978688;1.474282;
55.652424;12.574741;55.652424;12.574742;0.03;0.03;50.00;50.00;22.89;12;-0.921254;0.388961;0.388961;0.921254;-0.017341;0.035702;0.964429;1.470594;
55.652424;12.574741;55.652424;12.574742;0.03;0.03;50.00;50.00;22.24;12;-0.925580;0.378552;0.378552;0.925580;-0.017341;0.035702;0.958827;1.461484;
55.652424;12.574741;55.652424;12.574742;0.03;0.03;50.00;50.00;22.21;12;-0.925798;0.378019;0.378019;0.925798;-0.017341;0.035702;0.953872;1.465197;
55.652424;12.574741;55.652424;12.574742;0.03;0.03;50.00;50.00;19.66;12;-0.941715;0.336413;0.336413;0.941715;-0.017341;0.035702;0.967564;1.488525;
55.652424;12.574741;55.652424;12.574742;0.03;0.03;50.00;50.00;22.10;12;-0.926516;0.376255;0.376255;0.926516;-0.017341;0.035702;0.968122;1.488151;
55.652424;12.574741;55.652424;12.574742;0.03;0.03;50.00;50.00;21.96;12;-0.927444;0.373962;0.373962;0.927444;-0.017341;0.035702;0.972852;1.494687;
55.652424;12.574741;55.652424;12.574743;0.03;0.03;50.00;50.00;22.04;12;-0.926936;0.375220;0.375220;0.926936;-0.017341;0.035702;1.006650;1.493430;
55.652424;12.574741;55.652424;12.574742;0.03;0.03;50.00;50.00;22.41;12;-0.924508;0.381161;0.381161;0.924508;-0.017341;0.035702;0.985184;1.487492;
55.652424;12.574741;55.652424;12.574743;0.03;0.03;50.00;50.00;20.90;12;-0.934195;0.356763;0.356763;0.934195;-0.017341;0.035702;0.969065;1.491940;
55.652424;12.574741;55.652424;12.574743;0.03;0.03;50.00;50.00;22.08;12;-0.926650;0.375925;0.375925;0.926650;-0.017341;0.035702;0.969890;1.502614;
55.652424;12.574741;55.652424;12.574743;0.03;0.03;50.00;50.00;20.80;12;-0.934851;0.355039;0.355039;0.934851;-0.017341;0.035702;0.965661;1.501473;
55.652424;12.574741;55.652424;12.574743;0.03;0.03;50.00;50.00;21.47;12;-0.930587;0.366071;0.366071;0.930587;-0.017341;0.035702;1.002062;1.501823;
55.652424;12.574741;55.652424;12.574743;0.03;0.03;50.00;50.00;21.50;12;-0.930430;0.366469;0.366469;0.930430;-0.017341;0.035702;1.016316;1.479318;
55.652424;12.574741;55.652424;12.574743;0.03;0.03;50.00;50.00;19.85;12;-0.940579;0.339576;0.339576;0.940579;-0.017341;0.035702;1.011937;1.471146;
55.652424;12.574741;55.652424;12.574743;0.03;0.03;50.00;50.00;22.89;12;-0.921223;0.389035;0.389035;0.921223;-0.017341;0.035702;1.007962;1.471900;
55.652424;12.574741;55.652424;12.574743;0.03;0.03;50.00;50.00;23.00;12;-0.920536;0.390658;0.390658;0.920536;-0.017341;0.035702;0.997763;1.478795;
55.652424;12.574741;55.652424;12.574743;0.03;0.03;50.00;50.00;22.06;12;-0.926813;0.375522;0.375522;0.926813;-0.017341;0.035702;1.000602;1.449885;
55.652424;12.574741;55.652424;12.574743;0.03;0.03;50.00;50.00;21.09;12;-0.932990;0.359902;0.359902;0.932990;-0.017341;0.035702;1.002049;1.458168;
55.652424;12.574741;55.652424;12.574743;0.03;0.03;50.00;50.00;19.82;12;-0.940752;0.339096;0.339096;0.940752;-0.017341;0.035702;1.001463;1.460660;
55.652424;12.574741;55.652424;12.574743;0.03;0.03;50.00;50.00;21.71;12;-0.929086;0.369863;0.369863;0.929086;-0.017341;0.035702;1.005579;1.481283;
55.652424;12.574741;55.652424;12.574743;0.03;0.03;50.00;50.00;23.60;12;-0.916363;0.400349;0.400349;0.916363;-0.017341;0.035702;0.987126;1.483425;
55.652424;12.574741;55.652424;12.574743;0.03;0.03;50.00;50.00;21.57;12;-0.929992;0.367579;0.367579;0.929992;-0.017341;0.035702;0.994852;1.517080;
55.652424;12.574741;55.652424;12.574743;0.03;0.03;50.00;50.00;20.97;12;-0.933754;0.357916;0.357916;0.933754;-0.017341;0.035702;0.979229;1.507341;
55.652424;12.574741;55.652424;12.574743;0.03;0.03;50.00;50.00;18.94;12;-0.945874;0.324535;0.324535;0.945874;-0.017341;0.035702;0.981287;1.495244;
55.652424;12.574741;55.652424;12.574743;0.03;0.03;50.00;50.00;21.37;12;-0.931216;0.364469;0.364469;0.931216;-0.017341;0.035702;0.982414;1.479041;
55.652424;12.574741;55.652424;12.574743;0.03;0.03;50.00;50.00;21.67;12;-0.929340;0.369225;0.369225;0.929340;-0.017341;0.035702;1.015674;1.466178;
55.652424;12.574741;55.652424;12.574743;0.03;0.03;50.00;50.00;21.84;12;-0.928254;0.371946;0.371946;0.928254;-0.017341;0.035702;0.999353;1.450853;
55.652424;12.574741;55.652424;12.574743;0.03;0.03;50.00;50.00;19.88;12;-0.940407;0.340052;0.340052;0.940407;-0.017341;0.035702;1.011640;1.500741;
55.652424;12.574741;55.652424;12.574743;0.03;0.03;50.00;50.00;20.76;12;-0.935062;0.354485;0.354485;0.935062;-0.017341;0.035702;0.994246;1.492742;
55.652424;12.574741;55.652424;12.574743;0.03;0.03;50.00;50.00;21.24;12;-0.932071;0.362276;0.362276;0.932071;-0.017341;0.035702;0.986298;1.480821;
55.652424;12.574741;55.652424;12.574743;0.03;0.03;50.00;50.00;21.11;12;-0.932901;0.360134;0.360134;0.932901;-0.017341;0.035702;0.993251;1.481607;
55.652424;12.574741;55.652424;12.574743;0.03;0.03;50.00;50.00;21.11;12;-0.932895;0.360147;0.360147;0.932895;-0.017341;0.035702;0.972494;1.505284;
55.652424;12.574741;55.652424;12.574743;0.03;0.03;50.00;50.00;21.17;12;-0.932501;0.361167;0.361167;0.932501;-0.017341;0.035702;0.989555;1.502590;
55.652424;12.574741;55.652424;12.574743;0.03;0.03;50.00;50.00;23.71;12;-0.915567;0.402166;0.402166;0.915567;-0.017341;0.035702;0.976489;1.494183;
55.652424;12.574741;55.652424;12.574743;0.03;0.03;50.00;50.00;20.85;12;-0.934524;0.355900;0.355900;0.934524;-0.017341;0.035702;0.978685;1.474107;
55.652424;12.574741;55.652424;12.574743;0.03;0.03;50.00;50.00;22.79;12;-0.921899;0.387430;0.387430;0.921899;-0.017341;0.035702;1.011972;1.491666;
55.652424;12.574741;55.652424;12.574743;0.03;0.03;50.00;50.00;21.16;12;-0.932575;0.360975;0.360975;0.932575;-0.017341;0.035702;0.995363;1.477609;
55.652424;12.574741;55.652424;12.574744;0.03;0.03;50.00;50.00;20.61;12;-0.935978;0.352058;0.352058;0.935978;-0.017341;0.035702;1.015274;1.478836;
55.652424;12.574741;55.652424;12.574743;0.03;0.03;50.00;50.00;20.66;12;-0.935695;0.352810;0.352810;0.935695;-0.017341;0.035702;0.997914;1.487924;
55.652424;12.574741;55.652424;12.574744;0.03;0.03;50.00;50.00;23.10;12;-0.919834;0.392309;0.392309;0.919834;-0.017341;0.035702;1.004434;1.481241;
55.652424;12.574741;55.652424;12.574744;0.03;0.03;50.00;50.00;21.58;12;-0.929926;0.367747;0.367747;0.929926;-0.017341;0.035702;0.998490;1.478353;
55.652424;12.574741;55.652424;12.574744;0.03;0.03;50.00;50.00;21.62;12;-0.929659;0.368421;0.368421;0.929659;-0.017341;0.035702;1.015278;1.476120;
55.652424;12.574741;55.652424;12.574744;0.03;0.03;50.00;50.00;21.68;12;-0.929259;0.369429;0.369429;0.929259;-0.017341;0.035702;1.015316;1.498355;
55.652424;12.574741;55.652424;12.574744;0.03;0.03;50.00;50.00;21.66;12;-0.929385;0.369112;0.369112;0.929385;-0.017341;0.035702;1.007200;1.492827;
55.652424;12.574741;55.652424;12.574744;0.03;0.03;50.00;50.00;21.32;12;-0.931555;0.363601;0.363601;0.931555;-0.017341;0.035702;0.987741;1.492198;
55.652424;12.574741;55.652424;12.574744;0.03;0.03;50.00;50.00;21.50;12;-0.930444;0.366435;0.366435;0.930444;-0.017341;0.035702;0.992284;1.481048;
55.652424;12.574741;55.652424;12.574744;0.03;0.03;50.00;50.00;18.57;12;-0.947935;0.318464;0.318464;0.947935;-0.017341;0.035702;1.017258;1.504892;
55.652424;12.574741;55.652424;12.574744;0.03;0.03;50.00;50.00;20.83;12;-0.934664;0.355531;0.355531;0.934664;-0.017341;0.035702;1.017390;1.507249;
55.652424;12.574741;55.652424;12.574744;0.03;0.03;50.00;50.00;21.97;12;-0.927366;0.374154;0.374154;0.927366;-0.017341;0.035702;1.017738;1.521577;
55.652424;12.574741;55.652424;12.574744;0.03;0.03;50.00;50.00;19.93;12;-0.940084;0.340942;0.340942;0.940084;-0.017341;0.035702;1.019082;1.522304;
55.652424;12.574741;55.652424;12.574744;0.03;0.03;50.00;50.00;22.12;12;-0.926367;0.376621;0.376621;0.926367;-0.017341;0.035702;1.004967;1.500616;
55.652424;12.574741;55.652424;12.574744;0.03;0.03;50.00;50.00;20.61;12;-0.935988;0.352032;0.352032;0.935988;-0.017341;0.035702;0.996543;1.523127;
55.652424;12.574741;55.652424;12.574744;0.03;0.03;50.00;50.00;20.71;12;-0.935405;0.353577;0.353577;0.935405;-0.017341;0.035702;1.014117;1.518378;
55.652424;12.574741;55.652424;12.574744;0.03;0.03;50.00;50.00;20.82;12;-0.934700;0.355438;0.355438;0.934700;-0.017341;0.035702;0.987028;1.496363;
55.652424;12.574741;55.652424;12.574744;0.03;0.03;50.00;50.00;22.01;12;-0.927148;0.374696;0.374696;0.927148;-0.017341;0.035702;1.014558;1.502701;
55.652424;12.574741;55.652424;12.574744;0.03;0.03;50.00;50.00;21.03;12;-0.933393;0.358856;0.358856;0.933393;-0.017341;0.035702;1.022581;1.471167;
55.652424;12.574741;55.652424;12.574744;0.03;0.03;50.00;50.00;22.50;12;-0.923877;0.382688;0.382688;0.923877;-0.017341;0.035702;0.982474;1.499855;
55.652424;12.574741;55.652424;12.574744;0.03;0.03;50.00;50.00;21.53;12;-0.930215;0.367014;0.367014;0.930215;-0.017341;0.035702;0.978936;1.494000;
55.652424;12.574741;55.652424;12.574744;0.03;0.03;50.00;50.00;21.89;12;-0.927885;0.372868;0.372868;0.927885;-0.017341;0.035702;0.989247;1.482335;
55.652424;12.574741;55.652424;12.574744;0.03;0.03;50.00;50.00;22.50;12;-0.923848;0.382759;0.382759;0.923848;-0.017341;0.035702;0.991619;1.491866;
55.652424;12.574741;55.652424;12.574744;0.03;0.03;50.00;50.00;21.37;12;-0.931224;0.364448;0.364448;0.931224;-0.017341;0.035702;1.005725;1.492523;
55.652424;12.574741;55.652424;12.574744;0.03;0.03;50.00;50.00;21.95;12;-0.927483;0.373866;0.373866;0.927483;-0.017341;0.035702;1.010268;1.517240;
55.652424;12.574741;55.652424;12.574744;0.03;0.03;50.00;50.00;20.80;12;-0.934847;0.355049;0.355049;0.934847;-0.017341;0.035702;1.021924;1.509585;
55.652424;12.574741;55.652424;12.574744;0.03;0.03;50.00;50.00;20.86;12;-0.934449;0.356097;0.356097;0.934449;-0.017341;0.035702;1.011133;1.470352;
55.652424;12.574741;55.652424;12.574744;0.03;0.03;50.00;50.00;21.10;12;-0.932923;0.360076;0.360076;0.932923;-0.017341;0.035702;1.006769;1.491922;
55.652424;12.574741;55.652424;12.574744;0.03;0.03;50.00;50.00;21.79;12;-0.928576;0.371142;0.371142;0.928576;-0.017341;0.035702;1.029963;1.476685;
55.652424;12.574741;55.652424;12.574744;0.03;0.03;50.00;50.00;21.58;12;-0.929904;0.367802;0.367802;0.929904;-0.017341;0.035702;0.902103;1.565492;
55.652424;12.574741;55.652424;12.574744;0.03;0.03;50.00;50.00;22.42;12;-0.924412;0.381396;0.381396;0.924412;-0.017341;0.035702;0.963141;1.468922;
55.652424;12.574741;55.652424;12.574744;0.03;0.03;50.00;50.00;20.38;12;-0.937413;0.348219;0.348219;0.937413;-0.017341;0.035702;0.977319;1.439963;
55.652424;12.574741;55.652424;12.574744;0.03;0.03;50.00;50.00;19.74;12;-0.941247;0.337718;0.337718;0.941247;-0.017341;0.035702;0.980756;1.471051;
55.652424;12.574741;55.652424;12.574744;0.03;0.03;50.00;50.00;20.70;12;-0.935459;0.353436;0.353436;0.935459;-0.017341;0.035702;1.016104;1.482151;
55.652424;12.574741;55.652424;12.574744;0.03;0.03;50.00;50.00;21.28;12;-0.931814;0.362936;0.362936;0.931814;-0.017341;0.035702;0.943521;1.627081;
55.652424;12.574741;55.652424;12.574744;0.03;0.03;50.00;50.00;24.51;12;-0.909886;0.414859;0.414859;0.909886;-0.017341;0.035702;1.342746;1.916244;
