55.862801;5.524123;55.862801;9.843830;0.00;0.00;0.40;2.01;14.38;8;0.000000;0.000000;
55.862801;5.524123;55.862801;9.843830;0.00;0.00;0.37;2.03;15.27;8;0.000000;0.000000;
55.862801;5.524123;55.862801;9.843829;0.00;0.00;0.31;2.08;14.45;7;0.000000;0.000000;
55.862801;5.524123;55.862804;9.843830;0.00;0.00;0.25;2.11;14.52;7;0.000000;0.000000;
55.862801;5.524123;55.862804;9.843830;0.00;0.00;0.19;2.13;12.70;7;0.000000;0.000000;
55.862801;5.524123;55.862804;9.843830;0.00;0.00;0.14;2.14;12.02;7;0.000000;0.000000;
55.862801;5.524123;55.862808;9.843830;0.00;0.00;0.09;2.15;12.79;7;0.000000;0.000000;
55.862801;5.524123;55.862808;9.843829;0.00;0.00;0.07;2.15;14.28;7;0.000000;0.000000;
55.862801;5.524123;55.862808;9.843828;0.00;0.00;0.04;2.17;12.90;7;0.000000;0.000000;
55.862801;5.524123;55.862808;9.843828;0.00;0.00;0.03;2.18;13.51;7;0.000000;0.000000;
55.862801;5.524123;55.862808;9.843828;0.00;0.00;0.01;2.18;11.52;7;0.000000;0.000000;
55.862801;5.524123;55.862812;9.843828;0.00;0.00;-0.02;2.17;12.83;7;0.000000;0.000000;
55.862801;5.524123;55.862812;9.843827;0.00;0.00;-0.04;2.18;12.11;7;0.000000;0.000000;
55.862801;5.524123;55.862812;9.843826;0.00;0.00;-0.04;2.19;13.42;7;0.000000;0.000000;
55.862801;5.524123;55.862812;9.843826;0.00;0.00;-0.04;2.20;12.39;8;0.000000;0.000000;
55.862801;5.524123;55.862816;9.843826;0.00;0.00;-0.04;2.20;11.85;8;0.000000;0.000000;
55.862801;5.524123;55.862816;9.843826;0.00;0.00;-0.06;2.19;11.43;8;0.000000;0.000000;
55.862801;5.524123;55.862816;9.843825;0.00;0.00;-0.07;2.20;12.25;8;0.000000;0.000000;
55.862801;5.524123;55.862816;9.843825;0.00;0.00;-0.06;2.21;13.79;8;0.000000;0.000000;
55.862801;5.524123;55.862820;9.843826;0.00;0.00;-0.07;2.21;14.02;7;0.000000;0.000000;
55.862801;5.524123;55.862820;9.843826;0.00;0.00;-0.08;2.21;13.26;7;0.000000;0.000000;
55.862801;5.524123;55.862820;9.843826;0.00;0.00;-0.09;2.21;11.94;7;0.000000;0.000000;
55.862801;5.524123;55.862820;9.843827;0.00;0.00;-0.10;2.22;12.42;7;0.000000;0.000000;
55.862801;5.524123;55.862823;9.843827;0.00;0.00;-0.11;2.22;10.46;7;0.000000;0.000000;
55.862801;5.524123;55.862823;9.843828;0.00;0.00;-0.10;2.23;12.86;7;0.000000;0.000000;
55.862801;5.524123;55.862827;9.843828;0.00;0.00;-0.10;2.23;11.71;8;0.000000;0.000000;
55.862801;5.524123;55.862827;9.843828;0.00;0.00;-0.09;2.21;11.96;8;0.000000;0.000000;
55.862801;5.524123;55.862827;9.843829;0.00;0.00;-0.09;2.21;11.64;8;0.000000;0.000000;
55.862801;5.524123;55.862831;9.843829;0.00;0.00;-0.10;2.20;12.56;8;0.000000;0.000000;
55.862801;5.524123;55.862831;9.843830;0.00;0.00;-0.10;2.20;13.12;8;0.000000;0.000000;
55.862801;5.524123;55.862831;9.843830;0.00;0.00;-0.11;2.20;13.39;8;0.000000;0.000000;
55.862801;5.524123;55.862835;9.843831;0.00;0.00;-0.10;2.20;11.74;8;0.000000;0.000000;
55.862801;5.524123;55.862835;9.843831;0.00;0.00;-0.10;2.20;12.04;8;0.000000;0.000000;
55.862801;5.524123;55.862839;9.843832;0.00;0.00;-0.10;2.21;12.73;8;0.000000;0.000000;
55.862801;5.524123;55.862839;9.843832;0.00;0.00;-0.11;2.21;13.26;8;0.000000;0.000000;
55.862801;5.524123;55.862839;9.843833;0.00;0.00;-0.10;2.20;12.56;8;0.000000;0.000000;
55.862801;5.524123;55.862843;9.843833;0.00;0.00;-0.10;2.21;13.33;8;0.000000;0.000000;
55.862801;5.524123;55.862846;9.843835;0.00;0.00;-0.09;2.20;13.79;8;0.000000;0.000000;
55.862801;5.524123;55.862846;9.843836;0.00;0.00;-0.08;2.21;11.65;8;0.000000;0.000000;
55.862801;5.524123;55.862850;9.843836;0.00;0.00;-0.08;2.21;13.03;8;0.000000;0.000000;
55.862801;5.524123;55.862850;9.843837;0.00;0.00;-0.07;2.20;13.62;8;0.000000;0.000000;
55.862801;5.524123;55.862850;9.843837;0.00;0.00;-0.07;2.20;13.53;8;0.000000;0.000000;
55.862801;5.524123;55.862850;9.843837;0.00;0.00;-0.08;2.21;12.07;8;0.000000;0.000000;
55.862801;5.524123;55.862854;9.843838;0.00;0.00;-0.08;2.22;14.47;7;0.000000;0.000000;
55.862801;5.524123;55.862854;9.843838;0.00;0.00;-0.08;2.22;12.92;6;0.000000;0.000000;
55.862801;5.524123;55.862854;9.843839;0.00;0.00;-0.08;2.22;11.66;6;0.000000;0.000000;
55.862801;5.524123;55.862858;9.843839;0.00;0.00;-0.07;2.22;12.49;6;0.000000;0.000000;
55.862801;5.524123;55.862858;9.843840;0.00;0.00;-0.07;2.22;14.21;6;0.000000;0.000000;
55.862801;5.524123;55.862862;9.843840;0.00;0.00;-0.07;2.20;13.09;5;0.000000;0.000000;
55.862801;5.524123;55.862862;9.843841;0.00;0.00;-0.07;2.20;13.60;5;0.000000;0.000000;
55.862801;5.524123;55.862865;9.843841;0.00;0.00;-0.07;2.19;12.41;5;0.000000;0.000000;
55.862801;5.524123;55.862865;9.843842;0.00;0.00;-0.07;2.19;12.52;5;0.000000;0.000000;
55.862801;5.524123;55.862865;9.843842;0.00;0.00;-0.09;2.19;13.80;5;0.000000;0.000000;
55.862801;5.524123;55.862869;9.843842;0.00;0.00;-0.09;2.20;14.48;5;0.000000;0.000000;
55.862801;5.524123;55.862865;9.843842;0.00;0.00;-0.09;2.20;12.74;5;0.000000;0.000000;
55.862801;5.524123;55.862869;9.843842;0.00;0.00;-0.09;2.21;12.15;5;0.000000;0.000000;
55.862801;5.524123;55.862869;9.843842;0.00;0.00;-0.09;2.20;13.21;5;0.000000;0.000000;
55.862801;5.524123;55.862869;9.843842;0.00;0.00;-0.09;2.20;12.09;5;0.000000;0.000000;
55.862801;5.524123;55.862869;9.843842;0.00;0.00;-0.10;2.20;12.90;5;0.000000;0.000000;
55.862801;5.524123;55.862869;9.843842;0.00;0.00;-0.10;2.20;13.00;5;0.000000;0.000000;
55.862801;5.524123;55.862865;9.843841;0.00;0.00;-0.09;2.19;12.99;5;0.000000;0.000000;
55.862801;5.524123;55.862865;9.843841;0.00;0.00;-0.09;2.18;11.94;4;0.000000;0.000000;
55.862801;5.524123;55.862869;9.843842;0.00;0.00;-0.10;2.19;12.31;4;0.000000;0.000000;
55.862801;5.524123;55.862869;9.843842;0.00;0.00;-0.09;2.19;11.94;4;0.000000;0.000000;
55.862801;5.524123;55.862869;9.843843;0.00;0.00;-0.08;2.20;11.89;5;0.000000;0.000000;
55.862801;5.524123;55.862869;9.843843;0.00;0.00;-0.09;2.20;11.21;5;0.000000;0.000000;
55.862801;5.524123;55.862873;9.843843;0.00;0.00;-0.09;2.19;14.05;5;0.000000;0.000000;
55.862801;5.524123;55.862877;9.843844;0.00;0.00;-0.08;2.20;13.42;5;0.000000;0.000000;
55.862801;5.524123;55.862877;9.843845;0.00;0.00;-0.08;2.20;12.73;5;0.000000;0.000000;
55.862801;5.524123;55.862877;9.843845;0.00;0.00;-0.08;2.19;13.02;5;0.000000;0.000000;
55.862801;5.524123;55.862881;9.843846;0.00;0.00;-0.08;2.19;13.21;5;0.000000;0.000000;
55.862801;5.524123;55.862881;9.843847;0.00;0.00;-0.09;2.20;14.52;5;0.000000;0.000000;
55.862801;5.524123;55.862885;9.843848;0.00;0.00;-0.09;2.20;11.58;5;0.000000;0.000000;
55.862801;5.524123;55.862885;9.843849;0.00;0.00;-0.10;2.20;11.22;5;0.000000;0.000000;
55.862801;5.524123;55.862885;9.843849;0.00;0.00;-0.10;2.20;12.70;5;0.000000;0.000000;
55.862801;5.524123;55.862888;9.843850;0.00;0.00;-0.09;2.20;12.80;5;0.000000;0.000000;
55.862801;5.524123;55.862892;9.843851;0.00;0.00;-0.09;2.20;12.99;5;0.000000;0.000000;
55.862801;5.524123;55.862892;9.843852;0.00;0.00;-0.09;2.19;12.93;5;0.000000;0.000000;
55.862801;5.524123;55.862892;9.843853;0.00;0.00;-0.09;2.20;12.91;5;0.000000;0.000000;
55.862801;5.524123;55.862892;9.843853;0.00;0.00;-0.08;2.21;13.61;5;0.000000;0.000000;
55.862801;5.524123;55.862896;9.843854;0.00;0.00;-0.08;2.21;13.68;5;0.000000;0.000000;
55.862801;5.524123;55.862892;9.843853;0.00;0.00;-0.07;2.20;11.56;5;0.000000;0.000000;
55.862801;5.524123;55.862896;9.843854;0.00;0.00;-0.08;2.20;12.31;5;0.000000;0.000000;
55.862801;5.524123;55.862896;9.843854;0.00;0.00;-0.07;2.21;13.37;5;0.000000;0.000000;
55.862801;5.524123;55.862896;9.843854;0.00;0.00;-0.06;2.21;13.96;4;0.000000;0.000000;
55.862801;5.524123;55.862896;9.843855;0.00;0.00;-0.07;2.22;14.31;4;0.000000;0.000000;
55.862801;5.524123;55.862896;9.843855;0.00;0.00;-0.06;2.22;13.41;4;0.000000;0.000000;
55.862801;5.524123;55.862896;9.843855;0.00;0.00;-0.06;2.21;12.94;4;0.000000;0.000000;
55.862801;5.524123;55.862896;9.843855;0.00;0.00;-0.07;2.21;11.40;4;0.000000;0.000000;
55.862801;5.524123;55.862896;9.843856;0.00;0.00;-0.06;2.21;12.29;4;0.000000;0.000000;
55.862801;5.524123;55.862896;9.843856;0.00;0.00;-0.04;2.20;13.27;4;0.000000;0.000000;
55.862801;5.524123;55.862900;9.843856;0.00;0.00;-0.06;2.19;12.14;4;0.000000;0.000000;
55.862801;5.524123;55.862900;9.843857;0.00;0.00;-0.07;2.20;12.47;4;0.000000;0.000000;
55.862801;5.524123;55.862900;9.843858;0.00;0.00;-0.08;2.22;13.19;4;0.000000;0.000000;
55.862801;5.524123;55.862900;9.843858;0.00;0.00;-0.08;2.22;13.63;4;0.000000;0.000000;
55.862801;5.524123;55.862900;9.843858;0.00;0.00;-0.08;2.20;13.32;4;0.000000;0.000000;
55.862801;5.524123;55.862900;9.843858;0.00;0.00;-0.08;2.19;12.72;4;0.000000;0.000000;
55.862801;5.524123;55.862900;9.843858;0.00;0.00;-0.08;2.18;13.48;4;0.000000;0.000000;
55.862801;5.524123;55.862900;9.843858;0.00;0.00;-0.09;2.18;12.69;4;0.000000;0.000000;
55.862801;5.524123;55.862900;9.843858;0.00;0.00;-0.09;2.19;13.37;4;0.000000;0.000000;
55.862801;5.524123;55.862900;9.843859;0.00;0.00;-0.09;2.19;12.96;4;0.000000;0.000000;
55.862801;5.524123;55.862900;9.843859;0.00;0.00;-0.08;2.20;14.04;4;0.000000;0.000000;
55.862801;5.524123;55.862900;9.843859;0.00;0.00;-0.08;2.20;13.98;4;0.000000;0.000000;
55.862801;5.524123;55.862900;9.843859;0.00;0.00;-0.08;2.21;12.23;4;0.000000;0.000000;
55.862801;5.524123;55.862900;9.843860;0.00;0.00;-0.08;2.20;13.62;4;0.000000;0.000000;
55.862801;5.524123;55.862900;9.843859;0.00;0.00;-0.08;2.20;12.34;4;0.000000;0.000000;
55.862801;5.524123;55.862900;9.843859;0.00;0.00;-0.07;2.21;12.86;4;0.000000;0.000000;
55.862801;5.524123;55.862900;9.843860;0.00;0.00;-0.06;2.20;12.97;4;0.000000;0.000000;
55.862801;5.524123;55.862900;9.843860;0.00;0.00;-0.07;2.19;12.46;4;0.000000;0.000000;
55.862801;5.524123;55.862900;9.843861;0.00;0.00;-0.07;2.20;11.87;4;0.000000;0.000000;
55.862801;5.524123;55.862900;9.843861;0.00;0.00;-0.07;2.19;12.47;4;0.000000;0.000000;
55.862801;5.524123;55.862904;9.843862;0.00;0.00;-0.07;2.18;11.46;4;0.000000;0.000000;
55.862801;5.524123;55.862904;9.843862;0.00;0.00;-0.07;2.19;13.72;4;0.000000;0.000000;
55.862801;5.524123;55.862907;9.843863;0.00;0.00;-0.06;2.20;12.53;4;0.000000;0.000000;
55.862801;5.524123;55.862907;9.843864;0.00;0.00;-0.06;2.19;13.13;4;0.000000;0.000000;
55.862801;5.524123;55.862907;9.843864;0.00;0.00;-0.06;2.19;13.89;4;0.000000;0.000000;
55.862801;5.524123;55.862911;9.843864;0.00;0.00;-0.06;2.19;13.28;4;0.000000;0.000000;
55.862801;5.524123;55.862911;9.843865;0.00;0.00;-0.07;2.18;14.13;4;0.000000;0.000000;
55.862801;5.524123;55.862911;9.843866;0.00;0.00;-0.07;2.18;13.85;4;0.000000;0.000000;
55.862801;5.524123;55.862915;9.843868;0.00;0.00;-0.08;2.20;13.91;4;0.000000;0.000000;
55.862801;5.524123;55.862919;9.843868;0.00;0.00;-0.09;2.21;13.00;4;0.000000;0.000000;
55.862801;5.524123;55.862923;9.843870;0.00;0.00;-0.09;2.22;12.99;4;0.000000;0.000000;
55.862801;5.524123;55.862923;9.843871;0.00;0.00;-0.10;2.23;14.16;4;0.000000;0.000000;
55.862801;5.524123;55.862923;9.843871;0.00;0.00;-0.09;2.22;13.87;4;0.000000;0.000000;
55.862801;5.524123;55.862926;9.843873;0.00;0.00;-0.10;2.21;12.23;4;0.000000;0.000000;
55.862801;5.524123;55.862926;9.843873;0.00;0.00;-0.09;2.21;13.87;4;0.000000;0.000000;
55.862801;5.524123;55.862926;9.843873;0.00;0.00;-0.09;2.22;13.12;4;0.000000;0.000000;
55.862801;5.524123;55.862926;9.843871;0.00;0.00;-0.09;2.24;13.64;4;0.000000;0.000000;
55.862801;5.524123;55.862926;9.843867;0.00;0.00;-0.08;2.24;13.54;4;0.000000;0.000000;
55.862801;5.524123;55.862923;9.843865;0.00;0.00;-0.08;2.23;13.25;4;0.000000;0.000000;
55.862801;5.524123;55.862923;9.843865;0.00;0.00;-0.08;2.23;11.96;4;0.000000;0.000000;
55.862801;5.524123;55.862923;9.843865;0.00;0.00;-0.09;2.23;12.20;4;0.000000;0.000000;
55.862801;5.524123;55.862923;9.843865;0.00;0.00;-0.09;2.21;13.44;4;0.000000;0.000000;
55.862801;5.524123;55.862923;9.843867;0.00;0.00;-0.09;2.22;12.39;4;0.000000;0.000000;
55.862801;5.524123;55.862926;9.843868;0.00;0.00;-0.10;2.22;13.72;4;0.000000;0.000000;
55.862801;5.524123;55.862926;9.843868;0.00;0.00;-0.08;2.22;12.77;4;0.000000;0.000000;
55.862801;5.524123;55.862926;9.843868;0.00;0.00;-0.09;2.22;14.16;4;0.000000;0.000000;
55.862801;5.524123;55.862926;9.843868;0.00;0.00;-0.09;2.21;14.23;4;0.000000;0.000000;
55.862801;5.524123;55.862926;9.843868;0.00;0.00;-0.09;2.20;12.95;4;0.000000;0.000000;
55.862801;5.524123;55.862926;9.843869;0.00;0.00;-0.09;2.20;11.93;4;0.000000;0.000000;
55.862801;5.524123;55.862923;9.843868;0.00;0.00;-0.10;2.18;13.18;4;0.000000;0.000000;
55.862801;5.524123;55.862923;9.843868;0.00;0.00;-0.13;2.20;12.09;4;0.000000;0.000000;
55.862801;5.524123;55.862926;9.843869;0.00;0.00;-0.13;2.20;13.05;4;0.000000;0.000000;
55.862801;5.524123;55.862930;9.843872;0.00;0.00;-0.12;2.21;12.94;4;0.000000;0.000000;
55.862801;5.524123;55.862934;9.843873;0.00;0.00;-0.11;2.21;13.73;4;0.000000;0.000000;
55.862801;5.524123;55.862934;9.843873;0.00;0.00;-0.12;2.22;13.34;4;0.000000;0.000000;
55.862801;5.524123;55.862934;9.843874;0.00;0.00;-0.12;2.22;11.68;4;0.000000;0.000000;
55.862801;5.524123;55.862934;9.843875;0.00;0.00;-0.12;2.21;12.48;4;0.000000;0.000000;
55.862801;5.524123;55.862938;9.843876;0.00;0.00;-0.15;2.23;13.14;4;0.000000;0.000000;
55.862801;5.524123;55.862938;9.843876;0.00;0.00;-0.13;2.20;12.05;4;0.000000;0.000000;
55.862801;5.524123;55.862938;9.843876;0.00;0.00;-0.13;2.20;14.51;4;0.000000;0.000000;
55.862801;5.524123;55.862938;9.843877;0.00;0.00;-0.14;2.22;11.90;4;0.000000;0.000000;
55.862801;5.524123;55.862938;9.843876;0.00;0.00;-0.14;2.22;13.46;4;0.000000;0.000000;
55.862801;5.524123;55.862938;9.843876;0.00;0.00;-0.16;2.22;13.14;4;0.000000;0.000000;
55.862801;5.524123;55.862938;9.843876;0.00;0.00;-0.14;2.22;13.22;4;0.000000;0.000000;
55.862801;5.524123;55.862934;9.843876;0.00;0.00;-0.13;2.22;12.67;4;0.000000;0.000000;
55.862801;5.524123;55.862934;9.843876;0.00;0.00;-0.13;2.22;13.44;4;0.000000;0.000000;
55.862801;5.524123;55.862938;9.843878;0.00;0.00;-0.12;2.22;12.91;4;0.000000;0.000000;
55.862801;5.524123;55.862938;9.843879;0.00;0.00;-0.12;2.22;11.20;4;0.000000;0.000000;
55.862801;5.524123;55.862942;9.843880;0.00;0.00;-0.11;2.22;12.28;4;0.000000;0.000000;
55.862801;5.524123;55.862942;9.843880;0.00;0.00;-0.12;2.23;12.00;4;0.000000;0.000000;
55.862801;5.524123;55.862942;9.843881;0.00;0.00;-0.11;2.22;10.73;4;0.000000;0.000000;
55.862801;5.524123;55.862942;9.843881;0.00;0.00;-0.12;2.22;11.71;4;0.000000;0.000000;
55.862801;5.524123;55.862942;9.843882;0.00;0.00;-0.12;2.22;13.23;4;0.000000;0.000000;
55.862801;5.524123;55.862942;9.843882;0.00;0.00;-0.10;2.22;12.55;4;0.000000;0.000000;
55.862801;5.524123;55.862946;9.843883;0.00;0.00;-0.09;2.21;12.42;5;0.000000;0.000000;
55.862801;5.524123;55.862946;9.843884;0.00;0.00;-0.08;2.21;13.38;5;0.000000;0.000000;
55.862801;5.524123;55.862946;9.843884;0.00;0.00;-0.07;2.21;13.05;5;0.000000;0.000000;
55.862801;5.524123;55.862949;9.843884;0.00;0.00;-0.07;2.21;12.25;5;0.000000;0.000000;
55.862949;5.524132;55.862949;9.843885;-1.34;-1.34;-0.10;2.25;12.47;5;0.000000;-1.558989;
55.862949;5.524132;55.862949;9.843886;-1.58;-1.58;-0.16;2.30;11.34;5;0.000000;-1.811981;
55.862949;5.524132;55.862953;9.843888;-0.57;-0.57;-0.17;2.30;12.39;6;0.000000;-0.667572;
55.862949;5.524132;55.862961;9.843890;5.00;-5.00;-0.16;2.29;11.47;6;-26.666813;-1.001358;
55.862949;5.524132;55.862961;9.843890;5.00;-5.00;-0.21;2.34;12.18;5;-8.010864;-1.001358;
55.862949;5.524132;55.862953;9.843886;-5.00;5.00;-0.27;2.39;11.96;7;15.981318;1.997122;
55.862949;5.524132;55.862942;9.843881;-5.00;5.00;-0.33;2.43;12.12;7;33.324501;5.664259;
55.862949;5.524132;55.862930;9.843875;-5.00;5.00;-0.38;2.47;12.14;7;40.823540;5.435551;
55.862949;5.524132;55.862919;9.843870;-5.00;5.00;-0.44;2.52;10.96;7;48.837547;4.959368;
55.862949;5.524132;55.862923;9.843871;-5.00;5.00;-0.48;2.56;12.04;7;9.444799;2.670288;
55.862949;5.524132;55.862915;9.843866;-5.00;5.00;-0.53;2.60;10.27;6;42.524895;8.627439;
55.862949;5.524132;55.862907;9.843863;-5.00;5.00;-0.58;2.64;9.73;6;48.394573;7.050115;
55.862949;5.524132;55.862900;9.843859;-5.00;5.00;-0.53;2.60;10.49;6;29.373169;4.673004;
55.862949;5.524132;55.862888;9.843853;-5.00;5.00;-0.46;2.54;12.36;5;29.373169;4.673004;
55.862949;5.524132;55.862881;9.843848;-5.00;5.00;-0.45;2.53;12.25;5;66.205727;12.210674;
55.862949;5.524132;55.862869;9.843843;-5.00;5.00;-0.50;2.57;10.96;5;83.519913;10.630856;
55.862949;5.524132;55.862858;9.843837;-5.00;5.00;-0.56;2.62;10.67;5;91.530777;14.252728;
55.862949;5.524132;55.862846;9.843831;-5.00;5.00;-0.61;2.66;11.26;5;99.058281;15.507347;
55.862949;5.524132;55.862835;9.843826;-5.00;5.00;-0.67;2.71;11.15;5;108.359016;12.525547;
55.862949;5.524132;55.862827;9.843821;-5.00;5.00;-0.71;2.74;13.49;5;104.118210;18.850355;
55.862949;5.524132;55.862820;9.843817;-5.00;5.00;-0.76;2.78;9.04;5;109.831543;16.064880;
55.862949;5.524132;55.862808;9.843812;-5.00;5.00;-0.75;2.77;10.47;5;90.789795;13.685226;
55.862949;5.524132;55.862808;9.843811;-5.00;5.00;-0.64;2.67;10.47;4;90.789795;13.685226;
55.862949;5.524132;55.862808;9.843812;-5.00;5.00;-0.56;2.59;12.45;4;90.789795;13.685226;
55.862949;5.524132;55.862808;9.843812;-5.00;5.00;-0.48;2.52;11.82;4;90.789795;13.685226;
55.862949;5.524132;55.862808;9.843812;-5.00;5.00;-0.41;2.46;12.51;4;90.789795;13.685226;
55.862949;5.524132;55.862808;9.843812;-5.00;5.00;-0.40;2.46;12.21;4;98.800659;14.686584;
55.862949;5.524132;55.862808;9.843813;-5.00;5.00;-0.45;2.50;12.90;4;98.800659;13.162830;
55.862949;5.524132;55.862812;9.843814;-5.00;5.00;-0.52;2.55;11.40;4;86.608368;14.352798;
55.862949;5.524132;55.862804;9.843811;-5.00;5.00;-0.56;2.59;12.36;4;120.702408;14.352798;
55.862949;5.524132;55.862804;9.843811;-5.00;5.00;-0.51;2.55;11.68;4;101.470947;14.352798;
55.862949;5.524132;55.862804;9.843811;-5.00;5.00;-0.44;2.49;12.23;4;101.470947;14.352798;
55.862949;5.524132;55.862804;9.843812;-5.00;5.00;-0.47;2.52;10.88;4;101.470947;12.863377;
55.862949;5.524132;55.862808;9.843812;-5.00;5.00;-0.52;2.56;11.33;4;89.465073;17.019392;
55.862949;5.524132;55.862801;9.843809;-5.00;5.00;-0.57;2.60;13.11;5;123.180725;14.686584;
55.862949;5.524132;55.862793;9.843806;-5.00;5.00;-0.62;2.64;12.24;5;128.713272;17.757511;
55.862949;5.524132;55.862797;9.843806;-5.00;5.00;-0.67;2.69;11.67;4;97.654160;16.832352;
55.862949;5.524132;55.862797;9.843806;-5.00;5.00;-0.72;2.72;11.06;4;106.811523;15.687943;
55.862797;5.524110;55.862789;9.843802;-5.00;5.00;-0.78;2.78;11.50;5;24.194103;3.023432;
55.862797;5.524110;55.862782;9.843799;-5.00;5.00;-0.82;2.81;9.01;5;28.993793;5.101765;
55.862797;5.524110;55.862782;9.843800;-5.00;5.00;-0.87;2.85;9.71;5;10.681152;-1.402863;
55.862797;5.524110;55.862782;9.843800;-5.00;5.00;-0.92;2.89;11.55;5;10.681152;1.001358;
55.862797;5.524110;55.862782;9.843800;-5.00;5.00;-0.96;2.93;9.58;5;10.681152;1.001358;
55.862797;5.524110;55.862785;9.843801;-5.00;5.00;-1.01;2.98;9.62;5;10.681152;1.001358;
55.862797;5.524110;55.862785;9.843801;-5.00;5.00;-1.06;3.02;10.89;5;10.681152;1.001358;
55.862797;5.524110;55.862785;9.843801;-5.00;5.00;-1.11;3.05;9.59;5;10.681152;1.001358;
55.862797;5.524110;55.862782;9.843799;-5.00;5.00;-1.10;3.05;10.24;5;10.681152;1.001358;
55.862797;5.524110;55.862782;9.843799;-5.00;5.00;-0.92;2.92;10.35;5;10.681152;1.001358;
55.862797;5.524110;55.862774;9.843796;-5.00;5.00;-0.74;2.78;11.31;6;10.681152;1.001358;
55.862797;5.524110;55.862774;9.843796;-5.00;5.00;-0.75;2.78;11.24;5;10.681152;1.001358;
55.862797;5.524110;55.862778;9.843797;-5.00;5.00;-0.80;2.82;11.89;5;10.681152;1.001358;
55.862797;5.524110;55.862778;9.843798;-5.00;5.00;-0.77;2.79;9.72;5;10.681152;1.001358;
55.862797;5.524110;55.862778;9.843799;-5.00;5.00;-0.64;2.69;12.08;5;10.681152;1.001358;
55.862797;5.524110;55.862782;9.843799;-5.00;5.00;-0.55;2.61;11.84;5;10.681152;1.001358;
55.862797;5.524110;55.862782;9.843800;-5.00;5.00;-0.47;2.54;10.85;5;10.681152;1.001358;
55.862797;5.524110;55.862785;9.843801;-5.00;5.00;-0.40;2.48;11.72;5;10.681152;1.001358;
55.862797;5.524110;55.862785;9.843801;-5.00;5.00;-0.35;2.43;12.44;5;10.681152;1.001358;
55.862797;5.524110;55.862785;9.843801;-5.00;5.00;-0.31;2.39;11.69;5;10.681152;1.001358;
55.862797;5.524110;55.862782;9.843801;-5.00;5.00;-0.26;2.34;13.02;6;10.681152;1.001358;
55.862797;5.524110;55.862782;9.843801;-5.00;5.00;-0.24;2.32;12.45;6;10.681152;1.001358;
55.862797;5.524110;55.862774;9.843796;-5.00;5.00;-0.22;2.31;11.85;7;10.681152;1.001358;
55.862774;5.524107;55.862778;9.843797;5.00;-5.00;-0.25;2.33;12.51;6;-12.276793;0.000000;
55.862774;5.524107;55.862770;9.843795;-5.00;5.00;-0.30;2.38;11.97;7;21.160454;-1.489155;
55.862774;5.524107;55.862770;9.843795;-2.52;1.96;-0.35;2.42;14.36;6;2.670288;-0.333786;
55.862774;5.524107;55.862774;9.843796;5.00;-5.00;-0.40;2.46;11.29;6;-9.157368;1.144671;
55.862774;5.524107;55.862774;9.843796;0.00;0.00;-0.46;2.51;11.96;6;0.000000;0.000000;
55.862774;5.524107;55.862778;9.843798;0.00;0.00;-0.51;2.55;10.33;6;0.000000;0.000000;
55.862774;5.524107;55.862778;9.843799;0.00;0.00;-0.56;2.59;11.27;6;0.000000;0.000000;
55.862774;5.524107;55.862778;9.843800;0.00;0.00;-0.62;2.65;11.54;6;0.000000;0.000000;
55.862774;5.524107;55.862774;9.843798;0.00;0.00;-0.65;2.67;11.02;5;0.000000;0.000000;
55.862774;5.524107;55.862774;9.843799;0.00;0.00;-0.59;2.63;13.91;5;0.000000;0.000000;
55.862774;5.524107;55.862774;9.843799;0.00;0.00;-0.64;2.67;10.27;5;0.000000;0.000000;
55.862774;5.524107;55.862774;9.843799;0.00;0.00;-0.68;2.71;11.59;5;0.000000;0.000000;
55.862774;5.524107;55.862770;9.843796;0.00;0.00;-0.74;2.75;10.05;5;0.000000;0.000000;
55.862774;5.524107;55.862766;9.843796;0.00;0.00;-0.78;2.79;11.96;4;0.000000;0.000000;
55.862774;5.524107;55.862766;9.843796;0.00;0.00;-0.83;2.83;10.79;4;0.000000;0.000000;
55.862774;5.524107;55.862766;9.843796;0.00;0.00;-0.88;2.87;10.70;5;0.000000;0.000000;
55.862774;5.524107;55.862766;9.843796;0.00;0.00;-0.93;2.91;10.93;5;0.000000;0.000000;
55.862774;5.524107;55.862766;9.843794;0.00;0.00;-0.78;2.78;11.30;5;0.000000;0.000000;
55.862774;5.524107;55.862762;9.843794;0.00;0.00;-0.71;2.71;8.07;5;0.000000;0.000000;
55.862774;5.524107;55.862762;9.843794;0.00;0.00;-0.61;2.61;11.65;5;0.000000;0.000000;
55.862774;5.524107;55.862766;9.843795;0.00;0.00;-0.53;2.55;10.53;5;0.000000;0.000000;
55.862774;5.524107;55.862770;9.843797;0.00;0.00;-0.51;2.54;10.09;5;0.000000;0.000000;
55.862774;5.524107;55.862778;9.843800;0.00;0.00;-0.55;2.58;12.94;5;0.000000;0.000000;
55.862774;5.524107;55.862782;9.843802;0.00;0.00;-0.61;2.62;10.67;5;0.000000;0.000000;
55.862774;5.524107;55.862785;9.843804;0.00;0.00;-0.65;2.66;12.69;5;0.000000;0.000000;
55.862774;5.524107;55.862785;9.843805;0.00;0.00;-0.70;2.70;9.60;5;0.000000;0.000000;
55.862774;5.524107;55.862789;9.843805;0.00;0.00;-0.75;2.74;11.19;5;0.000000;0.000000;
55.862774;5.524107;55.862789;9.843807;0.00;0.00;-0.81;2.80;10.24;5;0.000000;0.000000;
55.862789;5.524112;55.862789;9.843806;2.69;2.69;-0.85;2.83;9.88;5;0.000000;3.023986;
55.862789;5.524112;55.862789;9.843807;0.59;0.59;-0.89;2.87;9.85;5;0.000000;0.667572;
55.862789;5.524112;55.862789;9.843807;0.59;0.59;-0.94;2.91;9.58;5;0.000000;0.667572;
55.862789;5.524112;55.862789;9.843808;-1.37;-1.37;-0.99;2.95;8.56;5;0.000000;-1.512825;
55.862789;5.524112;55.862789;9.843808;-0.29;-0.29;-1.03;2.99;10.56;5;0.000000;-0.333786;
55.862789;5.524112;55.862789;9.843808;-0.30;-0.30;-1.08;3.03;9.44;5;0.000000;-0.333786;
55.862789;5.524112;55.862793;9.843810;5.00;-5.00;-1.13;3.07;8.64;5;-11.822424;-1.811328;
55.862789;5.524112;55.862797;9.843811;5.00;-5.00;-1.18;3.11;8.78;5;-14.767340;-0.667572;
55.862789;5.524112;55.862797;9.843812;2.82;-5.00;-1.23;3.15;9.09;5;-5.340576;-2.203180;
55.862789;5.524112;55.862801;9.843814;5.00;-5.00;-1.29;3.20;9.97;5;-17.336666;-2.500598;
55.862789;5.524112;55.862801;9.843815;4.62;-5.00;-1.32;3.23;9.73;5;-8.010864;-2.835742;
55.862789;5.524112;55.862804;9.843816;5.00;-5.00;-1.36;3.27;9.00;5;-20.106808;-3.180646;
55.862789;5.524112;55.862804;9.843817;5.00;-5.00;-1.41;3.31;7.89;5;-10.681152;-3.503450;
55.862789;5.524112;55.862808;9.843819;5.00;-5.00;-1.46;3.35;8.67;5;-22.688112;-2.336502;
55.862789;5.524112;55.862812;9.843822;5.00;-5.00;-1.50;3.38;8.41;5;-25.266811;-5.314812;
55.862789;5.524112;55.862816;9.843823;5.00;-5.00;-1.55;3.42;9.15;5;-27.848337;-4.482139;
55.862789;5.524112;55.862820;9.843825;5.00;-5.00;-1.59;3.46;8.11;5;-30.607388;-6.316170;
55.862789;5.524112;55.862820;9.843824;5.00;-5.00;-1.63;3.49;10.39;6;-21.362305;-2.493301;
55.862789;5.524112;55.862816;9.843824;3.90;-5.00;-1.68;3.53;8.19;6;-9.455462;-5.159736;
55.862789;5.524112;55.862816;9.843824;5.00;-5.00;-1.73;3.58;8.28;6;-18.692017;-4.005432;
55.862789;5.524112;55.862820;9.843826;5.00;-5.00;-1.77;3.61;7.63;6;-30.689194;-5.504807;
55.862789;5.524112;55.862820;9.843828;5.00;-5.00;-1.81;3.64;8.22;6;-21.362305;-7.340414;
55.862789;5.524112;55.862820;9.843828;5.00;-5.00;-1.85;3.68;5.95;6;-21.362305;-5.006790;
55.862789;5.524112;55.862820;9.843827;5.00;-5.00;-1.89;3.71;5.21;6;-21.362305;-3.506192;
55.862789;5.524112;55.862820;9.843828;5.00;-5.00;-1.93;3.75;7.30;6;-21.362305;-6.208900;
55.862789;5.524112;55.862823;9.843830;5.00;-5.00;-1.98;3.79;7.10;6;-33.277676;-6.495945;
55.862789;5.524112;55.862827;9.843831;5.00;-5.00;-2.02;3.82;5.38;6;-36.128536;-5.340576;
55.862789;5.524112;55.862827;9.843830;5.00;-5.00;-2.06;3.86;7.03;6;-26.702881;-3.851155;
55.862789;5.524112;55.862827;9.843830;5.00;-5.00;-2.10;3.90;6.82;6;-26.702881;-5.006790;
55.862789;5.524112;55.862831;9.843831;5.00;-5.00;-2.15;3.94;7.06;6;-38.707664;-5.006790;
55.862789;5.524112;55.862831;9.843832;5.00;-5.00;-2.19;3.97;5.81;6;-29.373169;-8.007986;
55.862789;5.524112;55.862831;9.843832;5.00;-5.00;-2.23;4.00;5.85;6;-29.373169;-5.674362;
55.862789;5.524112;55.862835;9.843834;5.00;-5.00;-2.26;4.03;5.15;6;-41.369259;-7.173602;
55.862789;5.524112;55.862835;9.843835;5.00;-5.00;-2.30;4.06;5.10;6;-32.043457;-7.508746;
55.862789;5.524112;55.862839;9.843836;5.00;-5.00;-2.35;4.10;3.25;6;-43.958828;-6.341934;
55.862789;5.524112;55.862839;9.843837;5.00;-5.00;-2.39;4.13;5.75;6;-34.713745;-7.854066;
55.862789;5.524112;55.862843;9.843839;5.00;-5.00;-2.43;4.16;4.74;6;-46.718529;-6.675720;
55.862789;5.524112;55.862846;9.843840;5.00;-5.00;-2.46;4.20;4.87;6;-49.388817;-6.675720;
55.862789;5.524112;55.862846;9.843840;5.00;-5.00;-2.50;4.23;6.02;5;-40.054321;-6.675720;
55.862789;5.524112;55.862850;9.843841;5.00;-5.00;-2.55;4.27;5.71;5;-52.151375;-6.675720;
55.862789;5.524112;55.862850;9.843841;5.00;-5.00;-2.58;4.29;5.82;5;-42.724609;-6.675720;
55.862789;5.524112;55.862854;9.843842;5.00;-5.00;-2.62;4.32;5.83;4;-54.636780;-8.164475;
55.862789;5.524112;55.862854;9.843842;5.00;-5.00;-2.65;4.35;5.36;4;-45.394897;-7.009506;
55.862789;5.524112;55.862854;9.843842;5.00;-5.00;-2.69;4.38;5.15;5;-45.394897;-7.009506;
55.862789;5.524112;55.862854;9.843842;5.00;-5.00;-2.73;4.42;5.61;4;-45.394897;-7.009506;
55.862789;5.524112;55.862854;9.843842;5.00;-5.00;-2.77;4.45;3.71;4;-45.394897;-7.009506;
55.862789;5.524112;55.862854;9.843842;5.00;-5.00;-2.80;4.48;4.11;4;-45.394897;-7.009506;
55.862789;5.524112;55.862846;9.843839;5.00;-5.00;-2.84;4.51;4.74;5;-21.198574;-3.985521;
55.862789;5.524112;55.862843;9.843836;5.00;-5.00;-2.88;4.54;3.66;5;-28.049538;-3.341282;
55.862789;5.524112;55.862843;9.843836;5.00;-5.00;-2.92;4.58;5.10;4;-37.384033;-5.674362;
55.862789;5.524112;55.862843;9.843837;5.00;-5.00;-2.95;4.60;3.39;4;-37.384033;-7.198257;
55.862789;5.524112;55.862846;9.843838;5.00;-5.00;-2.98;4.63;4.52;4;-49.290878;-6.008148;
55.862789;5.524112;55.862846;9.843838;5.00;-5.00;-3.02;4.66;3.10;4;-40.054321;-6.008148;
55.862789;5.524112;55.862846;9.843839;5.00;-5.00;-3.06;4.69;3.72;4;-40.054321;-7.486474;
55.862789;5.524112;55.862846;9.843838;5.00;-5.00;-3.09;4.72;2.74;5;-40.054321;-4.852246;
55.862789;5.524112;55.862846;9.843838;5.00;-5.00;-3.13;4.74;2.93;4;-40.054321;-6.008148;
55.862789;5.524112;55.862846;9.843839;5.00;-5.00;-3.16;4.77;0.60;4;-40.054321;-7.497570;
55.862789;5.524112;55.862846;9.843838;5.00;-5.00;-3.19;4.80;3.66;4;-40.054321;-4.829941;
55.862789;5.524112;55.862846;9.843839;5.00;-5.00;-3.23;4.83;1.08;4;-40.054321;-7.496370;
55.862789;5.524112;55.862850;9.843840;5.00;-5.00;-3.27;4.86;2.70;4;-51.968624;-6.341934;
55.862789;5.524112;55.862846;9.843839;5.00;-5.00;-3.30;4.88;2.83;5;-30.719826;-6.341934;
55.862789;5.524112;55.862846;9.843839;5.00;-5.00;-3.33;4.91;2.69;4;-40.054321;-6.341934;
55.862789;5.524112;55.862846;9.843837;5.00;-5.00;-3.37;4.94;1.87;5;-40.054321;-3.362825;
55.862789;5.524112;55.862843;9.843836;5.00;-5.00;-3.40;4.97;0.45;5;-27.957270;-5.674362;
55.862789;5.524112;55.862839;9.843834;5.00;-5.00;-3.43;5.00;1.71;5;-25.377073;-5.674362;
55.862789;5.524112;55.862835;9.843831;5.00;-5.00;-3.46;5.02;1.28;5;-22.616693;-1.139215;
55.862789;5.524112;55.862831;9.843829;5.00;-5.00;-3.50;5.05;0.01;5;-20.128086;-3.183849;
55.862789;5.524112;55.862823;9.843827;1.19;-5.00;-3.53;5.08;1.67;5;-5.546694;-4.339218;
55.862789;5.524112;55.862820;9.843824;5.00;-5.00;-3.56;5.11;0.34;5;-12.036502;-1.340738;
55.862789;5.524112;55.862816;9.843822;5.00;-5.00;-3.60;5.14;0.40;5;-9.445867;0.795818;
55.862789;5.524112;55.862812;9.843820;5.00;-5.00;-3.62;5.16;0.20;5;-6.776646;-1.181133;
55.862789;5.524112;55.862808;9.843817;4.73;-3.52;-3.65;5.19;358.51;5;-4.194073;0.619888;
55.862789;5.524112;55.862801;9.843814;-5.00;5.00;-3.69;5.21;358.87;5;10.660301;-0.168468;
55.862789;5.524112;55.862797;9.843811;-2.19;5.00;-3.72;5.24;359.78;5;3.815744;1.620985;
55.862789;5.524112;55.862793;9.843808;-4.32;5.00;-3.75;5.27;0.18;5;6.664207;2.333080;
55.862789;5.524112;55.862789;9.843805;-4.94;5.00;-3.78;5.29;0.22;5;9.519744;4.570838;
55.862789;5.524112;55.862782;9.843802;-5.00;5.00;-3.81;5.32;358.45;5;23.807299;2.489048;
55.862789;5.524112;55.862782;9.843801;-2.50;5.00;-3.85;5.34;359.08;5;5.340576;2.813470;
55.862789;5.524112;55.862778;9.843801;-5.00;5.00;-3.87;5.37;0.44;5;17.346447;1.668930;
55.862789;5.524112;55.862774;9.843799;-5.00;5.00;-3.91;5.40;359.31;5;19.751423;3.136243;
55.862789;5.524112;55.862778;9.843799;5.00;3.79;-3.93;5.42;359.67;4;-1.155932;4.961201;
55.862789;5.524112;55.862774;9.843798;-5.00;5.00;-3.96;5.44;359.60;5;20.286505;2.670288;
55.862789;5.524112;55.862770;9.843797;-5.00;5.00;-3.99;5.47;357.80;5;22.422739;1.202847;
55.862789;5.524112;55.862770;9.843795;-5.00;5.00;-4.02;5.49;359.67;5;13.351440;5.293154;
55.862789;5.524112;55.862770;9.843796;-5.00;5.00;-4.05;5.52;358.48;4;13.351440;1.546934;
55.862789;5.524112;55.862766;9.843794;-5.00;5.00;-4.08;5.54;358.89;5;25.257217;4.158244;
55.862789;5.524112;55.862762;9.843793;-5.00;5.00;-4.11;5.57;356.16;5;27.937099;3.004074;
55.862789;5.524112;55.862762;9.843793;-5.00;5.00;-4.14;5.59;358.26;5;18.692017;3.004074;
55.862789;5.524112;55.862759;9.843791;-5.00;5.00;-4.16;5.61;356.68;5;30.433603;4.471516;
55.862789;5.524112;55.862755;9.843790;-5.00;5.00;-4.20;5.64;358.76;5;33.367088;3.337860;
55.862789;5.524112;55.862751;9.843787;-5.00;5.00;-4.22;5.66;356.48;5;35.773151;7.739800;
55.862789;5.524112;55.862751;9.843785;-5.00;5.00;-4.25;5.69;356.67;5;26.702881;7.340686;
55.862789;5.524112;55.862747;9.843783;-5.00;5.00;-4.28;5.71;356.86;5;38.707664;6.507116;
55.862789;5.524112;55.862747;9.843783;-5.00;5.00;-4.31;5.73;358.05;5;29.373169;5.340576;
55.862789;5.524112;55.862743;9.843782;-5.00;5.00;-4.33;5.75;357.14;5;41.194546;5.340576;
55.862789;5.524112;55.862743;9.843782;-5.00;5.00;-4.36;5.78;356.38;5;32.043457;5.340576;
55.862789;5.524112;55.862743;9.843781;-5.00;5.00;-4.39;5.80;357.44;5;32.043457;9.680536;
55.862789;5.524112;55.862740;9.843777;-5.00;5.00;-4.41;5.83;357.22;5;43.951366;9.318378;
55.862789;5.524112;55.862736;9.843774;-5.00;5.00;-4.44;5.84;356.58;5;46.718529;10.010159;
55.862789;5.524112;55.862732;9.843773;-5.00;5.00;-4.47;5.87;354.78;5;49.290878;9.165168;
55.862789;5.524112;55.862732;9.843770;-5.00;5.00;-4.50;5.89;356.99;5;40.054321;12.414345;
55.862789;5.524112;55.862724;9.843769;-5.00;5.00;-4.52;5.91;355.39;5;63.686630;7.535464;
55.862789;5.524112;55.862724;9.843767;-5.00;5.00;-4.55;5.93;356.43;5;45.394897;11.635350;
55.862789;5.524112;55.862720;9.843766;-5.00;5.00;-4.57;5.95;355.61;5;57.399681;9.346008;
55.862789;5.524112;55.862720;9.843765;-5.00;5.00;-4.60;5.98;356.17;5;48.065186;10.835430;
55.862789;5.524112;55.862717;9.843763;-5.00;5.00;-4.62;6.00;357.38;5;60.163345;12.703780;
55.862789;5.524112;55.862717;9.843762;-5.00;5.00;-4.65;6.02;356.75;5;50.735474;11.824386;
55.862789;5.524112;55.862713;9.843761;-5.00;5.00;-4.67;6.04;353.70;5;62.563129;10.681152;
55.862789;5.524112;55.862713;9.843762;-5.00;5.00;-4.70;6.06;355.55;5;53.405762;9.224138;
55.862789;5.524112;55.862713;9.843762;-5.00;5.00;-4.73;6.09;357.14;5;53.405762;10.347366;
55.862789;5.524112;55.862713;9.843762;-5.00;5.00;-4.75;6.11;356.43;5;53.405762;10.347366;
55.862789;5.524112;55.862709;9.843760;-5.00;5.00;-4.77;6.13;354.83;5;65.331818;11.837855;
55.862789;5.524112;55.862709;9.843758;-5.00;5.00;-4.79;6.15;354.19;5;56.076050;15.149016;
55.862789;5.524112;55.862705;9.843756;-5.00;5.00;-4.82;6.17;355.36;5;68.171989;13.194226;
55.862789;5.524112;55.862701;9.843754;-5.00;5.00;-4.84;6.19;355.05;5;70.488953;13.483867;
55.862789;5.524112;55.862698;9.843753;-5.00;5.00;-4.87;6.21;353.14;5;73.243233;12.350082;
55.862789;5.524112;55.862698;9.843751;-5.00;5.00;-4.89;6.23;355.35;5;64.086914;15.351278;
55.862789;5.524112;55.862694;9.843748;-5.00;5.00;-4.91;6.25;355.07;5;76.092789;17.519041;
55.862789;5.524112;55.862690;9.843746;-5.00;5.00;-4.94;6.27;353.76;5;78.498787;15.486454;
55.862789;5.524112;55.862686;9.843745;-5.00;5.00;-4.97;6.29;354.01;5;81.169075;14.352798;
55.862789;5.524112;55.862686;9.843744;-5.00;5.00;-4.99;6.31;355.22;5;72.097778;15.831255;
55.862789;5.524112;55.862682;9.843744;-5.00;5.00;-5.01;6.32;352.98;5;84.105827;13.185987;
55.862789;5.524112;55.862679;9.843741;-5.00;5.00;-5.03;6.34;353.83;5;86.682373;17.330841;
55.862789;5.524112;55.862675;9.843740;-5.00;5.00;-5.06;6.36;354.00;5;89.525436;16.530979;
55.862789;5.524112;55.862671;9.843738;-5.00;5.00;-5.08;6.38;354.15;5;92.024017;16.843311;
55.862789;5.524112;55.862671;9.843736;-5.00;5.00;-5.10;6.40;353.70;5;82.778931;18.623339;
55.862789;5.524112;55.862671;9.843737;-5.00;5.00;-5.12;6.41;352.56;5;82.778931;14.877189;
55.862789;5.524112;55.862667;9.843736;-5.00;5.00;-5.15;6.44;353.15;5;94.775024;16.021729;
55.862789;5.524112;55.862667;9.843736;-5.00;5.00;-5.17;6.45;353.80;5;85.449219;16.021729;
55.862789;5.524112;55.862667;9.843735;-5.00;5.00;-5.20;6.47;352.66;5;85.449219;17.509951;
55.862789;5.524112;55.862663;9.843733;-5.00;5.00;-5.22;6.49;353.51;5;97.189781;17.822701;
55.862789;5.524112;55.862659;9.843732;-5.00;5.00;-5.24;6.51;351.34;5;99.783691;16.689301;
55.862789;5.524112;55.862659;9.843731;-5.00;5.00;-5.26;6.52;354.35;5;90.789795;19.646214;
55.862789;5.524112;55.862656;9.843729;-5.00;5.00;-5.28;6.54;355.25;5;102.445908;18.813635;
55.862789;5.524112;55.862656;9.843729;-5.00;5.00;-5.30;6.56;353.77;5;93.460083;17.690659;
55.862789;5.524112;55.862652;9.843728;-5.00;5.00;-5.32;6.58;351.30;5;105.192436;17.690659;
55.862789;5.524112;55.862652;9.843727;-5.00;5.00;-5.34;6.59;352.25;5;96.130371;19.190170;
55.862789;5.524112;55.862648;9.843726;-5.00;5.00;-5.36;6.61;351.58;5;107.870934;18.024445;
55.862789;5.524112;55.862644;9.843724;-5.00;5.00;-5.38;6.62;351.62;5;110.541222;19.491758;
55.862789;5.524112;55.862644;9.843723;-5.00;5.00;-5.41;6.65;350.07;5;101.470947;19.858829;
55.862789;5.524112;55.862640;9.843722;-5.00;5.00;-5.42;6.66;353.31;5;113.294418;18.692017;
55.862789;5.524112;55.862640;9.843722;-5.00;5.00;-5.44;6.67;352.81;5;104.141235;18.692017;
55.862789;5.524112;55.862640;9.843721;-5.00;5.00;-5.46;6.69;352.57;5;104.141235;20.181438;
55.862789;5.524112;55.862637;9.843721;-5.00;5.00;-5.48;6.71;352.56;5;116.048080;17.537714;
55.862789;5.524112;55.862637;9.843720;-5.00;5.00;-5.50;6.73;350.79;5;106.811523;20.159586;
55.862789;5.524112;55.862637;9.843720;-5.00;5.00;-5.52;6.74;353.67;5;106.811523;19.025803;
55.862789;5.524112;55.862633;9.843719;-5.00;5.00;-5.54;6.76;352.46;5;118.633949;19.025803;
55.862789;5.524112;55.862629;9.843719;-5.00;5.00;-5.56;6.77;352.61;5;121.309464;19.025803;
55.862789;5.524112;55.862629;9.843718;-5.00;5.00;-5.58;6.79;352.09;5;112.152100;20.525450;
55.862789;5.524112;55.862629;9.843718;-5.00;5.00;-5.61;6.81;350.59;5;112.152100;19.359589;
55.862789;5.524112;55.862625;9.843717;-5.00;5.00;-5.62;6.82;351.64;6;123.896767;19.359589;
55.862789;5.524112;55.862625;9.843717;-5.00;5.00;-5.64;6.83;350.09;6;114.822388;19.359589;
55.862789;5.524112;55.862625;9.843716;-5.00;5.00;-5.66;6.85;351.12;6;114.822388;20.837915;
55.862789;5.524112;55.862625;9.843715;-5.00;5.00;-5.67;6.87;350.83;6;114.822388;21.140028;
55.862789;5.524112;55.862625;9.843715;-5.00;5.00;-5.69;6.88;349.95;6;114.822388;20.027161;
55.862789;5.524112;55.862625;9.843715;-5.00;5.00;-5.71;6.90;351.14;6;114.822388;20.027161;
55.862789;5.524112;55.862621;9.843714;-5.00;5.00;-5.73;6.92;351.10;6;126.728165;21.515118;
55.862789;5.524112;55.862617;9.843712;-5.00;5.00;-5.75;6.93;350.27;6;129.410187;21.850368;
55.862789;5.524112;55.862617;9.843712;-5.00;5.00;-5.77;6.95;352.01;6;120.162964;20.694733;
55.862789;5.524112;55.862617;9.843711;-5.00;5.00;-5.79;6.97;350.54;6;120.162964;22.184021;
55.862789;5.524112;55.862617;9.843710;-5.00;5.00;-5.80;6.98;350.83;6;120.162964;22.506582;
55.862789;5.524112;55.862617;9.843710;-5.00;5.00;-5.82;6.99;349.21;6;120.162964;21.362305;
55.862789;5.524112;55.862614;9.843709;-5.00;5.00;-5.84;7.01;349.83;6;132.078339;21.362305;
55.862789;5.524112;55.862614;9.843709;-5.00;5.00;-5.86;7.02;350.97;6;122.833252;21.362305;
55.862789;5.524112;55.862614;9.843708;-5.00;5.00;-5.87;7.04;349.53;6;122.833252;22.873190;
55.862789;5.524112;55.862614;9.843708;-5.00;5.00;-5.89;7.05;347.99;6;122.833252;21.696091;
55.862789;5.524112;55.862614;9.843708;-5.00;5.00;-5.91;7.07;351.13;6;122.833252;21.696091;
55.862789;5.524112;55.862614;9.843708;-5.00;5.00;-5.93;7.08;348.87;6;122.833252;21.696091;
55.862789;5.524112;55.862614;9.843708;-5.00;5.00;-5.94;7.10;348.91;6;122.833252;21.696091;
55.862789;5.524112;55.862614;9.843709;-5.00;5.00;-5.97;7.12;348.30;6;122.833252;20.228521;
55.862789;5.524112;55.862614;9.843708;-5.00;5.00;-5.98;7.13;350.08;6;122.833252;22.851994;
55.862789;5.524112;55.862614;9.843708;-5.00;5.00;-6.00;7.14;349.79;6;122.833252;21.696091;
55.862789;5.524112;55.862614;9.843708;-5.00;5.00;-6.01;7.16;347.76;6;122.833252;21.696091;
55.862789;5.524112;55.862614;9.843708;-5.00;5.00;-6.03;7.17;347.39;6;122.833252;21.696091;
55.862789;5.524112;55.862614;9.843707;-5.00;5.00;-6.04;7.18;346.79;6;122.833252;23.163660;
55.862789;5.524112;55.862614;9.843707;-5.00;5.00;-6.06;7.20;349.06;6;122.833252;22.029877;
55.862789;5.524112;55.862614;9.843707;-5.00;5.00;-6.08;7.21;349.33;6;122.833252;22.029877;
55.862789;5.524112;55.862614;9.843707;-5.00;5.00;-6.09;7.22;347.77;6;122.833252;22.029877;
55.862789;5.524112;55.862614;9.843707;-5.00;5.00;-6.11;7.24;347.95;6;122.833252;22.029877;
55.862789;5.524112;55.862614;9.843706;-5.00;5.00;-6.13;7.25;348.06;6;122.833252;23.508465;
55.862789;5.524112;55.862614;9.843706;-5.00;5.00;-6.15;7.26;346.96;6;122.833252;22.363663;
55.862789;5.524112;55.862614;9.843706;-5.00;5.00;-6.16;7.28;345.94;6;122.833252;22.363663;
55.862789;5.524112;55.862614;9.843705;-5.00;5.00;-6.18;7.29;346.70;6;122.833252;25.298546;
55.862789;5.524112;55.862614;9.843705;-5.00;5.00;-6.20;7.31;350.17;6;122.833252;23.031235;
55.862789;5.524112;55.862614;9.843704;-5.00;5.00;-6.21;7.32;348.62;6;122.833252;24.477764;
55.862789;5.524112;55.862610;9.843704;-5.00;5.00;-6.23;7.33;349.83;6;134.489365;20.451496;
55.862789;5.524112;55.862610;9.843704;-5.00;5.00;-6.24;7.35;348.43;6;125.503540;22.697449;
55.862789;5.524112;55.862610;9.843703;-5.00;5.00;-6.26;7.36;346.80;6;125.503540;24.187004;
55.862789;5.524112;55.862610;9.843703;-5.00;5.00;-6.28;7.37;347.91;7;125.503540;23.031235;
55.862789;5.524112;55.862606;9.843702;-5.00;5.00;-6.29;7.39;346.24;6;137.331192;23.031235;
55.862789;5.524112;55.862606;9.843702;-5.00;5.00;-6.31;7.40;349.20;6;128.173828;23.031235;
55.862789;5.524112;55.862606;9.843701;-5.00;5.00;-6.32;7.41;345.72;7;128.173828;24.499832;
55.862789;5.524112;55.862606;9.843701;-5.00;5.00;-6.33;7.42;345.96;7;128.173828;23.365021;
55.862789;5.524112;55.862606;9.843701;-5.00;5.00;-6.35;7.44;345.91;7;128.173828;23.365021;
55.862789;5.524112;55.862606;9.843700;-5.00;5.00;-6.36;7.45;345.39;7;128.173828;24.842955;
55.862789;5.524112;55.862606;9.843701;-5.00;5.00;-6.38;7.46;346.78;7;128.173828;22.220350;
55.862789;5.524112;55.862606;9.843701;-5.00;5.00;-6.39;7.47;345.58;7;128.173828;23.365021;
55.862789;5.524112;55.862606;9.843700;-5.00;5.00;-6.41;7.48;348.99;7;128.173828;24.854443;
55.862789;5.524112;55.862606;9.843700;-5.00;5.00;-6.42;7.50;344.49;7;128.173828;23.698807;
55.862789;5.524112;55.862606;9.843701;-5.00;5.00;-6.44;7.51;347.89;7;128.173828;22.186813;
55.862789;5.524112;55.862606;9.843701;-5.00;5.00;-6.45;7.52;344.80;6;128.173828;23.365021;
55.862789;5.524112;55.862610;9.843701;-5.00;5.00;-6.46;7.53;344.19;6;116.601593;24.811304;
55.862789;5.524112;55.862610;9.843702;-5.00;5.00;-6.48;7.54;343.73;6;125.503540;22.210318;
55.862789;5.524112;55.862610;9.843702;-5.00;5.00;-6.49;7.55;346.84;6;125.503540;23.365021;
55.862789;5.524112;55.862610;9.843702;-5.00;5.00;-6.51;7.56;346.97;6;125.503540;23.365021;
55.862789;5.524112;55.862610;9.843702;-5.00;5.00;-6.52;7.58;346.14;6;125.503540;23.365021;
55.862789;5.524112;55.862614;9.843703;-5.00;5.00;-6.53;7.59;345.85;6;113.686340;24.841909;
55.862789;5.524112;55.862610;9.843702;-5.00;5.00;-6.55;7.60;345.61;6;134.660904;22.220612;
55.862789;5.524112;55.862610;9.843702;-5.00;5.00;-6.56;7.61;343.79;6;125.503540;23.365021;
55.862789;5.524112;55.862610;9.843701;-5.00;5.00;-6.57;7.63;344.11;6;125.503540;24.832462;
55.862789;5.524112;55.862610;9.843701;-5.00;5.00;-6.59;7.64;343.59;6;125.503540;23.698807;
55.862789;5.524112;55.862610;9.843701;-5.00;5.00;-6.60;7.65;344.11;6;125.503540;23.698807;
55.862789;5.524112;55.862610;9.843701;-5.00;5.00;-6.61;7.66;343.09;6;125.503540;23.698807;
55.862789;5.524112;55.862610;9.843701;-5.00;5.00;-6.63;7.67;344.22;6;125.503540;23.698807;
55.862789;5.524112;55.862610;9.843701;-5.00;5.00;-6.64;7.68;344.18;6;125.503540;23.698807;
55.862789;5.524112;55.862610;9.843701;-5.00;5.00;-6.66;7.69;344.98;6;125.503540;23.698807;
55.862789;5.524112;55.862610;9.843700;-5.00;5.00;-6.67;7.70;341.85;6;125.503540;25.145460;
55.862789;5.524112;55.862610;9.843700;-5.00;5.00;-6.68;7.71;345.22;6;125.503540;24.032593;
55.862789;5.524112;55.862606;9.843699;-5.00;5.00;-6.69;7.72;343.96;6;137.418915;24.032593;
55.862789;5.524112;55.862606;9.843699;-5.00;5.00;-6.71;7.74;345.03;6;128.173828;24.032593;
55.862789;5.524112;55.862606;9.843699;-5.00;5.00;-6.72;7.74;343.33;6;128.173828;24.032593;
55.862789;5.524112;55.862606;9.843699;-5.00;5.00;-6.73;7.75;343.83;6;128.173828;24.032593;
55.862789;5.524112;55.862606;9.843699;-5.00;5.00;-6.74;7.76;346.68;6;128.173828;24.032593;
55.862789;5.524112;55.862606;9.843699;-5.00;5.00;-6.75;7.77;345.06;6;128.173828;24.032593;
55.862789;5.524112;55.862606;9.843699;-5.00;5.00;-6.77;7.78;342.05;6;128.173828;24.032593;
55.862789;5.524112;55.862606;9.843699;-5.00;5.00;-6.78;7.79;342.55;6;128.173828;24.032593;
55.862789;5.524112;55.862606;9.843699;-5.00;5.00;-6.79;7.80;342.74;6;128.173828;24.032593;
55.862789;5.524112;55.862606;9.843699;-5.00;5.00;-6.81;7.81;343.72;6;128.173828;25.521082;
55.862789;5.524112;55.862606;9.843699;-5.00;5.00;-6.82;7.82;343.30;6;128.173828;22.876823;
55.862789;5.524112;55.862606;9.843699;-5.00;5.00;-6.83;7.83;343.86;6;128.173828;24.032593;
55.862789;5.524112;55.862606;9.843699;-5.00;5.00;-6.84;7.84;343.84;6;128.173828;24.032593;
55.862606;5.524077;55.862606;9.843699;0.00;0.00;-6.86;7.85;342.25;6;0.000000;0.000000;
55.862606;5.524077;55.862606;9.843699;0.00;0.00;-6.87;7.86;344.73;6;0.000000;0.000000;
55.862606;5.524077;55.862606;9.843699;0.00;0.00;-6.88;7.86;343.18;6;0.000000;0.000000;
55.862606;5.524077;55.862606;9.843699;0.00;0.00;-6.89;7.87;344.77;6;0.000000;0.000000;
55.862606;5.524077;55.862606;9.843699;0.00;0.00;-6.90;7.88;343.30;6;0.000000;0.000000;
55.862606;5.524077;55.862606;9.843699;0.00;0.00;-6.91;7.89;340.84;6;0.000000;0.000000;
55.862606;5.524077;55.862610;9.843699;5.00;-5.00;-6.92;7.90;342.78;6;-11.915371;1.489021;
55.862606;5.524077;55.862610;9.843699;2.49;-1.93;-6.93;7.90;344.46;6;-2.670288;0.333786;
55.862606;5.524077;55.862610;9.843699;2.49;-1.94;-6.94;7.92;344.60;6;-2.670288;0.333786;
55.862606;5.524077;55.862610;9.843699;2.37;-1.85;-6.95;7.92;341.11;6;-2.670288;0.333786;
55.862606;5.524077;55.862610;9.843699;2.49;-1.93;-6.96;7.94;344.45;6;-2.670288;0.333786;
55.862606;5.524077;55.862610;9.843699;2.42;-1.88;-6.97;7.94;342.55;6;-2.670288;0.333786;
55.862606;5.524077;55.862610;9.843700;1.15;-3.00;-6.98;7.95;339.97;6;-2.670288;-1.190251;
55.862606;5.524077;55.862610;9.843700;2.15;-2.15;-6.99;7.96;342.39;6;-2.670288;0.000000;
55.862606;5.524077;55.862610;9.843701;0.95;-3.35;-7.00;7.97;342.58;6;-2.670288;-1.489555;
55.862606;5.524077;55.862610;9.843700;3.14;-1.20;-7.01;7.98;343.19;6;-2.670288;1.191242;
55.862606;5.524077;55.862614;9.843701;5.00;-5.00;-7.02;7.99;344.65;6;-14.585659;1.489155;
55.862606;5.524077;55.862614;9.843702;3.35;-5.00;-7.03;8.00;342.23;6;-5.340576;-1.166812;
55.862606;5.524077;55.862614;9.843702;4.23;-4.23;-7.05;8.01;341.36;6;-5.340576;0.000000;
55.862606;5.524077;55.862614;9.843703;3.15;-5.00;-7.05;8.02;343.40;6;-5.340576;-1.478588;
55.862606;5.524077;55.862614;9.843703;4.00;-4.53;-7.06;8.02;341.88;6;-5.340576;-0.333786;
55.862606;5.524077;55.862617;9.843704;5.00;-5.00;-7.07;8.03;343.65;6;-16.995682;-0.333786;
55.862606;5.524077;55.862617;9.843704;5.00;-5.00;-7.08;8.04;341.12;6;-8.010864;-0.333786;
55.862606;5.524077;55.862617;9.843704;5.00;-5.00;-7.09;8.04;343.79;6;-8.010864;-0.333786;
55.862606;5.524077;55.862617;9.843704;5.00;-5.00;-7.09;8.04;343.44;5;-8.010864;-0.333786;
55.862606;5.524077;55.862617;9.843704;5.00;-5.00;-7.09;8.05;342.10;5;-8.010864;-0.333786;
55.862606;5.524077;55.862617;9.843705;5.00;-5.00;-7.09;8.05;343.83;5;-8.010864;-0.333786;
55.862606;5.524077;55.862617;9.843705;5.00;-5.00;-7.09;8.05;341.12;5;-8.010864;-0.333786;
55.862606;5.524077;55.862617;9.843705;5.00;-5.00;-7.09;8.05;343.01;5;-8.010864;-0.333786;
55.862606;5.524077;55.862621;9.843706;5.00;-5.00;-7.09;8.05;339.98;5;-8.010864;-0.333786;
55.862606;5.524077;55.862621;9.843706;5.00;-5.00;-7.09;8.05;342.32;5;-8.010864;-0.333786;
55.862621;5.524078;55.862621;9.843707;-2.42;-2.42;-7.09;8.05;342.61;5;0.000000;-2.999566;
55.862621;5.524078;55.862621;9.843707;-0.51;-0.51;-7.10;8.06;342.74;5;0.000000;-0.667572;
55.862621;5.524079;55.862621;9.843706;2.36;2.36;-7.10;8.06;341.75;5;0.000000;2.956914;
55.862621;5.524079;55.862617;9.843706;-5.00;5.00;-7.11;8.07;341.08;5;11.826609;-0.810492;
55.862621;5.524079;55.862617;9.843706;-1.85;2.38;-7.12;8.08;341.23;5;2.670288;0.333786;
55.862621;5.524079;55.862617;9.843705;-0.69;3.56;-7.13;8.09;341.72;5;2.670288;1.801484;
55.862621;5.524079;55.862617;9.843705;-1.61;2.69;-7.14;8.10;342.47;5;2.670288;0.667572;
55.862621;5.524079;55.862617;9.843705;-1.62;2.71;-7.16;8.11;343.01;5;2.670288;0.667572;
55.862621;5.524079;55.862614;9.843703;-5.00;5.00;-7.16;8.11;339.07;5;14.327410;2.124460;
55.862621;5.524079;55.862614;9.843703;-3.38;4.94;-7.18;8.12;340.13;5;5.340576;1.001358;
55.862621;5.524079;55.862614;9.843703;-3.51;5.00;-7.18;8.13;342.79;5;5.340576;1.001358;
55.862621;5.524079;55.862610;9.843702;-5.00;5.00;-7.19;8.14;340.91;5;17.347536;-0.499240;
55.862621;5.524079;55.862610;9.843701;-4.49;5.00;-7.20;8.14;339.07;5;8.010864;2.156993;
55.862621;5.524079;55.862610;9.843701;-5.00;5.00;-7.21;8.15;341.76;5;8.010864;1.001358;
55.862621;5.524079;55.862614;9.843703;3.59;-2.04;-7.22;8.16;339.55;5;-3.646257;1.001358;
55.862621;5.524079;55.862614;9.843703;-3.51;5.00;-7.23;8.17;342.88;5;5.340576;1.001358;
55.862621;5.524079;55.862614;9.843703;-3.39;4.95;-7.24;8.18;340.31;5;5.340576;1.001358;
55.862621;5.524079;55.862614;9.843704;-4.57;3.82;-7.25;8.19;340.68;5;5.340576;-0.476968;
55.862621;5.524079;55.862614;9.843704;-3.75;4.82;-7.26;8.19;342.18;5;5.340576;0.667572;
55.862621;5.524079;55.862614;9.843704;-3.80;4.89;-7.27;8.20;343.24;5;5.340576;0.667572;
55.862621;5.524079;55.862614;9.843703;-2.58;5.00;-7.28;8.21;342.32;5;5.340576;2.135270;
55.862621;5.524079;55.862614;9.843703;-3.33;4.86;-7.29;8.21;338.97;5;5.340576;1.001358;
55.862621;5.524079;55.862614;9.843703;-3.28;4.80;-7.30;8.22;338.06;5;5.340576;1.001358;
55.862621;5.524079;55.862614;9.843703;-3.46;5.00;-7.31;8.23;341.75;5;5.340576;1.001358;
55.862621;5.524079;55.862614;9.843702;-2.27;5.00;-7.32;8.24;341.68;5;5.340576;2.490646;
55.862621;5.524079;55.862614;9.843702;-3.09;5.00;-7.33;8.24;339.44;5;5.340576;1.335144;
55.862621;5.524079;55.862610;9.843702;-5.00;5.00;-7.33;8.25;339.45;6;17.428762;-1.686349;
55.862621;5.524079;55.862610;9.843701;-4.60;5.00;-7.34;8.26;341.07;6;8.010864;2.179842;
55.862621;5.524079;55.862610;9.843701;-5.00;5.00;-7.35;8.26;340.19;6;8.010864;1.001358;
55.862621;5.524079;55.862610;9.843700;-4.33;5.00;-7.36;8.27;340.26;6;8.010864;2.469056;
55.862621;5.524079;55.862606;9.843699;-5.00;5.00;-7.37;8.27;341.63;6;19.829107;2.812163;
55.862621;5.524079;55.862606;9.843699;-5.00;5.00;-7.38;8.28;341.35;6;10.681152;1.668930;
55.862621;5.524079;55.862606;9.843699;-5.00;5.00;-7.38;8.29;340.49;6;10.681152;1.668930;
55.862621;5.524079;55.862606;9.843699;-5.00;5.00;-7.39;8.29;340.36;6;10.681152;1.668930;
55.862621;5.524079;55.862606;9.843699;-5.00;5.00;-7.40;8.30;339.10;6;10.681152;1.668930;
55.862621;5.524079;55.862606;9.843699;-5.00;5.00;-7.41;8.31;339.24;6;10.681152;0.157907;
55.862621;5.524079;55.862606;9.843699;-5.00;5.00;-7.42;8.32;339.18;6;10.681152;1.335144;
55.862621;5.524079;55.862606;9.843699;-5.00;5.00;-7.43;8.33;338.14;6;10.681152;1.335144;
55.862621;5.524079;55.862610;9.843700;1.98;0.16;-7.44;8.34;342.07;6;-1.137091;1.335144;
55.862621;5.524079;55.862610;9.843700;-5.00;5.00;-7.45;8.34;339.81;6;8.010864;1.335144;
55.862621;5.524079;55.862610;9.843700;-4.99;5.00;-7.45;8.35;337.33;6;8.010864;1.335144;
55.862621;5.524079;55.862610;9.843700;-5.00;5.00;-7.46;8.35;338.50;6;8.010864;1.335144;
55.862621;5.524079;55.862606;9.843699;-5.00;5.00;-7.47;8.36;339.14;6;19.583101;1.335144;
55.862621;5.524079;55.862606;9.843699;-5.00;5.00;-7.48;8.37;339.91;7;10.681152;1.335144;
55.862621;5.524079;55.862606;9.843699;-5.00;5.00;-7.49;8.37;338.99;7;10.681152;1.335144;
55.862621;5.524079;55.862602;9.843698;-5.00;5.00;-7.49;8.38;339.95;7;22.688112;4.336340;
55.862621;5.524079;55.862602;9.843697;-5.00;5.00;-7.50;8.39;338.74;7;13.351440;3.449493;
55.862621;5.524079;55.862602;9.843696;-5.00;5.00;-7.51;8.40;340.24;7;13.351440;3.825923;
55.862621;5.524079;55.862598;9.843695;-5.00;5.00;-7.52;8.40;340.72;6;25.265743;2.670288;
55.862621;5.524079;55.862598;9.843694;-5.00;5.00;-7.52;8.41;338.37;6;16.021729;4.147830;
55.862621;5.524079;55.862598;9.843693;-5.00;5.00;-7.53;8.42;337.64;6;16.021729;4.481485;
55.862621;5.524079;55.862595;9.843692;-5.00;5.00;-7.54;8.43;338.32;6;28.018906;3.337860;
55.862621;5.524079;55.862595;9.843691;-5.00;5.00;-7.55;8.43;337.64;6;18.692017;4.827281;
55.862621;5.524079;55.862591;9.843691;-5.00;5.00;-7.55;8.44;340.43;6;30.606319;2.182625;
55.862621;5.524079;55.862591;9.843690;-5.00;5.00;-7.56;8.44;341.40;7;21.362305;4.849992;
55.862621;5.524079;55.862591;9.843689;-5.00;5.00;-7.57;8.45;338.83;6;21.362305;6.583409;
55.862621;5.524079;55.862591;9.843689;-5.00;5.00;-7.57;8.46;336.44;6;21.362305;4.339218;
55.862621;5.524079;55.862591;9.843688;-5.00;5.00;-7.58;8.46;340.14;6;21.362305;5.794974;
55.862621;5.524079;55.862591;9.843687;-5.00;5.00;-7.59;8.47;338.80;6;21.362305;6.119534;
55.862621;5.524079;55.862587;9.843687;-5.00;5.00;-7.59;8.48;339.85;7;33.269150;3.518701;
55.862621;5.524079;55.862587;9.843686;-5.00;5.00;-7.60;8.49;338.44;7;24.032593;6.162426;
55.862621;5.524079;55.862583;9.843685;-5.00;5.00;-7.61;8.49;337.93;6;35.947964;5.006790;
55.862621;5.524079;55.862583;9.843684;-5.00;5.00;-7.62;8.50;335.15;6;26.702881;6.463930;
55.862621;5.524079;55.862583;9.843684;-5.00;5.00;-7.62;8.51;339.81;6;26.702881;5.340576;
55.862621;5.524079;55.862583;9.843684;-5.00;5.00;-7.63;8.51;337.43;6;26.702881;5.340576;
55.862621;5.524079;55.862587;9.843685;-5.00;5.00;-7.64;8.52;336.66;5;15.130644;5.340576;
55.862621;5.524079;55.862587;9.843686;-5.00;5.00;-7.64;8.53;337.23;5;24.032593;3.851021;
55.862621;5.524079;55.862587;9.843686;-5.00;5.00;-7.65;8.54;339.73;5;24.032593;5.006790;
55.862621;5.524079;55.862587;9.843686;-5.00;5.00;-7.65;8.54;337.47;5;24.032593;5.006790;
55.862621;5.524079;55.862591;9.843686;-4.60;5.00;-7.66;8.54;338.91;5;12.459366;6.453197;
55.862621;5.524079;55.862583;9.843684;-5.00;5.00;-7.67;8.55;338.72;6;45.195183;5.340576;
55.862621;5.524079;55.862587;9.843685;-5.00;5.00;-7.67;8.56;337.26;6;14.786443;5.340576;
55.862621;5.524079;55.862583;9.843682;-5.00;5.00;-7.68;8.56;338.82;6;35.776234;8.275972;
55.862621;5.524079;55.862579;9.843680;-5.00;5.00;-7.69;8.57;341.08;6;38.707664;9.008801;
55.862621;5.524079;55.862576;9.843678;-5.00;5.00;-7.69;8.57;339.02;5;41.289608;6.675720;
55.862621;5.524079;55.862572;9.843677;-5.00;5.00;-7.70;8.58;336.77;5;43.958828;8.164875;
55.862621;5.524079;55.862568;9.843675;-5.00;5.00;-7.71;8.58;336.04;5;46.455330;8.476820;
55.862621;5.524079;55.862564;9.843673;-5.00;5.00;-7.71;8.59;338.81;5;49.124592;8.810606;
55.862621;5.524079;55.862560;9.843672;-5.00;5.00;-7.72;8.59;336.94;5;51.874653;9.154359;
55.862621;5.524079;55.862560;9.843671;-5.00;5.00;-7.72;8.60;337.15;5;42.724609;9.478562;
55.862621;5.524079;55.862560;9.843670;-5.00;5.00;-7.73;8.61;335.40;5;42.724609;9.832872;
55.862621;5.524079;55.862556;9.843670;-5.00;5.00;-7.74;8.61;337.21;5;54.639980;7.189415;
55.862621;5.524079;55.862556;9.843669;-5.00;5.00;-7.74;8.62;338.93;5;45.394897;9.812606;
55.862621;5.524079;55.862556;9.843670;-5.00;5.00;-7.75;8.62;337.93;5;45.394897;7.231783;
55.862621;5.524079;55.862556;9.843670;-5.00;5.00;-7.76;8.63;337.42;5;45.394897;8.344650;
55.862621;5.524079;55.862556;9.843669;-5.00;5.00;-7.76;8.63;337.53;5;45.394897;9.833939;
55.862621;5.524079;55.862553;9.843668;-5.00;5.00;-7.77;8.64;337.52;5;57.140594;8.678436;
55.862621;5.524079;55.862553;9.843667;-5.00;5.00;-7.77;8.64;338.62;5;48.065186;10.157024;
55.862621;5.524079;55.862549;9.843665;-5.00;5.00;-7.78;8.64;336.69;5;59.970963;10.500178;
55.862621;5.524079;55.862545;9.843664;-5.00;5.00;-7.78;8.65;338.00;5;62.651913;7.856720;
55.862621;5.524079;55.862541;9.843660;-5.00;5.00;-7.79;8.66;337.96;5;65.148376;14.881989;
55.862621;5.524079;55.862537;9.843659;-5.00;5.00;-7.79;8.66;336.80;5;67.824829;10.347366;
55.862621;5.524079;55.862534;9.843656;-5.00;5.00;-7.80;8.66;337.19;5;70.487923;16.216619;
55.862621;5.524079;55.862526;9.843654;-5.00;5.00;-7.80;8.66;340.23;5;85.063568;11.682510;
55.862621;5.524079;55.862522;9.843651;-5.00;5.00;-7.81;8.67;338.42;5;78.579628;14.637593;
55.862621;5.524079;55.862514;9.843648;-5.00;5.00;-7.81;8.67;337.39;5;92.908607;13.817396;
55.862621;5.524079;55.862511;9.843646;-5.00;5.00;-7.82;8.68;334.66;5;86.499390;14.150028;
55.862621;5.524079;55.862511;9.843644;-5.00;5.00;-7.83;8.68;337.26;5;77.438354;15.953051;
55.862621;5.524079;55.862503;9.843641;-5.00;5.00;-7.83;8.69;338.25;5;100.752594;15.142115;
55.862621;5.524079;55.862503;9.843641;-5.00;5.00;-7.84;8.69;334.34;5;82.778931;14.019012;
55.862621;5.524079;55.862499;9.843639;-5.00;5.00;-7.84;8.70;338.34;5;94.519493;15.486326;
55.862621;5.524079;55.862495;9.843637;-5.00;5.00;-7.85;8.70;337.68;5;97.364594;17.330841;
55.862621;5.524079;55.862495;9.843637;-5.00;5.00;-7.86;8.70;339.60;5;88.119507;16.487940;
55.862621;5.524079;55.862492;9.843635;-5.00;5.00;-7.86;8.71;338.16;6;99.775620;16.810919;
55.862621;5.524079;55.862488;9.843633;-5.00;5.00;-7.87;8.72;337.61;6;102.618500;17.166269;
55.862621;5.524079;55.862484;9.843632;-5.00;5.00;-7.87;8.72;337.80;6;105.376518;16.021729;
55.862621;5.524079;55.862480;9.843629;-5.00;5.00;-7.88;8.73;335.62;6;108.045746;19.000038;
55.862621;5.524079;55.862476;9.843628;-5.00;5.00;-7.88;8.73;338.65;6;110.717094;16.689301;
55.862621;5.524079;55.862473;9.843626;-5.00;5.00;-7.89;8.74;336.78;6;113.299652;18.167496;
55.862621;5.524079;55.862473;9.843624;-5.00;5.00;-7.89;8.74;335.85;6;104.141235;19.937618;
55.862621;5.524079;55.862465;9.843621;-5.00;5.00;-7.90;8.75;337.06;6;127.959183;20.667370;
55.862621;5.524079;55.862465;9.843620;-5.00;5.00;-7.90;8.75;335.12;6;109.481812;19.825930;
55.862621;5.524079;55.862457;9.843617;-5.00;5.00;-7.91;8.75;335.73;6;133.297623;20.180105;
55.862621;5.524079;55.862453;9.843615;-5.00;5.00;-7.91;8.76;336.14;6;126.737762;22.004112;
55.862621;5.524079;55.862446;9.843612;-5.00;5.00;-7.91;8.76;335.74;6;141.321289;21.182396;
55.862621;5.524079;55.862438;9.843609;-5.00;5.00;-7.92;8.77;335.41;6;146.328766;21.495373;
55.862621;5.524079;55.862431;9.843603;-5.00;5.00;-7.92;8.77;337.50;6;151.654953;27.697514;
55.862621;5.524079;55.862423;9.843599;-5.00;5.00;-7.93;8.78;336.60;6;156.824615;24.943150;
55.862621;5.524079;55.862415;9.843596;-5.00;5.00;-7.93;8.78;337.34;6;162.336105;27.099388;
55.862621;5.524079;55.862408;9.843592;-5.00;5.00;-7.94;8.79;337.03;6;168.028427;25.187962;
55.862621;5.524079;55.862400;9.843588;-5.00;5.00;-7.94;8.79;337.11;6;173.366882;27.010635;
55.862621;5.524079;55.862392;9.843584;-5.00;5.00;-7.95;8.79;335.87;6;178.540405;29.136320;
55.862621;5.524079;55.862389;9.843583;-5.00;5.00;-7.95;8.80;332.38;7;171.789520;25.701523;
55.862621;5.524079;55.862389;9.843582;-5.00;5.00;-7.96;8.80;334.06;7;162.887573;27.191078;
55.862621;5.524079;55.862385;9.843581;-5.00;5.00;-7.96;8.81;335.38;7;174.716278;26.035309;
55.862621;5.524079;55.862381;9.843580;-5.00;5.00;-7.96;8.81;337.30;7;177.387604;24.556852;
55.862621;5.524079;55.862381;9.843579;-5.00;5.00;-7.97;8.82;336.82;7;168.228149;27.169222;
55.862621;5.524079;55.862377;9.843578;-5.00;5.00;-7.98;8.82;337.48;7;179.799393;27.481468;
55.862377;5.524042;55.862377;9.843577;1.14;1.14;-7.98;8.83;336.18;6;0.000000;1.547848;
55.862377;5.524042;55.862373;9.843576;-5.00;5.00;-7.98;8.83;335.11;6;12.006960;0.333786;
55.862377;5.524042;55.862370;9.843575;-5.00;5.00;-7.99;8.83;336.77;6;14.497944;1.811850;
55.862377;5.524042;55.862366;9.843573;-5.00;5.00;-7.99;8.83;337.30;6;16.913803;2.113978;
55.862377;5.524042;55.862362;9.843572;-5.00;5.00;-8.00;8.84;335.91;6;19.926235;1.001358;
55.862377;5.524042;55.862362;9.843572;-5.00;5.00;-8.00;8.84;333.11;6;10.681152;1.001358;
55.862377;5.524042;55.862366;9.843572;2.65;1.06;-8.01;8.85;337.50;6;-1.061462;2.468928;
55.862377;5.524042;55.862362;9.843571;-5.00;5.00;-8.01;8.85;337.30;6;19.666979;1.335144;
55.862377;5.524042;55.862362;9.843571;-5.00;5.00;-8.01;8.86;338.80;6;10.681152;1.335144;
55.862377;5.524042;55.862362;9.843570;-4.75;5.00;-8.02;8.86;337.11;6;10.681152;4.316390;
55.862377;5.524042;55.862362;9.843570;-5.00;5.00;-8.02;8.87;337.61;6;10.681152;2.002716;
55.862377;5.524042;55.862358;9.843569;-5.00;5.00;-8.02;8.87;336.10;6;22.421711;2.002716;
55.862377;5.524042;55.862358;9.843567;-5.00;5.00;-8.03;8.88;336.38;6;13.351440;4.939398;
55.862377;5.524042;55.862354;9.843566;-5.00;5.00;-8.03;8.88;335.74;6;24.923677;2.670288;
55.862377;5.524042;55.862354;9.843565;-5.00;5.00;-8.04;8.88;337.84;6;16.021729;4.158777;
55.862377;5.524042;55.862350;9.843564;-5.00;5.00;-8.04;8.89;335.56;6;27.937099;3.004074;
55.862377;5.524042;55.862347;9.843562;-5.00;5.00;-8.05;8.89;338.49;6;30.437714;4.472029;
55.862377;5.524042;55.862343;9.843561;-5.00;5.00;-8.05;8.89;335.99;6;32.934540;3.337860;
55.862377;5.524042;55.862343;9.843560;-5.00;5.00;-8.05;8.90;335.93;6;24.032593;4.826082;
55.862377;5.524042;55.862339;9.843558;-5.00;5.00;-8.06;8.90;337.61;6;35.947964;5.160667;
55.862377;5.524042;55.862339;9.843557;-5.00;5.00;-8.06;8.90;335.30;6;26.702881;5.484020;
55.862377;5.524042;55.862335;9.843555;-5.00;5.00;-8.07;8.91;336.68;6;38.275116;5.785501;
55.862377;5.524042;55.862328;9.843553;-5.00;5.00;-8.07;8.91;336.52;6;53.186855;7.649183;
55.862377;5.524042;55.862324;9.843551;-5.00;5.00;-8.07;8.91;336.54;6;46.630184;6.829864;
55.862377;5.524042;55.862320;9.843549;-5.00;5.00;-8.08;8.91;335.86;6;49.124592;7.141675;
55.862377;5.524042;55.862316;9.843546;-5.00;5.00;-8.08;8.92;334.71;6;51.626556;7.454431;
55.862377;5.524042;55.862312;9.843545;-5.00;5.00;-8.08;8.92;334.77;6;54.638912;7.830956;
55.862377;5.524042;55.862312;9.843543;-5.00;5.00;-8.09;8.92;335.62;6;45.394897;9.654563;
55.862377;5.524042;55.862312;9.843543;-5.00;5.00;-8.09;8.93;335.92;5;45.394897;7.343292;
55.862377;5.524042;55.862309;9.843542;-5.00;5.00;-8.10;8.93;335.72;5;57.310268;7.343292;
55.862377;5.524042;55.862309;9.843540;-5.00;5.00;-8.10;8.93;335.35;5;48.065186;10.236599;
55.862377;5.524042;55.862301;9.843538;-5.00;5.00;-8.11;8.94;334.77;5;71.895927;8.010864;
55.862377;5.524042;55.862297;9.843537;-5.00;5.00;-8.11;8.94;337.40;5;65.322197;8.010864;
55.862377;5.524042;55.862297;9.843536;-5.00;5.00;-8.11;8.94;335.36;5;56.076050;10.987576;
55.862377;5.524042;55.862297;9.843535;-5.00;5.00;-8.12;8.94;336.43;5;56.076050;10.167858;
55.862377;5.524042;55.862293;9.843534;-5.00;5.00;-8.12;8.95;336.60;5;67.991425;9.012222;
55.862377;5.524042;55.862293;9.843534;-5.00;5.00;-8.12;8.95;333.57;5;58.746338;10.491465;
55.862377;5.524042;55.862289;9.843533;-5.00;5.00;-8.13;8.96;336.50;5;70.319565;9.346008;
55.862377;5.524042;55.862289;9.843532;-5.00;5.00;-8.13;8.96;334.73;5;61.416626;10.835297;
55.862377;5.524042;55.862289;9.843531;-5.00;5.00;-8.14;8.96;334.99;5;61.416626;11.168016;
55.862377;5.524042;55.862289;9.843531;-5.00;5.00;-8.14;8.97;337.11;5;61.416626;10.013580;
55.862377;5.524042;55.862289;9.843531;-5.00;5.00;-8.15;8.97;336.91;4;61.416626;10.013580;
55.862377;5.524042;55.862289;9.843530;-5.00;5.00;-8.15;8.97;335.08;4;61.416626;11.470720;
55.862377;5.524042;55.862289;9.843530;-5.00;5.00;-8.15;8.98;334.73;4;61.416626;10.347366;
55.862377;5.524042;55.862289;9.843530;-5.00;5.00;-8.15;8.98;334.53;4;61.416626;10.347366;
55.862377;5.524042;55.862289;9.843529;-5.00;5.00;-8.16;8.98;335.98;4;61.416626;11.847013;
55.862377;5.524042;55.862289;9.843529;-5.00;5.00;-8.16;8.99;333.56;4;61.416626;10.681152;
55.862377;5.524042;55.862286;9.843528;-5.00;5.00;-8.16;8.99;336.53;4;73.161293;12.148979;
55.862377;5.524042;55.862286;9.843528;-5.00;5.00;-8.16;8.99;335.11;4;64.086914;11.014938;
55.862377;5.524042;55.862286;9.843527;-5.00;5.00;-8.17;9.00;335.74;4;64.086914;12.493788;
55.862377;5.524042;55.862282;9.843526;-5.00;5.00;-8.17;9.00;334.92;4;75.742020;9.892088;
55.862377;5.524042;55.862278;9.843526;-5.00;5.00;-8.17;9.00;333.19;4;78.581718;9.537135;
55.862377;5.524042;55.862278;9.843525;-5.00;5.00;-8.17;9.00;336.29;4;69.427490;12.148850;
55.862377;5.524042;55.862278;9.843525;-5.00;5.00;-8.18;9.00;335.63;4;69.427490;11.014938;
55.862377;5.524042;55.862278;9.843524;-5.00;5.00;-8.18;9.00;335.98;5;69.427490;12.503160;
55.862377;5.524042;55.862278;9.843525;-5.00;5.00;-8.18;9.01;334.85;5;69.427490;9.859170;
55.862377;5.524042;55.862278;9.843525;-5.00;5.00;-8.18;9.01;334.18;5;69.427490;11.014938;
55.862377;5.524042;55.862274;9.843524;-5.00;5.00;-8.19;9.01;333.90;5;81.169075;11.014938;
55.862377;5.524042;55.862274;9.843524;-5.00;5.00;-8.19;9.01;334.05;6;72.097778;11.014938;
55.862377;5.524042;55.862274;9.843525;-5.00;5.00;-8.20;9.02;334.23;6;72.097778;9.537527;
55.862377;5.524042;55.862274;9.843525;-5.00;5.00;-8.20;9.02;333.13;7;72.097778;10.681152;
55.862377;5.524042;55.862274;9.843525;-5.00;5.00;-8.20;9.02;333.84;7;72.097778;10.681152;
55.862377;5.524042;55.862274;9.843525;-5.00;5.00;-8.21;9.03;334.23;7;72.097778;10.681152;
55.862377;5.524042;55.862270;9.843526;-5.00;5.00;-8.21;9.03;335.56;7;83.753891;7.767628;
55.862377;5.524042;55.862270;9.843527;-5.00;5.00;-8.21;9.03;335.01;7;74.768066;8.535908;
55.862377;5.524042;55.862267;9.843526;-5.00;5.00;-8.21;9.04;336.83;7;86.508629;9.679794;
55.862377;5.524042;55.862263;9.843525;-5.00;5.00;-8.22;9.04;337.24;6;89.353729;9.679794;
55.862377;5.524042;55.862263;9.843523;-5.00;5.00;-8.22;9.05;336.92;6;80.108643;12.678545;
55.862377;5.524042;55.862255;9.843521;-5.00;5.00;-8.22;9.05;332.39;7;103.418854;10.347366;
55.862377;5.524042;55.862251;9.843517;-5.00;5.00;-8.22;9.05;335.98;7;97.190804;14.749691;
55.862377;5.524042;55.862247;9.843516;-5.00;5.00;-8.23;9.05;336.17;7;100.026352;11.348724;
55.862377;5.524042;55.862240;9.843513;-5.00;5.00;-8.23;9.06;334.64;7;114.254501;12.815012;
55.862377;5.524042;55.862236;9.843512;-5.00;5.00;-8.23;9.06;333.62;7;108.047874;13.171932;
55.862377;5.524042;55.862240;9.843513;-5.00;5.00;-8.23;9.06;336.24;6;86.883156;12.016296;
55.862377;5.524042;55.862240;9.843514;-5.00;5.00;-8.24;9.06;335.35;6;96.130371;9.059382;
55.862377;5.524042;55.862236;9.843514;-5.00;5.00;-8.24;9.07;335.84;6;107.695686;9.903306;
55.862377;5.524042;55.862236;9.843511;-5.00;5.00;-8.24;9.07;338.65;6;98.800659;18.462711;
55.862377;5.524042;55.862236;9.843511;-5.00;5.00;-8.24;9.07;337.57;6;98.800659;12.683868;
55.862377;5.524042;55.862232;9.843510;-5.00;5.00;-8.25;9.07;336.72;5;110.533012;12.683868;
55.862377;5.524042;55.862232;9.843509;-5.00;5.00;-8.25;9.08;334.25;5;101.470947;14.151439;
55.862377;5.524042;55.862228;9.843508;-5.00;5.00;-8.25;9.08;334.72;5;113.128067;13.017654;
55.862377;5.524042;55.862225;9.843506;-5.00;5.00;-8.25;9.08;333.67;5;115.967842;14.495719;
55.862377;5.524042;55.862221;9.843504;-5.00;5.00;-8.26;9.08;331.82;5;118.640228;14.829766;
55.862377;5.524042;55.862221;9.843503;-5.00;5.00;-8.26;9.09;335.44;5;109.481812;15.131756;
55.862377;5.524042;55.862221;9.843502;-5.00;5.00;-8.26;9.09;334.05;5;109.481812;16.975925;
55.862377;5.524042;55.862221;9.843504;-5.00;5.00;-8.26;9.09;336.02;5;109.481812;10.250821;
55.862377;5.524042;55.862225;9.843505;-5.00;5.00;-8.26;9.09;337.43;5;97.576035;13.685226;
55.862377;5.524042;55.862225;9.843505;-5.00;5.00;-8.26;9.09;336.51;5;106.811523;13.685226;
55.862377;5.524042;55.862221;9.843505;-5.00;5.00;-8.27;9.10;334.70;5;106.811523;13.685226;
55.862221;5.524023;55.862221;9.843504;1.12;1.12;-8.27;9.10;335.44;5;0.000000;1.536041;
55.862221;5.524023;55.862221;9.843504;0.23;0.23;-8.27;9.10;333.17;5;0.000000;0.333786;
55.862221;5.524023;55.862221;9.843504;0.24;0.24;-8.27;9.11;333.89;5;0.000000;0.333786;
55.862221;5.524023;55.862221;9.843504;0.24;0.24;-8.27;9.11;333.42;5;0.000000;0.333786;
55.862221;5.524023;55.862221;9.843503;1.32;1.32;-8.27;9.11;335.54;5;0.000000;1.812636;
55.862221;5.524023;55.862221;9.843503;0.46;0.46;-8.27;9.10;332.44;5;0.000000;0.667572;
55.862221;5.524023;55.862221;9.843504;-0.59;-0.59;-8.28;9.11;335.10;5;0.000000;-0.821316;
55.862221;5.524023;55.862225;9.843505;5.00;-5.00;-8.28;9.11;333.46;5;-11.740560;0.333786;
55.862221;5.524023;55.862225;9.843505;2.18;-1.69;-8.28;9.11;335.24;5;-2.670288;0.333786;
55.862221;5.524023;55.862225;9.843506;1.09;-2.76;-8.28;9.11;334.91;5;-2.670288;-1.155635;
55.862221;5.524023;55.862225;9.843507;0.82;-2.98;-8.28;9.11;334.02;5;-2.670288;-1.512270;
55.862221;5.524023;55.862225;9.843506;2.77;-1.08;-8.29;9.12;334.89;5;-2.670288;1.177099;
55.862221;5.524023;55.862225;9.843507;0.82;-2.90;-8.29;9.12;332.84;5;-2.670288;-1.489421;
55.862221;5.524023;55.862228;9.843509;5.00;-5.00;-8.29;9.12;335.54;5;-14.577131;-1.821875;
55.862221;5.524023;55.862232;9.843510;5.00;-5.00;-8.29;9.12;334.15;5;-17.255947;-0.667572;
55.862221;5.524023;55.862236;9.843511;5.00;-5.00;-8.29;9.12;334.62;5;-19.926235;-0.667572;
55.862221;5.524023;55.862236;9.843512;4.91;-5.00;-8.29;9.12;333.21;5;-10.681152;-3.691558;
55.862221;5.524023;55.862236;9.843513;5.00;-5.00;-8.30;9.12;332.85;5;-10.681152;-2.824565;
55.862221;5.524023;55.862236;9.843513;5.00;-5.00;-8.30;9.12;332.87;4;-10.681152;-1.668930;
55.862221;5.524023;55.862240;9.843513;5.00;-5.00;-8.30;9.12;332.94;4;-22.421711;-0.201617;
55.862221;5.524023;55.862240;9.843513;5.00;-5.00;-8.30;9.13;333.39;4;-13.351440;-1.335144;
55.862221;5.524023;55.862240;9.843513;5.00;-5.00;-8.30;9.13;334.40;4;-13.351440;-1.335144;
55.862221;5.524023;55.862240;9.843513;5.00;-5.00;-8.31;9.13;336.15;4;-13.351440;-2.870752;
55.862221;5.524023;55.862240;9.843513;5.00;-5.00;-8.31;9.13;334.64;4;-13.351440;-1.668930;
55.862221;5.524023;55.862240;9.843513;5.00;-5.00;-8.31;9.13;334.67;4;-13.351440;-1.668930;
55.862221;5.524023;55.862244;9.843514;5.00;-5.00;-8.31;9.13;333.63;4;-25.358400;-1.668930;
55.862221;5.524023;55.862244;9.843516;5.00;-5.00;-8.31;9.13;333.59;4;-16.021729;-4.692916;
55.862221;5.524023;55.862247;9.843518;5.00;-5.00;-8.31;9.14;331.99;4;-27.937099;-3.825523;
55.862221;5.524023;55.862251;9.843519;5.00;-5.00;-8.31;9.14;334.13;4;-30.695713;-4.170478;
55.862221;5.524023;55.862255;9.843520;5.00;-5.00;-8.31;9.13;332.65;4;-33.458248;-1.492358;
55.862221;5.524023;55.862259;9.843522;5.00;-5.00;-8.32;9.13;331.72;4;-35.774178;-4.137730;
55.862221;5.524023;55.862263;9.843524;5.00;-5.00;-8.32;9.14;331.62;4;-38.444466;-4.471516;
55.862221;5.524023;55.862267;9.843526;5.00;-5.00;-8.32;9.14;334.41;4;-41.371429;-4.837371;
55.862221;5.524023;55.862270;9.843528;5.00;-5.00;-8.33;9.14;336.12;4;-43.958828;-5.160801;
55.862221;5.524023;55.862274;9.843530;5.00;-5.00;-8.33;9.14;336.26;4;-46.904907;-7.052375;
55.862221;5.524023;55.862278;9.843532;5.00;-5.00;-8.33;9.14;335.08;4;-49.389904;-6.173466;
55.862221;5.524023;55.862282;9.843534;5.00;-5.00;-8.33;9.14;335.78;4;-52.060192;-6.507252;
55.862221;5.524023;55.862286;9.843534;5.00;-5.00;-8.33;9.14;336.29;4;-54.639980;-3.851421;
55.862221;5.524023;55.862286;9.843535;5.00;-5.00;-8.34;9.14;330.95;4;-45.394897;-6.485116;
55.862221;5.524023;55.862289;9.843537;5.00;-5.00;-8.34;9.14;332.85;4;-57.221504;-8.296705;
55.862221;5.524023;55.862293;9.843539;5.00;-5.00;-8.34;9.14;330.21;4;-59.891792;-7.486213;
55.862221;5.524023;55.862297;9.843541;5.00;-5.00;-8.34;9.14;333.14;4;-63.119431;-7.889635;
55.862221;5.524023;55.862297;9.843541;5.00;-5.00;-8.34;9.15;335.82;4;-53.405762;-6.675720;
55.862221;5.524023;55.862301;9.843542;5.00;-5.00;-8.34;9.15;331.97;4;-65.493950;-6.675720;
55.862221;5.524023;55.862297;9.843540;5.00;-5.00;-8.34;9.15;333.35;5;-44.159611;-5.186432;
55.862297;5.524032;55.862293;9.843538;-5.00;5.00;-8.34;9.14;334.07;5;26.200676;3.134944;
55.862297;5.524032;55.862289;9.843536;-5.00;5.00;-8.34;9.14;331.99;5;14.496897;3.289915;
55.862297;5.524032;55.862286;9.843534;-5.00;5.00;-8.34;9.15;331.98;5;17.084217;3.936498;
55.862297;5.524032;55.862278;9.843532;-5.00;5.00;-8.35;9.15;333.98;5;31.491983;0.201617;
55.862297;5.524032;55.862274;9.843528;-5.00;5.00;-8.35;9.15;334.83;5;25.170729;7.243743;
55.862297;5.524032;55.862263;9.843524;-5.00;5.00;-8.35;9.15;334.60;5;51.492138;4.147960;
55.862297;5.524032;55.862259;9.843521;-5.00;5.00;-8.35;9.15;334.64;5;36.027596;6.002283;
55.862297;5.524032;55.862251;9.843518;-5.00;5.00;-8.36;9.15;330.47;5;50.533623;5.160801;
55.862297;5.524032;55.862244;9.843515;-5.00;5.00;-8.36;9.16;334.14;5;55.536911;5.473516;
55.862297;5.524032;55.862236;9.843512;-5.00;5.00;-8.36;9.16;333.56;5;60.865150;7.273845;
55.862297;5.524032;55.862240;9.843513;-5.00;5.00;-8.36;9.16;332.55;4;30.908455;5.006790;
55.862297;5.524032;55.862240;9.843513;-5.00;5.00;-8.36;9.16;332.49;4;40.054321;3.539220;
55.862297;5.524032;55.862244;9.843515;-5.00;5.00;-8.36;9.16;330.91;4;28.138950;3.183849;
55.862297;5.524032;55.862244;9.843515;-5.00;5.00;-8.37;9.16;333.86;4;37.384033;4.339218;
55.862297;5.524032;55.862247;9.843517;-5.00;5.00;-8.37;9.16;336.12;4;25.557425;2.861154;
55.862297;5.524032;55.862247;9.843519;-5.00;5.00;-8.37;9.17;333.67;4;34.713745;-0.462832;
55.862297;5.524032;55.862251;9.843520;-5.00;5.00;-8.37;9.17;331.47;4;23.057631;3.004074;
55.862297;5.524032;55.862255;9.843522;-5.00;5.00;-8.38;9.17;333.74;4;20.127018;3.004074;
55.862297;5.524032;55.862263;9.843524;-1.80;5.00;-8.38;9.17;333.68;4;5.542427;3.004074;
55.862297;5.524032;55.862267;9.843526;-5.00;5.00;-8.38;9.17;332.23;4;12.204937;1.525879;
55.862297;5.524032;55.862270;9.843527;-5.00;5.00;-8.38;9.17;333.43;4;9.789078;2.670288;
55.862297;5.524032;55.862274;9.843528;-2.67;5.00;-8.38;9.18;328.59;4;6.775578;2.670288;
55.862297;5.524032;55.862274;9.843529;-5.00;5.00;-8.39;9.18;334.40;4;16.021729;-0.309088;
55.862297;5.524032;55.862278;9.843530;-1.54;4.37;-8.39;9.18;333.41;4;4.193027;2.002716;
55.862297;5.524032;55.862278;9.843531;-5.00;5.00;-8.39;9.18;331.14;4;13.351440;0.524390;
55.862297;5.524032;55.862282;9.843532;0.17;2.23;-8.39;9.19;334.67;4;1.435002;1.668930;
55.862297;5.524032;55.862286;9.843534;1.98;0.38;-8.39;9.19;333.60;4;-1.136046;1.668930;
55.862297;5.524032;55.862289;9.843534;3.79;-1.48;-8.39;9.19;332.24;4;-3.815744;1.668930;
55.862297;5.524032;55.862293;9.843536;4.25;-3.96;-8.39;9.19;329.24;4;-6.231661;0.222648;
55.862297;5.524032;55.862293;9.843536;-0.95;2.85;-8.39;9.19;334.06;4;2.670288;1.335144;
55.862297;5.524032;55.862293;9.843537;-3.04;0.76;-8.40;9.19;334.18;4;2.670288;-1.597944;
55.862297;5.524032;55.862297;9.843538;5.00;-5.00;-8.40;9.19;333.59;4;-9.245083;0.667572;
55.862297;5.524032;55.862301;9.843539;5.00;-5.00;-8.40;9.20;332.61;4;-12.006960;0.667572;
55.862297;5.524032;55.862301;9.843539;2.35;-1.41;-8.40;9.20;333.27;4;-2.670288;0.667572;
55.862297;5.524032;55.862305;9.843541;5.00;-5.00;-8.40;9.20;335.36;4;-14.490621;-0.809708;
55.862297;5.524032;55.862305;9.843542;2.90;-4.58;-8.40;9.20;333.00;4;-5.340576;-1.200669;
55.862297;5.524032;55.862309;9.843543;5.00;-5.00;-8.40;9.20;332.51;4;-17.168232;0.000000;
55.862297;5.524032;55.862309;9.843544;4.56;-5.00;-8.40;9.20;333.02;4;-8.010864;-1.499511;
55.862297;5.524032;55.862312;9.843545;5.00;-5.00;-8.40;9.20;333.94;4;-20.191854;-0.333786;
55.862297;5.524032;55.862312;9.843545;5.00;-5.00;-8.40;9.20;335.71;4;-10.681152;-0.333786;
55.862297;5.524032;55.862312;9.843546;5.00;-5.00;-8.40;9.20;333.19;4;-10.681152;-3.312629;
55.862297;5.524032;55.862316;9.843548;5.00;-5.00;-8.40;9.20;332.90;4;-22.769339;-2.512105;
55.862297;5.524032;55.862320;9.843551;5.00;-5.00;-8.40;9.20;333.10;4;-25.266811;-2.824299;
55.862297;5.524032;55.862324;9.843553;5.00;-5.00;-8.41;9.20;332.64;4;-28.212891;-3.192543;
55.862297;5.524032;55.862328;9.843554;5.00;-5.00;-8.41;9.20;335.88;4;-30.348131;-2.002716;
55.862297;5.524032;55.862328;9.843555;5.00;-5.00;-8.41;9.20;335.53;4;-21.362305;-6.471380;
55.862297;5.524032;55.862331;9.843557;5.00;-5.00;-8.41;9.20;331.08;4;-33.450493;-4.514682;
55.862297;5.524032;55.862335;9.843558;5.00;-5.00;-8.41;9.21;337.72;4;-35.774178;-3.337860;
55.862297;5.524032;55.862339;9.843560;5.00;-5.00;-8.41;9.20;333.66;4;-38.799934;-4.849714;
55.862297;5.524032;55.862343;9.843562;5.00;-5.00;-8.41;9.21;333.75;4;-41.470222;-6.695354;
55.862297;5.524032;55.862347;9.843564;5.00;-5.00;-8.41;9.21;332.20;4;-43.949234;-5.827174;
55.862297;5.524032;55.862350;9.843566;5.00;-5.00;-8.41;9.21;332.88;4;-46.810799;-4.673004;
55.862297;5.524032;55.862354;9.843568;5.00;-5.00;-8.41;9.20;332.94;4;-49.300472;-6.162292;
55.862297;5.524032;55.862358;9.843570;5.00;-5.00;-8.41;9.21;332.86;4;-51.970760;-6.496078;
55.862297;5.524032;55.862396;9.843592;5.00;-5.00;-8.41;9.21;334.03;3;-161.888992;-27.679895;
55.862297;5.524032;55.862396;9.843591;5.00;-5.00;-8.41;9.21;332.54;3;-69.427490;-8.869955;
55.862297;5.524032;55.862396;9.843591;5.00;-5.00;-8.41;9.21;335.40;3;-69.427490;-10.013580;
55.862297;5.524032;55.862396;9.843591;5.00;-5.00;-8.42;9.21;333.36;3;-69.427490;-10.013580;
55.862297;5.524032;55.862396;9.843591;5.00;-5.00;-8.42;9.21;334.93;3;-69.427490;-10.013580;
55.862297;5.524032;55.862396;9.843592;5.00;-5.00;-8.42;9.22;334.79;3;-69.427490;-11.524466;
55.862297;5.524032;55.862396;9.843592;5.00;-5.00;-8.42;9.22;333.57;3;-69.427490;-10.347366;
55.862297;5.524032;55.862400;9.843593;5.00;-5.00;-8.42;9.22;334.55;3;-81.618652;-10.347366;
55.862297;5.524032;55.862400;9.843593;5.00;-5.00;-8.42;9.22;333.07;3;-72.097778;-10.347366;
55.862297;5.524032;55.862400;9.843594;5.00;-5.00;-8.42;9.22;333.48;3;-72.097778;-11.836788;
55.862297;5.524032;55.862404;9.843594;5.00;-5.00;-8.42;9.22;334.20;3;-84.193718;-9.169436;
55.862297;5.524032;55.862404;9.843596;5.00;-5.00;-8.42;9.22;336.37;3;-74.768066;-13.326209;
55.862297;5.524032;55.862408;9.843596;5.00;-5.00;-8.42;9.22;334.09;3;-86.865120;-9.503084;
55.862297;5.524032;55.862408;9.843596;5.00;-5.00;-8.42;9.22;334.27;3;-77.438354;-13.638066;
55.862297;5.524032;55.862408;9.843597;5.00;-5.00;-8.42;9.22;333.99;3;-77.438354;-12.837213;
55.862297;5.524032;55.862411;9.843598;5.00;-5.00;-8.42;9.23;334.98;3;-89.354790;-11.682510;
55.862297;5.524032;55.862415;9.843598;5.00;-5.00;-8.43;9.23;335.89;3;-92.195724;-8.661294;
55.862297;5.524032;55.862415;9.843599;5.00;-5.00;-8.43;9.23;335.14;3;-82.778931;-12.504227;
55.862297;5.524032;55.862415;9.843599;5.00;-5.00;-8.43;9.23;333.93;3;-82.778931;-11.348724;
55.862297;5.524032;55.862415;9.843600;5.00;-5.00;-8.43;9.23;335.05;3;-82.778931;-12.838279;
55.862297;5.524032;55.862415;9.843600;5.00;-5.00;-8.43;9.23;335.06;3;-82.778931;-11.682510;
55.862297;5.524032;55.862415;9.843600;5.00;-5.00;-8.44;9.23;334.22;3;-82.778931;-11.682510;
55.862297;5.524032;55.862415;9.843601;5.00;-5.00;-8.44;9.23;332.70;3;-82.778931;-13.171932;
55.862297;5.524032;55.862415;9.843601;5.00;-5.00;-8.44;9.24;335.22;3;-82.778931;-12.016296;
55.862297;5.524032;55.862419;9.843602;5.00;-5.00;-8.44;9.24;335.12;3;-94.775024;-12.016296;
55.862297;5.524032;55.862427;9.843605;5.00;-5.00;-8.44;9.24;334.82;3;-109.439224;-15.014505;
55.862297;5.524032;55.862431;9.843606;5.00;-5.00;-8.44;9.24;330.99;3;-102.794579;-12.683868;
55.862297;5.524032;55.862431;9.843607;5.00;-5.00;-8.45;9.24;333.17;3;-93.460083;-14.173290;
55.862297;5.524032;55.862408;9.843593;5.00;-5.00;-8.45;9.24;332.33;4;-22.494152;1.764297;
55.862297;5.524032;55.862385;9.843580;5.00;-2.15;-8.45;9.24;332.68;4;-5.409649;2.322815;
55.862297;5.524032;55.862389;9.843581;5.00;-5.00;-8.45;9.24;332.83;3;-73.513680;-7.009506;
55.862297;5.524032;55.862366;9.843570;-3.61;5.00;-8.45;9.24;336.00;4;8.502056;3.573475;
55.862297;5.524032;55.862347;9.843559;-5.00;5.00;-8.45;9.24;332.17;4;11.511669;4.261924;
55.862347;5.524035;55.862335;9.843551;-5.00;5.00;-8.45;9.24;333.17;4;35.746113;10.424083;
55.862347;5.524035;55.862316;9.843541;-5.00;5.00;-8.45;9.24;333.78;4;66.718803;9.673069;
55.862347;5.524035;55.862301;9.843533;-5.00;5.00;-8.45;9.25;333.14;4;68.985413;12.933168;
55.862347;5.524035;55.862289;9.843525;-5.00;5.00;-8.46;9.25;333.86;4;67.014824;14.749478;
55.862347;5.524035;55.862270;9.843515;-5.00;5.00;-8.46;9.25;331.72;4;99.197830;15.401840;
55.862347;5.524035;55.862255;9.843507;-5.00;5.00;-8.44;9.26;333.32;4;99.694710;18.357489;
55.862347;5.524035;55.862240;9.843498;-5.00;5.00;-8.46;9.26;330.70;4;111.718552;19.123621;
55.862347;5.524035;55.862225;9.843490;-5.00;5.00;-8.47;9.26;334.31;4;122.429550;22.286369;
55.862347;5.524035;55.862213;9.843484;-5.00;5.00;-8.46;9.28;332.75;4;121.195328;19.821621;
55.862347;5.524035;55.862202;9.843477;-5.00;5.00;-8.47;9.29;330.08;4;128.431442;23.639326;
55.862347;5.524035;55.862190;9.843472;-5.00;5.00;-8.47;9.29;334.68;4;136.950775;22.458637;
55.862347;5.524035;55.862183;9.843466;-5.00;5.00;-8.54;9.27;334.16;4;132.630249;24.811428;
55.862347;5.524035;55.862171;9.843460;-5.00;5.00;-8.56;9.29;334.16;4;150.044067;26.230200;
