-0.008989 -0.008928 1.147480
0.017690 -1.004019 0.262944
0.050679 0.985913 0.218528
-0.961677 -0.002249 0.103254
1.057024 -0.023940 0.180222
0.139753 -0.021152 -0.905657
0.056072 -0.020364 -0.909490
0.093745 -0.058442 -0.908970
0.096658 0.015862 -0.908875
0.097813 -0.279067 -0.872180
0.372454 -0.023806 -0.858928
0.095867 0.234822 -0.877600
-0.185864 -0.023103 -0.880310
-0.958494 -0.016902 0.216196
1.038867 -0.024844 0.313247
0.004653 -0.020342 1.144536
0.008000 -0.009282 1.145124
-0.001133 -0.003896 1.144524
-0.008110 -0.010474 1.144946