-0.001916;0.030665;1.009257;0.171168;0.011783;-0.208260;
0.062911;0.048625;1.039619;0.071931;-0.270660;0.226855;
0.084799;0.007639;1.015058;0.148267;0.332394;-0.025053;
0.061069;0.020969;1.038456;-0.080741;0.126287;-0.192992;
-0.022881;0.015547;0.995007;0.423076;-0.316462;-0.101389;
0.078338;0.033105;1.061192;-0.088374;0.034684;0.142885;
0.071276;0.005314;1.017530;-0.370817;0.072852;-0.139557;
-0.012934;0.006641;1.003356;0.354374;-0.186691;-0.131924;
0.074120;0.032847;1.057450;-0.141809;-0.217225;0.173420;
0.084406;0.000054;1.031372;-0.294481;0.469798;0.005481;
0.039044;0.037346;1.013859;0.003229;0.278958;-0.147191;
0.005880;0.032656;1.036616;0.316206;-0.247759;-0.040321;
0.067214;0.018005;1.015204;-0.080741;0.118653;0.226855;
0.082700;0.012513;1.005045;-0.263947;0.294226;-0.223527;
-0.007281;0.025778;1.009600;0.285671;-0.171423;-0.086122;
0.062719;0.044962;1.056729;-0.103642;-0.133255;0.142885;
0.101287;0.008956;1.000353;-0.172344;0.210256;0.043649;
-0.003000;0.016816;1.033072;0.186435;0.019416;-0.177725;
0.000245;0.013075;1.033309;0.102465;-0.324095;0.211588;
0.086035;0.032386;1.036279;-0.424252;0.156821;0.135252;
0.075585;0.017988;1.019737;-0.210512;-0.011118;-0.170092;
-0.023232;0.006385;1.020127;0.346740;-0.201958;0.028382;
0.067901;0.038707;1.028266;-0.080741;-0.179057;0.280290;
0.073489;0.010527;0.999736;-0.309748;0.271325;-0.147191;
0.023978;0.031183;1.042737;0.064297;-0.011118;-0.261695;
0.016049;0.027676;1.029086;0.026129;-0.362263;0.097084;
0.084865;0.007691;1.001572;-0.195245;0.111020;0.119985;
0.033718;0.021591;1.038076;-0.057840;-0.117988;-0.147191;
-0.005518;0.012897;1.023415;0.308572;-0.194324;0.005481;
0.069786;0.055017;1.037112;-0.088374;0.049951;0.081817;
0.104782;0.007356;1.029806;-0.286848;0.126287;-0.147191;
-0.022877;0.026267;1.011347;0.331473;0.004149;-0.231160;
0.056745;0.058055;1.037952;0.148267;-0.385164;0.051282;
0.080512;0.034067;1.019304;-0.325016;0.248424;0.051282;
0.063908;0.024286;1.055955;-0.118909;0.103386;-0.185359;
-0.011192;0.016967;0.986611;0.239870;-0.377530;0.104718;
0.087930;0.031503;1.053213;0.049030;0.065218;0.356626;
0.090018;0.003083;1.019725;-0.225779;0.301859;-0.162458;
-0.001606;0.025185;1.033949;0.148267;0.049951;-0.139557;
0.042935;0.044494;1.023091;0.239870;-0.163790;0.188687;
0.077048;0.004807;1.030601;-0.164710;0.172088;0.089450;
0.083223;0.012359;1.026384;-0.034939;0.179722;-0.101389;
-0.026840;0.016475;0.988098;0.430710;-0.369897;-0.162458;
0.072614;0.044380;1.067651;-0.149443;-0.133255;0.196321;
0.081607;0.007729;1.031934;-0.225779;0.347661;-0.139557;
-0.009569;0.016739;0.999137;0.339107;-0.324095;-0.124290;
0.065329;0.026871;1.061407;-0.248680;-0.430965;0.379527;
0.098177;0.012841;1.009683;-0.309748;0.408730;0.127618;
0.050424;0.041967;1.025613;-0.004405;-0.201958;-0.177725;
0.000891;0.018828;1.024328;0.148267;-0.461500;0.150519;
0.083323;0.023394;1.030470;-0.080741;0.233157;0.158153;
0.057564;0.024198;1.020552;-0.073107;0.248424;-0.154824;
-0.010799;0.030402;1.003977;0.537580;-0.171423;-0.002153;
0.040242;0.040445;1.055608;-0.126542;-0.148523;0.058916;
0.077386;0.000690;0.997686;-0.157077;0.401096;0.074183;
0.022004;0.015472;1.025070;0.262771;-0.011118;-0.047954;
0.035756;0.028044;1.039180;0.201702;-0.217225;0.028382;
0.070129;0.032582;1.052485;-0.477687;0.126287;0.112351;
0.093591;0.026649;1.018892;-0.218145;0.133920;-0.154824;
-0.014786;0.022494;1.026856;0.369641;-0.133255;-0.192992;
0.068771;0.040972;1.030273;-0.012038;-0.194324;0.119985;
0.091797;0.005107;1.035719;-0.111275;0.004149;-0.055588;
-0.018235;0.019276;1.018178;0.148267;-0.072186;-0.238794;
0.010512;0.022392;1.036287;0.079565;-0.263026;0.051282;
0.086512;0.018416;1.012787;-0.103642;0.217890;0.112351;
0.060746;0.015544;1.052105;-0.042573;0.065218;-0.177725;
-0.002150;0.024158;1.015289;0.354374;-0.385164;0.036015;
0.052254;0.036593;1.035615;-0.149443;0.034684;0.203954;
0.098089;0.010197;1.012586;-0.034939;0.294226;-0.078489;
-0.005759;0.025209;1.015744;0.064297;-0.125622;-0.261695;
0.049152;0.040930;1.025580;-0.004405;-0.369897;0.165786;
0.086937;0.000955;1.034609;-0.073107;0.126287;0.104718;
0.076006;0.012628;1.052279;-0.202878;0.164454;-0.269328;
-0.019157;0.012997;1.008510;0.384908;-0.285927;-0.055588;
0.082374;0.039676;1.046877;-0.325016;-0.209591;0.081817;
0.091492;0.001555;1.044001;-0.164710;0.439264;-0.063221;
-0.016123;0.023686;0.995712;0.323839;-0.179057;0.005481;
0.030827;0.039381;1.013526;0.148267;-0.339362;0.173420;
0.086754;0.013559;1.030130;-0.050206;0.439264;-0.009786;
0.038290;0.031015;1.016944;0.049030;0.095752;-0.223527;
0.011871;0.027229;1.029020;0.384908;-0.591271;0.028382;
0.062107;0.045253;1.028279;-0.118909;-0.362263;0.066550;
0.085953;0.001366;1.032639;-0.218145;0.179722;-0.139557;
-0.007569;0.024773;0.991680;0.262771;-0.056920;-0.261695;
0.053961;0.029948;1.059329;-0.019672;-0.079820;0.341359;
0.091156;0.000017;1.006209;-0.248680;0.263691;0.158153;
0.071964;0.010685;1.049496;-0.080741;0.088119;-0.299863;
-0.007260;0.017420;1.004820;0.499412;-0.056920;-0.025053;
0.073943;0.035457;1.053072;-0.019672;0.019416;0.265023;
0.071095;0.021184;1.019719;-0.195245;0.233157;-0.101389;
-0.011671;0.021183;1.026881;0.255137;-0.194324;-0.299863;
0.063554;0.037170;1.037745;0.033763;-0.255393;0.158153;
0.088824;0.003520;1.020205;-0.325016;0.118653;0.211588;
0.040012;0.028788;1.025764;-0.096008;0.179722;-0.284595;
0.018846;0.026526;1.041370;0.155900;-0.400431;-0.040321;
0.086256;0.018375;0.993900;-0.340283;0.217890;0.188687;
0.091940;0.018023;1.018008;-0.218145;0.294226;-0.078489;
-0.013385;0.024114;1.016110;0.423076;-0.263026;-0.154824;
0.041917;0.037918;1.043825;0.026129;-0.041652;0.074183;
0.086858;0.003632;1.000806;-0.210512;0.233157;0.089450;
0.063600;0.028821;1.016536;-0.080741;0.057584;-0.200626;
-0.007499;0.016275;1.027605;0.247503;-0.125622;0.089450;
0.078915;0.036428;1.019316;-0.233413;0.103386;0.150519;
0.077080;0.004377;1.034519;-0.111275;0.172088;-0.101389;
-0.015116;0.017043;1.021868;0.270404;-0.011118;-0.055588;
0.045288;0.034545;1.052161;-0.111275;-0.034019;0.272657;
0.095716;0.019217;1.003610;-0.202878;0.149188;-0.055588;
0.021125;0.029029;1.038251;0.255137;0.080485;-0.299863;
0.015386;0.032121;1.018351;0.300939;-0.217225;0.028382;
0.056476;0.043594;1.033570;-0.111275;0.179722;0.181053;
0.087549;0.011555;1.023737;-0.172344;-0.148523;-0.131924;
-0.029232;0.009235;1.018121;0.346740;-0.125622;-0.170092;
0.064325;0.043520;1.035887;-0.134176;-0.217225;0.135252;
0.091774;-0.004224;1.031169;-0.225779;0.332394;0.043649;
-0.015288;0.037093;1.009651;0.201702;0.011783;-0.147191;
0.065875;0.050897;1.051955;0.125366;-0.446233;0.173420;
0.083224;0.030277;1.034737;-0.416619;0.194989;0.036015;
0.060513;0.024137;1.040210;-0.134176;0.286592;-0.231160;
-0.021417;0.023065;1.004210;0.316206;-0.224859;-0.101389;
0.078340;0.038456;1.060289;-0.179977;-0.018752;0.066550;
0.085196;0.006192;1.031718;-0.172344;0.256058;-0.231160;
0.013767;0.030286;1.031789;0.117732;-0.072186;-0.276962;
0.045254;0.032867;1.037423;0.056664;-0.240126;0.203954;
0.086056;-0.002732;1.018603;-0.179977;0.111020;0.112351;
0.038171;0.041834;1.023720;-0.042573;0.187356;-0.200626;
-0.018802;0.031257;1.005592;0.300939;-0.537836;-0.040321;
0.069779;0.039446;1.056258;-0.225779;-0.079820;0.097084;
0.080582;0.006455;1.014736;-0.286848;0.309493;-0.269328;
-0.020889;0.019634;1.001225;0.354374;-0.117988;-0.086122;
0.054224;0.041602;1.055088;-0.065474;-0.362263;0.104718;
0.084231;0.002164;0.992410;-0.279214;0.385828;-0.093756;
-0.005893;0.019272;1.027181;0.255137;0.019416;-0.215893;
0.004971;0.012895;1.021848;0.323839;-0.186691;0.173420;
0.088074;0.033937;1.018674;-0.118909;0.317126;0.310824;
0.044017;0.023739;1.051005;-0.195245;0.156821;-0.131924;
0.022203;0.039164;1.027378;0.194068;-0.346996;0.081817;
0.085433;0.014343;1.038215;-0.179977;0.004149;0.150519;
0.027480;-0.000258;0.997945;0.110099;-0.125622;-0.483069;
0.082285;0.036762;1.014219;-0.042573;-0.041652;0.501664;
0.007734;-0.007136;1.026746;0.369641;0.286592;-0.528870;
0.050262;0.019723;1.039020;-0.195245;0.111020;0.257389;
0.076112;0.023400;1.021294;0.255137;0.080485;-0.215893;
0.012198;0.052643;0.998251;-0.004405;-0.263026;-0.170092;
0.025817;0.006009;1.015423;-0.134176;0.156821;0.043649;
0.064143;0.033092;1.023472;0.140633;-0.095088;-0.101389;
0.093029;0.044021;1.041942;-0.134176;-0.064553;0.081817;
0.093707;0.038184;1.040641;-0.042573;-0.133255;0.058916;
0.008910;0.004243;1.000444;0.056664;-0.049286;-0.162458;
0.012103;0.021609;0.993630;0.033763;-0.072186;0.119985;
0.015127;0.005796;1.002762;0.133000;0.019416;-0.330397;
0.006973;0.017437;1.008945;0.049030;-0.247759;0.104718;
0.007831;0.026197;1.004916;0.094832;-0.171423;0.165786;
0.031710;0.015382;1.020057;0.171168;-0.003484;0.051282;
0.015050;0.012954;1.025915;0.148267;0.164454;0.089450;
0.019700;0.021071;1.015310;0.026129;0.080485;0.013114;
0.061616;0.013369;1.033694;-0.118909;0.095752;-0.208260;
0.043187;0.022636;1.011252;-0.019672;0.126287;-0.055588;
0.042753;0.023368;1.012728;-0.241046;0.011783;0.112351;
0.050550;0.045615;1.058282;-0.034939;-0.133255;0.051282;
0.052806;0.036683;1.040038;-0.004405;-0.133255;0.104718;
0.050614;0.027960;1.017320;0.033763;-0.003484;-0.025053;
0.051111;0.019167;1.031422;0.148267;-0.140889;-0.070855;
0.057627;0.032896;1.048634;0.071931;-0.026385;-0.170092;
0.028116;0.006679;1.020370;0.071931;-0.018752;-0.040321;
0.071581;0.035182;1.041999;-0.210512;-0.156156;0.211588;
0.028073;0.013604;1.010415;0.308572;0.111020;0.119985;
0.052539;0.017320;1.016948;-0.103642;-0.087454;0.028382;
0.024194;0.012995;1.015011;0.201702;0.103386;0.119985;
0.061394;0.046650;1.043002;0.010862;-0.156156;-0.070855;
0.040256;0.029707;1.004202;0.056664;0.172088;-0.185359;
0.040729;0.038110;1.027381;-0.164710;-0.018752;0.028382;
0.064019;0.013688;1.047710;-0.034939;-0.056920;0.257389;
0.041926;0.005817;1.032569;0.140633;-0.049286;0.089450;
0.061504;0.026514;1.032657;0.110099;-0.041652;-0.002153;
0.019701;0.031324;1.033114;0.270404;0.027050;-0.330397;
0.046137;0.027230;1.032449;-0.012038;0.133920;-0.131924;
0.052112;0.024373;1.050884;-0.134176;-0.156156;0.058916;
0.051877;0.023657;1.035912;-0.057840;0.080485;0.058916;
0.065152;0.032262;1.047015;0.018496;-0.079820;0.066550;
0.029254;0.014311;1.004802;-0.096008;0.149188;-0.093756;
0.039848;0.023958;1.012695;0.071931;0.103386;-0.109023;
0.023926;0.012475;0.996853;0.018496;0.011783;-0.101389;
0.049359;0.020435;1.023814;0.194068;-0.034019;0.058916;
0.030793;0.024921;1.008412;0.071931;-0.148523;0.005481;
0.049319;0.033869;1.008805;0.049030;0.004149;0.211588;
0.048689;0.022554;1.020892;-0.042573;-0.110354;0.119985;
0.057754;0.024402;1.034045;0.102465;0.004149;0.074183;
0.045341;0.016182;1.012905;0.110099;-0.163790;-0.009786;
0.046810;0.012795;1.043529;0.209336;-0.034019;-0.101389;
0.053129;0.017452;1.024069;0.033763;0.072852;0.043649;
0.045768;0.018957;1.034776;-0.088374;0.210256;0.203954;
0.050938;0.026879;1.008971;0.094832;-0.339362;0.119985;
0.048619;0.011801;1.036184;0.033763;-0.186691;-0.040321;
0.041082;0.022174;1.020043;0.155900;-0.194324;-0.177725;
0.048201;0.029966;1.012410;-0.012038;-0.087454;-0.032687;
0.042107;0.021092;1.009252;-0.218145;-0.163790;0.119985;
0.039745;0.010139;1.018378;0.133000;0.027050;0.036015;
0.053237;0.038747;1.046450;-0.080741;-0.278294;0.242122;
0.037680;0.028758;0.997775;-0.019672;0.309493;0.158153;
0.033357;0.010796;1.068322;0.216969;-0.072186;-0.116657;
0.037290;0.019321;1.020929;-0.042573;0.095752;-0.376198;
0.044697;0.019294;1.044820;0.133000;-0.056920;-0.131924;
0.052214;0.023092;1.063128;0.133000;0.217890;0.112351;
0.046044;0.012689;1.005017;0.094832;0.019416;0.142885;
0.049580;0.037199;1.052751;0.094832;-0.011118;0.051282;
0.046533;0.022751;1.041708;-0.004405;-0.102721;0.219221;
0.050776;0.034177;1.025260;-0.027306;0.072852;-0.147191;
0.049762;0.012005;1.029582;0.003229;-0.102721;-0.017420;
0.047174;0.033614;1.032066;-0.050206;-0.018752;0.028382;
0.051708;0.028130;1.025430;-0.012038;0.118653;-0.055588;
0.043046;0.022273;1.020318;-0.042573;-0.125622;0.066550;
0.042777;0.030152;1.026559;0.155900;0.111020;-0.017420;
0.037857;0.011281;1.019349;-0.004405;-0.072186;0.005481;
0.050599;0.029585;1.028623;-0.111275;-0.201958;0.142885;
0.041209;0.029299;1.040257;0.194068;0.088119;-0.109023;
0.050261;0.010629;1.017063;-0.248680;-0.003484;0.104718;
0.044471;0.029054;1.029264;0.041397;-0.133255;0.158153;
0.020814;0.012650;1.019372;-0.179977;0.019416;0.089450;
0.045595;0.033909;1.040876;0.270404;-0.026385;-0.124290;
0.037039;0.002313;1.008908;-0.034939;0.164454;-0.002153;
0.041713;0.020476;1.018556;-0.057840;0.027050;-0.238794;
0.048873;0.026710;1.037876;-0.149443;-0.346996;0.074183;
0.056661;0.031686;1.035606;0.041397;-0.034019;0.127618;
0.049234;0.017965;1.005139;0.079565;-0.163790;0.135252;
0.044556;0.002597;1.003378;0.071931;-0.011118;-0.002153;
0.042227;0.015872;1.018742;-0.042573;-0.163790;0.058916;
0.052003;0.022847;1.030017;0.003229;0.034684;-0.162458;
0.065808;0.021729;1.024557;0.049030;-0.133255;-0.009786;
0.042955;0.025439;1.020362;0.010862;-0.102721;-0.040321;
0.055621;0.022499;1.027611;0.140633;0.080485;0.135252;
0.046023;0.023864;1.036077;0.003229;-0.117988;-0.009786;
0.051235;0.028606;1.043086;-0.027306;0.019416;-0.078489;
0.063099;0.023920;1.033378;0.064297;-0.056920;0.043649;
0.046406;0.030068;1.042303;-0.157077;0.019416;-0.185359;
0.048913;0.016964;1.021305;0.010862;0.103386;-0.147191;
0.045774;0.014310;1.033728;-0.210512;-0.201958;-0.025053;
0.048230;0.034188;1.017622;-0.004405;-0.034019;0.104718;
0.046972;0.016657;1.023480;-0.012038;-0.011118;-0.078489;
0.051788;0.030996;1.021059;0.003229;0.217890;-0.116657;
0.043707;0.018754;1.027632;0.293305;0.027050;-0.047954;
0.041564;0.023579;1.014430;0.026129;0.202622;-0.002153;
0.039697;0.019163;1.018754;0.216969;-0.125622;0.058916;
0.033289;0.010684;1.027122;-0.050206;0.103386;0.020748;
0.042166;0.017930;1.043293;0.010862;0.088119;-0.025053;
0.057681;0.019922;1.044768;-0.157077;-0.125622;0.036015;
0.070541;0.026459;1.032294;-0.065474;0.095752;0.005481;
0.030647;0.017582;1.023997;0.140633;-0.232492;-0.162458;
0.046684;0.031968;1.037921;0.003229;0.065218;-0.017420;
0.039889;0.020063;1.029804;0.003229;-0.026385;0.165786;
0.056520;0.032230;1.023106;-0.225779;0.149188;0.081817;
0.063722;0.018023;1.028151;-0.004405;0.126287;-0.032687;
0.036319;0.018589;1.024092;-0.126542;-0.285927;0.089450;
0.043386;0.031443;1.012609;0.003229;0.156821;0.036015;
0.037626;0.036886;1.037373;0.049030;0.027050;-0.032687;
0.061176;0.026413;1.026766;0.102465;-0.217225;0.081817;
0.045821;0.001790;1.027661;-0.141809;-0.064553;-0.070855;
0.059512;0.029629;1.018697;-0.073107;0.088119;0.058916;
0.048422;0.013463;1.033753;0.041397;-0.270660;-0.086122;
0.038120;0.040853;1.023460;-0.141809;0.118653;0.196321;
0.054542;0.027695;1.019579;-0.012038;-0.339362;0.005481;
0.054610;0.020334;1.032960;0.148267;0.088119;0.028382;
0.037012;0.013000;1.023040;-0.149443;-0.263026;-0.192992;
0.062954;0.005383;1.016432;0.041397;0.301859;0.203954;
0.071484;0.022740;1.024897;-0.004405;-0.209591;0.097084;
0.027939;0.042093;1.025295;0.316206;0.103386;-0.086122;
0.052496;0.047317;1.051468;-0.347916;-0.354630;-0.025053;
0.031871;-0.008194;1.007701;0.270404;-0.140889;-0.147191;
0.060206;0.015660;1.011392;-0.317382;0.004149;0.203954;
0.047309;-0.008158;0.992226;0.155900;-0.133255;0.066550;
0.067754;0.021576;1.024337;-0.149443;0.049951;0.326092;
0.026372;0.021008;1.039190;0.026129;-0.194324;-0.086122;
0.050250;0.029925;1.019550;-0.111275;-0.079820;0.058916;
0.013466;0.040217;1.028251;-0.103642;-0.003484;-0.399099;
0.027639;0.017153;1.038171;-0.065474;-0.003484;-0.116657;
0.072376;0.008039;1.016849;-0.134176;-0.018752;-0.002153;
0.027149;0.018288;1.034012;0.201702;-0.171423;-0.063221;
0.026377;0.014468;1.008442;-0.073107;-0.285927;0.005481;
0.040979;0.040696;1.036740;-0.202878;-0.003484;-0.070855;
0.035816;0.022490;1.008938;-0.393718;0.133920;-0.299863;
0.041607;0.013430;1.054254;0.087198;-0.201958;0.074183;
0.048822;0.006169;1.016978;-0.027306;0.217890;-0.200626;
0.074156;0.046325;1.011545;-0.118909;0.111020;0.127618;
0.038000;0.038890;1.039860;0.323839;-0.064553;0.013114;
0.031483;0.006546;1.016737;0.102465;-0.316462;-0.009786;
0.056355;0.014174;1.039516;-0.225779;0.065218;0.036015;
0.073686;0.041225;1.031327;-0.248680;0.271325;-0.223527;
0.056918;0.015898;1.038814;0.224603;0.088119;0.028382;
0.048276;0.007282;1.045187;0.094832;0.088119;0.142885;
0.055812;0.036627;1.009182;-0.302115;0.027050;0.265023;
0.029474;0.034319;1.022016;0.018496;0.011783;0.112351;
0.020746;0.008388;1.011462;0.216969;-0.194324;-0.086122;
0.032172;0.017461;1.010530;0.117732;-0.133255;-0.139557;
0.061955;0.035088;1.017094;-0.187611;0.133920;-0.047954;
0.050284;0.022026;0.995895;0.125366;-0.011118;0.119985;
0.020516;0.007447;0.997713;0.400175;-0.293561;-0.047954;
0.032245;0.004275;1.008868;0.087198;-0.179057;0.127618;
0.070161;0.043776;1.050932;-0.195245;-0.079820;0.097084;
0.057810;0.037263;1.046493;-0.172344;-0.156156;0.051282;
0.061476;0.012543;1.044470;0.033763;-0.087454;-0.078489;
0.051965;0.003536;1.060388;-0.103642;0.011783;-0.215893;
0.064221;0.033407;1.028137;-0.340283;0.049951;0.158153;
0.077507;0.051117;1.061933;-0.416619;0.202622;0.104718;
0.054956;0.020009;1.059934;0.133000;0.065218;-0.070855;
0.043751;0.003720;1.066895;0.049030;-0.156156;-0.147191;
0.049903;0.024262;1.050606;-0.149443;-0.011118;-0.009786;
0.081011;0.051362;1.067136;-0.645626;0.049951;0.150519;
0.040401;0.010804;1.028451;0.186435;0.103386;0.142885;
0.033125;0.006144;1.067760;-0.057840;-0.072186;-0.093756;
0.040117;0.021949;1.058281;-0.027306;-0.148523;0.051282;
0.072729;0.037264;1.047196;-0.500588;0.332394;-0.017420;
0.050636;0.061734;1.043069;-0.256313;0.263691;-0.101389;
0.051279;0.015157;1.040194;0.339107;0.133920;-0.261695;
0.032484;0.015729;1.058327;-0.111275;0.164454;-0.002153;
0.041152;0.030165;1.032912;-0.195245;-0.041652;0.356626;
0.060649;0.056605;1.042646;-0.202878;-0.018752;0.249756;
0.064642;0.050579;1.034032;0.079565;0.049951;-0.238794;
0.053138;-0.006732;1.020775;0.239870;-0.278294;-0.254061;
0.010738;-0.002987;1.017040;0.300939;-0.224859;-0.139557;
0.050078;0.043951;1.029070;-0.416619;-0.041652;0.058916;
0.068652;0.051754;1.000756;-0.164710;0.118653;0.158153;
0.056201;0.035847;1.004517;0.110099;0.034684;-0.009786;
0.072780;0.014265;1.024547;0.316206;0.156821;0.158153;
0.034967;-0.018600;1.002689;0.216969;-0.003484;-0.383832;
0.044266;0.022114;1.038969;-0.256313;-0.148523;0.234489;
0.055211;0.047682;1.033856;-0.363183;-0.049286;0.066550;
0.090872;0.066287;1.037821;0.056664;0.027050;-0.017420;
0.059209;0.011869;1.005438;0.453610;0.278958;-0.047954;
0.026555;-0.018609;1.013359;0.278038;-0.072186;0.036015;
0.019258;-0.007284;1.011704;0.064297;-0.140889;-0.139557;
0.023586;0.034044;1.039585;-0.218145;-0.400431;0.066550;
0.018022;0.085033;1.060600;-0.721962;-0.117988;-0.078489;
0.040082;0.071631;1.004072;-0.210512;0.133920;0.188687;
0.091226;0.039887;1.031802;0.552847;0.599569;0.127618;
0.089765;-0.031133;1.014810;0.430710;0.194989;0.158153;
0.045815;-0.043108;1.025047;0.224603;-0.201958;0.036015;
0.061973;-0.020519;0.981956;-0.073107;-0.217225;0.013114;
0.021474;0.030775;1.039752;-0.531122;-0.232492;-0.162458;
0.055307;0.051511;1.045438;-0.844100;0.065218;-0.360931;
0.043970;0.095090;1.045420;-0.836466;-0.217225;-0.330397;
0.040880;0.058777;1.073539;-0.187611;-0.255393;-0.315130;
0.025084;0.074866;1.058836;-0.210512;-0.156156;0.005481;
0.033424;0.011544;1.052394;-0.286848;0.049951;-0.223527;
0.003465;0.031186;1.044162;-0.263947;-0.102721;-0.238794;
0.041191;0.046058;1.069681;-0.340283;0.049951;-0.025053;
0.077810;0.034199;1.054335;-0.523489;0.233157;-0.498336;
0.105679;0.030814;1.030404;-0.401351;0.103386;-0.154824;
0.100115;0.035946;1.016177;-0.561657;0.332394;-0.025053;
0.107077;0.010823;1.042640;-0.210512;0.408730;0.142885;
0.091328;-0.024029;0.978153;0.171168;0.263691;0.013114;
0.112523;0.026456;1.009594;-0.370817;0.462164;0.150519;
0.123818;0.025193;1.036220;-0.554023;0.431630;0.036015;
0.155985;-0.002988;1.002918;0.308572;0.370562;0.074183;
0.088572;0.032290;0.970594;0.423076;0.423996;0.196321;
0.055654;0.070208;1.022174;0.018496;0.507966;0.326092;
0.088124;-0.021637;0.985744;0.354374;0.118653;0.280290;
0.003425;0.010638;1.005854;1.270404;-0.079820;-0.460168;
-0.029788;0.055190;1.011424;0.926893;-0.690507;-0.170092;
-0.000284;0.068155;1.050531;-0.111275;-0.423332;-0.299863;
-0.009787;0.065894;1.060908;-0.462420;-0.110354;-0.307496;
0.028678;0.025644;1.048608;-1.187611;-0.102721;0.455863;
0.073240;0.001010;1.033679;-0.737229;0.080485;0.257389;
0.128538;-0.043847;1.017383;-0.218145;0.340027;0.532198;
0.141163;0.003410;1.022908;0.400175;0.248424;0.081817;
0.099268;0.053014;1.019110;0.369641;0.210256;0.203954;
0.052053;0.098261;1.035282;0.216969;0.401096;-0.223527;
0.000725;0.026567;1.020515;0.178801;0.011783;-0.192992;
-0.037576;0.044171;1.017284;0.384908;-0.522568;-0.406733;
-0.032863;0.020284;1.035641;0.346740;-0.537836;-0.391466;
0.032545;-0.017957;1.038466;-0.256313;-0.125622;-0.070855;
0.112575;-0.061437;0.984042;-0.248680;-0.018752;0.226855;
0.131335;-0.070851;0.995206;-0.202878;0.187356;0.226855;
0.087754;-0.021512;1.012470;0.377275;0.194989;0.432962;
0.060549;0.037635;1.012452;0.476511;-0.255393;0.219221;
-0.023469;0.092225;1.039271;0.507046;0.111020;-0.093756;
-0.046006;0.116972;1.055740;0.163534;-0.095088;-0.338031;
-0.003892;0.088553;1.090747;-0.508222;-0.362263;-0.353298;
0.059125;0.036956;1.054600;-0.645626;0.057584;-0.231160;
0.111478;0.010563;1.043680;-0.813565;0.332394;0.196321;
0.113608;-0.070176;0.983194;-0.546390;0.622470;0.272657;
0.100988;-0.072787;0.962869;0.094832;0.332394;0.043649;
0.034779;-0.013898;1.008150;0.583381;0.088119;-0.131924;
-0.012338;0.045394;1.017415;0.842923;-0.301194;-0.025053;
0.000644;0.039068;1.042275;0.453610;-1.125622;-0.353298;
0.051348;-0.004327;1.024463;0.247503;-0.301194;-0.231160;
0.136517;-0.069868;0.995294;-0.179977;0.309493;0.303191;
0.137094;-0.065348;0.985559;-0.202878;0.469798;0.432962;
0.125822;0.013924;1.025786;0.209336;0.362928;0.478763;
0.041550;0.054284;1.030325;0.369641;0.393462;0.112351;
-0.037340;0.097675;1.024195;0.606282;-0.156156;-0.131924;
-0.006295;0.100302;1.051403;0.239870;-0.209591;-0.513603;
-0.019314;0.089173;1.050321;-0.279214;-0.255393;-0.307496;
0.058964;0.020970;1.045537;-0.844100;0.485065;0.165786;
0.121284;-0.013400;1.022872;-0.439519;0.591936;0.494031;
0.038455;0.005821;1.010695;0.423076;0.332394;-0.047954;
-0.030664;0.082730;1.047369;0.804755;0.080485;-0.093756;
-0.035961;0.121648;1.058894;0.293305;-0.316462;-0.338031;
0.061863;0.083451;1.091116;-0.393718;-0.362263;-0.444901;
0.166042;0.007531;1.022341;-0.714329;-0.095088;0.119985;
0.131825;-0.003345;1.025375;-0.149443;0.492699;0.295557;
0.046754;0.010843;1.009905;0.674984;0.408730;0.158153;
-0.044897;0.062265;1.062318;1.087198;-0.461500;-0.338031;
-0.008599;0.077055;1.036319;0.308572;-0.476767;-0.322763;
0.098036;-0.041026;1.011106;-0.424252;-0.011118;-0.032687;
0.121622;-0.069861;0.978162;-0.248680;0.133920;0.593267;
0.022260;-0.007326;0.998749;0.140633;0.431630;0.127618;
-0.020552;-0.021208;0.991318;0.652084;-0.201958;-0.315130;
-0.073543;0.058042;1.001035;-0.050206;-0.408065;-0.353298;
0.063210;0.070359;1.074760;-0.828832;-0.278294;0.165786;
0.157979;0.021161;1.064602;-0.416619;0.378195;0.402427;
0.053334;-0.007043;0.981784;0.377275;0.194989;0.265023;
-0.064868;0.032054;1.012552;1.293305;-0.606538;-0.093756;
0.039806;0.046272;1.038521;-0.126542;-0.469133;-0.063221;
0.148193;-0.006772;1.037083;-1.149443;0.187356;-0.063221;
0.128211;-0.060030;0.978399;-0.462420;0.515600;0.142885;
-0.015416;0.024174;1.010197;0.873458;0.126287;-0.315130;
-0.048079;0.122123;1.064859;0.705519;-0.583637;-0.070855;
0.117640;0.039514;1.052525;-0.531122;-0.247759;0.341359;
0.148353;-0.051762;1.010684;-0.851733;0.530867;0.303191;
-0.008627;0.027925;1.010838;0.507046;0.133920;-0.086122;
-0.039277;0.112317;1.082252;1.087198;-0.514935;-0.192992;
0.020479;0.110780;1.096320;-0.592191;-0.163790;-0.086122;
0.200173;-0.037003;1.048662;-1.225779;0.546134;0.280290;
0.024875;-0.023114;0.977223;0.331473;0.065218;-0.391466;
-0.097168;0.131764;1.069697;1.117733;-0.591271;-0.284595;
0.122055;0.036026;1.066270;-0.554023;-0.179057;0.402427;
0.140794;-0.072346;0.995074;-0.790664;0.294226;0.158153;
-0.066427;0.054922;1.014333;0.720786;0.118653;-0.223527;
-0.109532;0.094750;1.046669;1.049030;-0.652339;-0.353298;
0.121901;0.036092;1.054498;-1.179977;0.103386;0.394794;
0.147890;-0.067609;0.978568;-0.790664;0.836210;-0.070855;
-0.100624;0.071773;1.046461;1.216969;-0.194324;-0.330397;
0.030952;0.074656;1.041505;-0.034939;-0.743942;0.410061;
0.188928;-0.035918;1.026448;-1.408985;0.614836;0.081817;
-0.062897;0.024958;1.021059;0.789488;0.294226;-0.589939;
-0.088246;0.087621;1.055695;1.003229;-0.759210;-0.177725;
0.119168;0.048239;1.043846;-1.179977;0.042317;0.532198;
0.164811;-0.051868;0.998900;-0.256313;0.775142;0.074183;
-0.108813;0.029140;1.008697;1.171168;-0.293561;-0.338031;
0.074523;0.087903;1.053106;-0.408985;-0.430965;0.295557;
0.168351;-0.058536;1.031713;-0.637993;0.492699;0.119985;
-0.102706;0.048475;0.993371;0.507046;0.118653;-0.612840;
-0.118813;0.086395;1.022629;0.713152;-0.682874;0.043649;
0.193084;0.020132;1.061407;-1.004405;0.080485;0.600901;
0.051871;-0.027573;0.983181;-0.019672;0.553768;-0.391466;
-0.070378;0.110094;1.049409;1.102465;-0.713408;-0.192992;
0.170205;-0.025074;1.012853;-1.431886;0.179722;0.723038;
0.046409;-0.010650;1.025282;0.316206;0.653004;-0.666275;
-0.061569;0.069305;1.014856;0.758954;-0.652339;-0.292229;
0.101139;0.058149;1.030737;-0.836466;-0.041652;0.921511;
0.093860;-0.064042;1.001394;0.148267;0.408730;-0.818947;
-0.070434;0.117718;1.054178;0.537580;-0.583637;-0.231160;
0.187587;-0.070759;1.015624;-0.874634;0.538500;0.738305;
-0.027229;0.070795;1.036700;0.987962;0.141554;-1.192992;
0.051098;0.059836;1.011414;-0.340283;-0.713408;0.646702;
0.111820;-0.058444;1.008106;-0.256313;0.088119;0.524565;
-0.039682;0.011597;1.014083;0.766587;0.103386;-1.002153;
0.060462;0.115062;1.073164;-0.271580;-0.591271;0.784107;
0.081403;-0.072077;0.976333;-0.363183;0.775142;-0.246427;
-0.047830;0.087695;1.043519;0.865824;-0.751576;-0.796046;
0.157252;-0.007035;1.039170;-0.897535;0.042317;1.036015;
-0.048990;0.009044;1.003615;0.690252;0.194989;-0.857114;
0.095373;0.095000;1.069445;-0.347916;-0.667607;0.455863;
0.119580;-0.053227;1.039435;-0.279214;0.599569;0.036015;
-0.057525;0.131298;1.056521;0.789488;-0.232492;-1.078489;
0.129227;-0.015014;1.019529;-1.302115;-0.156156;1.074183;
-0.056903;-0.001165;1.015370;0.705519;0.317126;-1.139557;
0.105653;0.126438;1.084760;-0.576924;-0.751576;0.707771;
0.025625;-0.047217;1.010723;0.003229;0.653004;0.051282;
0.022545;0.058550;1.001181;0.308572;-0.400431;-0.750244;
0.130498;0.001835;1.017094;-0.195245;0.065218;0.906244;
-0.087903;0.006258;0.991742;0.621549;0.164454;-1.185359;
0.115718;0.016676;1.064427;-1.034939;-0.316462;0.677237;
-0.007776;-0.000511;1.031036;0.674984;0.523233;-0.490702;
0.079566;0.098043;1.046214;-0.867000;-0.415698;0.074183;
0.021837;-0.071266;0.978932;0.117732;0.622470;0.639069;
-0.021210;0.107741;1.042471;0.652084;-0.644706;-0.666275;
0.136202;-0.007145;1.000860;-0.508222;0.194989;0.768840;
-0.069255;0.018369;1.008122;0.835290;0.126287;-1.124290;
0.132758;0.006904;1.039760;-0.958603;-0.705775;0.837542;
-0.040598;0.019051;1.010010;0.636817;0.324760;-0.589939;
0.129193;0.077996;1.027990;-1.019672;-0.614172;0.295557;
-0.027896;-0.018525;0.999100;0.514679;0.813310;0.043649;
0.067435;0.125498;1.063360;-0.485321;-0.522568;-0.078489;
0.081805;-0.047666;1.027699;0.758954;0.164454;0.356626;
0.019670;0.105956;1.035179;0.041397;-0.446233;-0.536504;
0.067399;-0.078607;0.976285;-0.424252;0.370562;0.585634;
-0.017762;0.060021;1.052372;0.751320;-0.339362;-0.727343;
0.050929;-0.033604;1.007602;-0.454787;0.011783;0.547466;
-0.021600;0.008734;1.042254;0.766587;0.034684;-0.849481;
0.123069;0.034662;1.019182;-1.057840;0.194989;0.829908;
-0.081454;-0.005900;1.006125;1.079565;0.362928;-0.841847;
0.084666;0.015626;0.994574;-0.981504;-0.186691;0.753573;
-0.036496;-0.001938;1.045320;0.949794;0.217890;-0.834214;
0.127554;0.007268;1.014924;-1.065474;-0.110354;0.890977;
0.029733;0.042281;1.049110;0.652084;0.111020;-0.734977;
0.105613;0.082373;1.021834;-0.576924;-0.064553;0.242122;
0.050728;0.020436;1.053014;0.552847;-0.316462;-0.315130;
0.062051;0.023317;1.012020;-0.416619;0.714073;0.013114;
0.113667;0.044867;1.065053;0.468878;-0.377530;-0.047954;
-0.070328;-0.037386;0.983265;0.117732;0.408730;0.287924;
0.103993;0.014967;1.052956;-0.332649;-0.583637;0.127618;
-0.064859;0.009955;1.001686;0.369641;0.630104;-0.360931;
0.155699;0.058838;1.013866;-0.767764;-0.308828;0.051282;
-0.005755;-0.020837;1.018018;0.491778;0.111020;-0.712076;
-0.000147;0.053840;1.021144;-0.042573;0.202622;0.669603;
0.170382;0.028619;1.033008;0.056664;-0.728675;-0.101389;
-0.035366;-0.005726;1.015610;0.514679;0.813310;0.028382;
0.056343;0.060423;1.017628;-0.218145;-0.522568;0.639069;
-0.030933;-0.017594;1.006182;0.194068;-0.201958;-0.567038;
-0.001256;0.053636;0.993906;-0.218145;0.798042;-0.345664;
0.159446;0.008872;1.035999;-0.118909;-0.675240;0.364260;
-0.002885;0.005315;1.046639;0.010862;-0.064553;-0.383832;
-0.020362;0.049722;1.023249;0.186435;0.103386;0.089450;
0.175682;0.006926;1.032523;-0.294481;-0.743942;0.478763;
-0.004522;0.020203;1.053207;0.148267;0.675905;-0.505969;
0.118677;0.006336;1.030724;0.423076;0.004149;0.173420;
0.136265;0.007886;1.079059;-0.004405;-0.591271;-0.192992;
-0.058475;0.011187;0.981196;0.064297;0.996516;-0.307496;
0.073773;0.036163;1.001338;-0.164710;-0.308828;0.455863;
0.154174;0.039708;1.078550;0.110099;-0.598904;0.081817;
-0.055250;0.045153;1.026366;0.415442;0.843844;-0.483069;
0.134065;0.015625;1.014647;-0.302115;-0.186691;0.295557;
0.095333;0.018882;1.049211;-0.149443;-0.598904;0.058916;
-0.068273;0.035390;1.001762;0.392542;0.714073;-0.452534;
0.031970;0.012109;0.978325;0.033763;-0.346996;0.509298;
0.026802;-0.010447;1.020593;-0.370817;-0.583637;0.036015;
-0.053194;0.054406;1.018682;0.354374;0.614836;-0.131924;
0.096565;0.016576;1.003584;0.140633;0.088119;0.142885;
0.150933;0.035787;1.088010;-0.248680;-0.576004;0.158153;
-0.049830;0.015422;1.009090;0.484145;0.820943;-0.391466;
0.134524;0.041932;1.045198;0.255137;0.011783;0.364260;
0.089086;-0.015990;1.018944;-0.935703;-0.240126;0.005481;
-0.044160;0.047397;1.043231;0.300939;0.271325;-0.124290;
-0.025542;0.028254;1.005943;0.392542;0.477432;-0.009786;
0.163240;0.043837;1.047105;-0.111275;-0.850813;0.417695;
0.118007;-0.003883;1.017569;-0.783031;-0.263026;-0.002153;
-0.047535;0.028464;1.060318;0.568114;0.614836;-0.444901;
0.122506;0.031065;1.008332;-0.195245;0.118653;0.188687;
0.169993;0.021038;1.049567;-0.218145;-1.285927;0.524565;
0.015211;-0.017380;1.001445;-0.576924;-0.232492;-0.246427;
-0.085242;0.054564;1.052560;0.682618;0.805676;-0.666275;
-0.015283;0.050576;0.997831;0.270404;0.485065;-0.002153;
0.138808;0.026390;1.001384;-0.187611;-0.690507;0.341359;
0.161308;0.019810;1.044276;-0.332649;-0.278294;-0.002153;
-0.077868;0.049134;1.057000;-0.118909;0.653004;-0.422000;
-0.025608;0.047724;1.003773;0.720786;0.767508;-0.139557;
0.101562;0.015507;0.997264;0.415442;-0.148523;0.242122;
0.171686;0.002910;1.004207;-0.309748;-1.263026;0.448229;
0.109754;0.004659;1.045776;-0.615092;-0.713408;0.013114;
0.016011;0.028639;1.095799;-0.004405;0.439264;-0.368565;
-0.010829;0.046184;0.999547;0.598649;1.217890;-0.368565;
0.113665;0.035946;0.987679;0.659717;-0.163790;0.471130;
0.161377;-0.008788;0.988442;-0.569290;-1.316462;0.440595;
0.161898;0.004804;1.033032;-1.073107;-0.972950;0.234489;
0.056054;0.004871;1.105341;-0.317382;0.385828;-0.467802;
-0.045026;0.015419;1.094005;0.377275;1.309493;-0.651008;
0.023392;0.047044;0.978220;0.606282;0.561401;-0.154824;
0.130868;0.043571;0.985336;0.407809;-1.095088;0.570366;
0.151337;0.025853;0.989784;-0.355550;-1.545469;0.494031;
0.138520;-0.015510;1.021615;-0.714329;-0.881347;0.028382;
0.079884;-0.013487;1.071082;-0.737229;0.019416;-0.208260;
0.014719;0.004584;1.122651;-0.088374;0.904912;-0.597573;
-0.056672;0.037062;1.095380;0.705519;1.194989;-0.276962;
0.039764;0.036826;0.941767;0.774221;0.408730;-0.063221;
0.087663;0.026681;0.922927;-0.012038;-0.751576;0.272657;
0.171939;0.022433;0.970899;-0.744863;-1.385164;0.402427;
0.171128;-0.004601;1.026160;-0.928069;-0.698141;0.089450;
0.129530;0.007900;1.068910;-0.531122;0.187356;-0.154824;
-0.089929;0.024300;1.049111;0.133000;1.088119;-0.307496;
-0.068793;0.039988;1.001086;0.850557;1.416363;-0.261695;
-0.023537;0.043691;0.953964;0.911626;0.439264;-0.246427;
0.046620;0.060169;0.931413;0.445977;-0.324095;0.257389;
0.131018;0.045760;0.933874;-0.271580;-1.453866;0.646702;
0.155831;0.043805;0.968529;-0.828832;-1.423332;0.379527;
0.058565;-0.004696;1.126572;-0.844100;-0.461500;0.295557;
-0.012544;-0.015649;1.112897;-0.607458;0.340027;0.005481;
-0.071580;-0.003860;1.097271;-0.286848;1.034684;-0.399099;
-0.107756;-0.000465;1.048499;0.507046;1.584302;-0.696809;
-0.124291;-0.000267;0.999468;0.392542;1.866745;-0.757878;
-0.138911;0.005558;0.945396;0.949794;1.294226;-0.360931;
-0.111924;0.014548;0.920407;1.163534;0.668272;-0.185359;
-0.053360;0.031099;0.907992;0.842923;-0.285927;0.104718;
0.186106;0.035643;0.977178;0.323839;-0.797378;0.280290;
0.203643;0.047102;0.985931;-0.393718;-1.423332;0.516931;
0.224783;0.027053;1.012423;-0.676161;-1.537836;0.455863;
0.221854;0.049050;1.042863;-0.813565;-1.194324;0.471130;
0.205517;0.064886;1.079890;-0.912802;-1.240126;0.387160;
0.233618;0.072250;1.107370;-1.157077;-0.698141;0.341359;
0.050551;0.005279;1.185701;-1.271580;-0.331729;0.028382;
0.030948;0.010158;1.200943;-0.775397;0.011783;-0.093756;
0.047145;0.017458;1.179454;-0.783031;-0.041652;-0.116657;
0.077385;0.016943;1.194344;-0.584558;-0.377530;-0.047954;
0.101717;0.011905;1.186034;-0.867000;0.042317;-0.009786;
0.129774;0.045464;1.170490;-0.760130;-0.217225;0.196321;
0.160379;0.063664;1.163342;-0.844100;-0.385164;-0.078489;
-0.032294;-0.043945;1.127409;-0.714329;-0.652339;0.020748;
0.013274;-0.029617;1.156465;-0.729596;-0.774477;0.005481;
0.073455;0.030201;1.163338;-0.622725;-1.011118;0.356626;
0.120885;0.063557;1.153216;-0.554023;-1.095088;0.394794;
0.144995;0.080814;1.102558;-0.439519;-1.217225;0.501664;
0.173753;0.123873;1.050378;-0.363183;-1.354630;0.326092;
0.153232;0.127749;0.982463;-0.309748;-0.950049;0.135252;
0.118164;0.118991;0.932548;-0.187611;-0.972950;0.196321;
0.154971;0.122604;1.076087;0.369641;-0.583637;0.104718;
0.124147;0.139640;0.957945;0.758954;-0.507301;0.303191;
0.094015;0.106733;0.907505;0.453610;-0.133255;0.310824;
0.031536;0.041805;0.875267;0.545213;0.042317;-0.086122;
0.094286;0.118628;0.903022;0.682618;0.446898;-0.147191;
0.042437;0.059196;0.878127;0.743687;1.004149;-0.330397;
-0.004730;-0.057078;0.969933;0.377275;0.920180;-0.544137;
0.003760;-0.121692;1.143467;-0.325016;0.584302;-0.223527;
0.041354;-0.059482;1.189044;-0.737229;-0.301194;0.158153;
0.078437;0.072523;1.072311;-0.607458;-0.866080;0.379527;
0.078086;0.174811;0.914153;-0.050206;-0.858446;0.402427;
0.092873;0.137345;1.021961;0.331473;-0.400431;-0.162458;
0.080794;0.155128;0.858976;0.591015;0.546134;0.013114;
0.039109;0.026122;0.895010;0.621549;0.744607;-0.444901;
-0.005358;-0.108554;1.054023;0.331473;0.965981;-0.429634;
0.010460;-0.020758;0.969205;-0.584558;0.462164;-0.238794;
0.009419;-0.114867;1.158114;-0.668527;-0.201958;0.310824;
0.035916;-0.057226;1.194640;-0.462420;-0.827912;0.219221;
0.091947;0.115073;1.069688;0.194068;-0.598904;-0.109023;
0.069979;0.159936;0.873606;0.545213;-0.125622;0.013114;
0.042327;0.073734;0.872206;0.797122;0.362928;-0.307496;
0.022318;-0.089112;1.024536;0.789488;0.744607;-0.070855;
0.041044;0.006225;0.928834;-0.141809;0.614836;0.020748;
0.007710;-0.120349;1.105043;-0.370817;0.133920;0.074183;
0.020807;-0.074364;1.223357;-0.721962;0.011783;-0.116657;
0.100065;0.091827;1.120961;-0.531122;-1.072187;0.425328;
0.092917;0.173771;0.893750;0.026129;-0.530202;0.005481;
0.078194;0.140345;0.991879;0.583381;-0.064553;-0.009786;
0.066876;0.158692;0.865451;0.537580;0.439264;-0.238794;
0.021908;0.029872;0.874712;0.415442;0.927814;-0.124290;
-0.004431;-0.111324;1.078518;-0.004405;0.431630;-0.192992;
0.006954;-0.103785;1.207775;-0.760130;0.072852;-0.047954;
0.082870;0.074478;1.158965;-0.882267;-0.759210;0.173420;
0.042699;-0.033923;1.215428;-0.271580;-1.026385;0.104718;
0.084611;0.127746;1.060204;0.613916;-0.492034;0.020748;
0.086248;0.172216;0.875977;0.430710;0.133920;-0.025053;
0.024567;0.066958;0.884607;0.644450;0.576668;-0.261695;
0.005704;-0.086819;1.053269;0.468878;0.698806;-0.093756;
0.006385;-0.016943;0.943209;-0.027306;0.546134;-0.376198;
0.003607;-0.116256;1.148938;-0.706695;0.019416;-0.047954;
0.035439;-0.079556;1.203136;-0.691428;-0.415698;0.165786;
0.071929;0.105817;1.086679;-0.027306;-0.858446;0.081817;
0.085023;0.188916;0.888463;0.453610;-0.430965;0.257389;
0.038269;0.068029;0.845337;0.514679;0.011783;-0.139557;
0.077236;0.154361;0.851558;0.591015;0.576668;0.013114;
0.029182;0.009486;0.907379;0.262771;0.866745;-0.170092;
0.020036;-0.119694;1.092231;-0.096008;0.370562;-0.185359;
0.025729;-0.108548;1.203313;-0.561657;-0.064553;-0.040321;
0.077688;0.068377;1.159048;-0.721962;-0.957683;0.058916;
0.103720;0.181094;0.925643;-0.050206;-0.950049;-0.002153;
0.119487;0.138114;1.053493;0.232236;-0.522568;0.135252;
0.124350;0.171660;0.912312;0.644450;-0.217225;-0.017420;
0.057437;0.094849;0.865616;0.865824;-0.072186;0.089450;
0.015875;0.027338;0.871402;0.835290;0.278958;0.249756;
0.109658;0.144910;0.915638;0.766587;0.507966;-0.376198;
0.086093;0.098350;0.893784;1.018496;-0.209591;0.013114;
0.032473;0.012051;0.888336;1.117733;-0.179057;-0.215893;
0.036289;0.026572;0.901843;0.102465;-0.721042;0.272657;
0.257497;0.036973;1.083165;-0.294481;-1.346996;1.135252;
0.220022;0.017503;1.092894;-1.065474;-1.446233;0.608534;
0.133853;0.016476;1.141681;-1.027306;-0.606538;0.119985;
-0.017288;0.013359;1.128455;0.041397;0.988882;-0.887649;
-0.091494;0.056525;1.107920;0.713152;1.172088;-0.719710;
-0.018123;0.028897;0.991835;0.018496;0.141554;0.593267;
0.123360;-0.029282;0.979757;-0.576924;-0.820278;0.547466;
-0.059750;0.013216;1.024612;0.110099;0.324760;-0.238794;
-0.020363;0.037151;1.013748;0.209336;0.462164;-0.063221;
0.184332;0.029761;1.048426;-0.218145;-1.011118;0.310824;
-0.012134;0.023292;1.039412;-0.157077;0.614836;-0.818947;
0.040339;0.048621;0.996876;-0.118909;-0.201958;0.494031;
0.166051;0.012908;1.040075;-0.195245;-0.186691;0.074183;
0.017229;0.057655;0.990793;0.003229;0.385828;0.356626;
0.130014;0.036263;1.039166;-0.042573;-0.560736;-0.078489;
-0.090344;-0.008969;0.992222;0.636817;0.423996;-0.780779;
0.174175;0.063794;1.024990;-0.744863;-0.805011;0.471130;
-0.056662;-0.072308;1.034693;1.110099;0.469798;-0.971618;
0.191550;0.078130;1.047760;-1.294481;-0.698141;1.165786;
-0.041421;0.000116;1.035226;1.529946;0.347661;-0.360931;
0.115092;0.099763;1.046253;-1.325016;-0.652339;1.058916;
-0.046654;-0.091671;0.994093;1.026129;0.439264;-0.567038;
0.121334;0.142778;1.083259;-0.584558;-0.591271;0.211588;
0.015102;-0.058179;1.012867;0.445977;0.622470;-0.284595;
0.031197;0.117899;1.013201;-0.256313;-0.438599;-0.528870;
0.048297;-0.103698;0.991098;-0.210512;0.454531;0.936779;
0.012464;0.126936;1.060148;1.003229;-0.308828;-0.460168;
0.113271;0.001367;0.991830;-1.065474;-0.056920;0.898611;
-0.018756;-0.024031;1.026124;1.117733;0.538500;-1.124290;
0.069541;0.117369;1.067441;-0.645626;-0.331729;0.242122;
0.065528;-0.096061;0.972571;-0.027306;0.431630;0.158153;
-0.050723;0.108532;1.044271;0.835290;-0.392797;-0.704443;
0.175747;-0.010922;1.028831;-1.141809;-0.034019;1.425328;
-0.043496;-0.007130;0.979426;0.713152;0.263691;-0.643374;
0.060600;0.084473;1.047954;-0.042573;-0.209591;0.089450;
0.188094;-0.013932;1.049071;-0.325016;0.439264;0.203954;
-0.035240;0.022290;0.996891;0.613916;0.141554;-1.101389;
-0.021950;0.070724;1.047808;0.484145;-0.713408;0.364260;
0.181461;-0.027537;1.040932;-1.386084;0.507966;0.532198;
-0.008738;0.025740;1.028706;0.972694;0.049951;-0.505969;
-0.003235;0.056107;1.019661;0.110099;-0.240126;0.265023;
0.126703;0.021318;1.028358;-1.172344;-0.041652;0.379527;
0.120378;-0.006378;1.039391;0.278038;0.393462;-0.696809;
-0.084497;0.057121;1.007733;0.949794;-0.423332;-0.299863;
0.078355;0.055908;1.053186;-0.599825;-0.018752;0.295557;
0.187004;-0.006626;1.069024;-1.004405;0.500332;0.234489;
-0.018722;0.025299;1.014825;0.804755;-0.209591;-0.055588;
-0.055889;0.060570;1.032466;0.850557;-0.866080;-0.200626;
0.010414;0.085579;1.056331;-0.760130;0.027050;0.058916;
0.142696;-0.070440;1.002485;-1.149443;0.423996;-0.292229;
0.046420;-0.027435;0.977220;-0.103642;0.507966;0.058916;
-0.039976;0.082258;1.029083;0.720786;-0.018752;0.043649;
-0.033844;0.107488;1.067301;0.430710;-0.568370;-0.025053;
0.090883;0.054675;1.044028;-0.492954;-0.087454;-0.086122;
0.137484;-0.039578;1.012913;-0.767764;0.194989;-0.070855;
0.096108;-0.039521;0.952983;0.110099;0.477432;0.348992;
0.063955;0.018698;1.006585;0.621549;0.309493;0.013114;
0.016097;0.092140;1.018988;0.560481;0.049951;0.089450;
-0.023395;0.091378;1.047843;0.262771;-0.163790;-0.139557;
-0.058148;0.066217;1.025895;-0.225779;-0.644706;-0.284595;
0.006524;0.041457;1.052937;-0.783031;0.065218;-0.269328;
0.074579;0.000015;1.027799;-1.149443;0.294226;-0.116657;
0.117960;-0.024149;1.032478;-0.378451;0.340027;0.348992;
0.072298;-0.040914;0.986956;0.552847;0.431630;0.257389;
0.021293;-0.012476;0.999886;0.354374;0.126287;0.020748;
-0.002019;0.009180;1.024392;1.026129;-0.003484;-0.109023;
0.019391;0.112684;1.062983;0.499412;-0.453866;-0.025053;
-0.007718;0.097965;1.063119;0.155900;-0.125622;-0.269328;
-0.012837;0.070287;1.054552;-0.592191;0.027050;-0.322763;
0.015260;0.038549;1.058659;-0.599825;-0.278294;-0.009786;
0.039775;-0.024506;0.999729;-0.317382;-0.003484;-0.086122;
0.093300;-0.035294;1.001804;-0.523489;0.355294;0.112351;
0.101723;-0.016874;1.016659;-0.111275;0.263691;0.333725;
0.126512;0.027138;0.993128;-0.340283;0.660638;0.455863;
0.144852;-0.005935;1.021844;0.010862;0.416363;0.135252;
0.110342;-0.007626;0.969833;0.659717;-0.026385;0.211588;
0.093483;0.022305;0.971745;0.377275;0.156821;0.249756;
0.026242;0.027124;1.007398;0.484145;0.095752;-0.124290;
0.032726;0.020121;1.024063;0.491778;-0.110354;0.119985;
0.054446;0.008265;0.991340;0.407809;0.286592;0.058916;
0.024584;0.029652;1.002262;-0.080741;0.133920;-0.002153;
0.006904;0.019255;1.033738;0.674984;-0.461500;0.188687;
-0.006098;0.028611;1.032954;0.239870;-0.148523;0.265023;
0.053287;-0.014971;1.006925;0.354374;-0.232492;0.173420;
0.052577;0.002938;1.016984;0.171168;0.103386;0.219221;
0.083485;-0.005066;1.017552;0.423076;0.042317;0.181053;
0.079391;-0.003106;1.015070;0.171168;-0.102721;0.265023;
0.092160;0.024052;1.012704;-0.080741;0.126287;0.280290;
0.050182;0.007300;1.023144;-0.202878;0.095752;-0.139557;
0.075603;0.038706;1.019302;-0.531122;0.072852;0.081817;
0.097593;0.007174;1.041226;-0.019672;0.088119;-0.391466;
0.040914;-0.002643;1.024094;-0.363183;-0.049286;-0.200626;
0.032284;0.046196;1.024681;-0.424252;-0.346996;-0.093756;
0.002762;0.059529;1.017099;-0.256313;0.011783;-0.208260;
0.057644;0.088947;1.030076;-0.492954;0.034684;-0.025053;
0.058436;0.029729;1.029227;0.285671;-0.011118;-0.002153;
0.072413;0.000181;1.029732;0.400175;0.370562;-0.040321;
0.053408;-0.034381;1.013021;0.568114;0.027050;-0.139557;
0.013826;-0.028771;0.993904;0.094832;-0.148523;-0.025053;
0.042279;0.052690;1.035707;-0.439519;-0.400431;-0.009786;
0.035080;0.066882;1.012760;-0.546390;-0.041652;-0.070855;
0.043896;0.061975;1.031696;-0.172344;0.149188;-0.002153;
0.027705;0.004386;0.998015;0.713152;0.034684;0.119985;
0.022235;-0.001561;0.976027;0.300939;-0.049286;0.013114;
0.040989;0.006010;0.998473;0.339107;-0.064553;0.112351;
0.063422;0.040292;1.034846;-0.347916;0.141554;0.036015;
0.048119;0.018505;1.029408;0.148267;-0.209591;-0.124290;
0.067598;0.010501;1.034473;-0.157077;-0.194324;0.234489;
0.076170;0.032324;1.048154;-0.172344;0.309493;0.074183;
0.066983;0.036408;1.040971;0.087198;0.210256;-0.177725;
0.041678;0.016481;1.012122;-0.042573;-0.049286;-0.025053;
0.060505;0.015036;1.017763;0.293305;-0.148523;0.043649;
0.052430;0.049313;1.021089;-0.340283;0.111020;0.119985;
0.028280;0.007513;0.993165;0.293305;0.027050;0.089450;
0.051862;0.025727;1.027359;-0.111275;-0.011118;-0.032687;
0.045990;0.020065;0.992617;-0.210512;0.088119;-0.047954;
0.020664;0.023688;1.041355;0.186435;-0.255393;-0.170092;
0.046441;0.003788;1.012005;-0.157077;-0.201958;-0.032687;
0.055966;0.020283;1.024886;0.171168;0.133920;-0.070855;
0.048267;0.041468;1.048871;-0.004405;0.149188;0.051282;
0.035928;0.016818;1.037793;0.529946;0.118653;0.005481;
0.049141;0.027403;1.000616;-0.294481;-0.110354;0.280290;
0.040334;0.022838;1.034755;0.400175;-0.064553;-0.093756;
0.048662;0.010901;1.024401;0.369641;0.080485;-0.086122;
0.050069;0.037415;1.015488;-0.080741;-0.064553;-0.246427;
0.038115;0.012696;1.015204;-0.088374;-0.064553;0.028382;
0.045436;0.010028;1.042244;0.224603;0.149188;0.173420;
0.046345;0.028342;1.007456;-0.218145;0.164454;0.303191;
0.049145;0.022078;1.020156;-0.088374;-0.194324;-0.139557;
0.047714;0.033460;1.036486;0.293305;0.027050;-0.131924;
0.065364;0.045252;1.034210;-0.302115;0.057584;-0.093756;
0.065660;0.015064;1.019308;-0.065474;-0.056920;-0.025053;
0.043660;-0.002227;1.026837;0.110099;0.156821;0.020748;
0.051364;0.031043;1.025713;-0.057840;-0.255393;0.089450;
0.023138;0.016379;1.033437;0.087198;-0.255393;0.020748;
0.040323;0.020472;1.006030;-0.012038;0.103386;-0.002153;
0.039064;0.020646;1.039119;-0.149443;-0.156156;-0.109023;
0.047846;0.020356;1.057141;0.216969;-0.079820;-0.154824;
0.060375;0.029551;1.010370;-0.118909;0.004149;-0.032687;
0.038397;0.016455;1.004473;0.071931;-0.003484;-0.032687;
0.042798;0.030637;1.026321;0.224603;-0.018752;0.211588;
0.008492;0.018738;1.026397;0.041397;-0.163790;-0.109023;
0.054201;0.021788;1.033711;0.041397;0.004149;-0.032687;
0.051734;0.015607;1.036038;-0.065474;-0.034019;-0.124290;
0.037758;0.031428;1.030430;-0.325016;0.202622;0.188687;
0.047443;0.028071;1.035668;-0.149443;-0.049286;0.112351;
0.032707;0.023132;1.029992;-0.179977;-0.125622;-0.002153;
0.048254;-0.002086;1.004344;0.163534;0.004149;-0.147191;
0.050030;0.015768;1.036016;0.216969;0.095752;-0.025053;
0.067862;0.029590;1.021757;-0.004405;0.202622;-0.055588;
0.031855;0.013201;1.020517;0.064297;-0.148523;0.119985;
0.061095;0.034474;1.028108;-0.027306;0.095752;0.234489;
0.036872;0.022638;1.032496;0.224603;-0.331729;-0.246427;
0.058457;0.030911;1.026547;-0.187611;0.057584;0.135252;
0.053698;0.036868;1.032942;0.232236;-0.263026;-0.322763;
0.049862;0.015819;1.023263;-0.103642;0.248424;-0.070855;
0.041363;0.010833;1.027239;0.239870;-0.217225;0.135252;
0.025718;0.016155;1.026113;-0.302115;-0.049286;0.036015;
0.043533;0.039053;1.032584;0.010862;0.019416;-0.009786;
0.048123;0.010381;1.040816;0.003229;-0.140889;0.028382;
0.044576;0.034283;1.036453;-0.126542;0.202622;-0.345664;
0.041746;0.019584;1.024184;0.094832;-0.270660;-0.017420;
0.039683;0.037548;1.042562;-0.088374;0.049951;0.058916;
0.039378;0.022816;1.036458;-0.096008;0.027050;0.341359;
0.045593;0.024137;1.039508;-0.157077;0.118653;0.020748;
0.050108;0.017705;1.034820;-0.103642;0.011783;-0.147191;
0.052139;0.023688;1.037142;0.087198;-0.056920;-0.116657;
0.067201;0.033842;1.048293;0.094832;-0.011118;0.112351;
0.059581;0.029722;1.041750;-0.103642;0.072852;0.066550;
0.048923;0.020237;1.028464;0.041397;0.126287;0.013114;
0.038513;0.023569;1.023950;0.064297;0.034684;0.066550;
0.050959;0.028079;1.024438;-0.027306;0.225523;-0.154824;
0.041140;0.020826;1.010951;-0.118909;-0.102721;-0.025053;
0.042201;0.022370;1.029871;0.140633;0.027050;-0.086122;
0.048294;0.001684;1.012001;-0.004405;0.042317;-0.032687;
0.033586;0.027511;1.043310;-0.027306;-0.026385;-0.017420;
0.038228;0.023746;1.020271;-0.004405;-0.331729;0.203954;
0.041919;0.015811;1.032469;0.255137;-0.041652;-0.154824;
0.045611;0.020874;1.016165;-0.164710;-0.049286;-0.162458;
0.053129;0.033071;1.058872;-0.057840;-0.072186;-0.139557;
0.039386;0.020721;1.026374;-0.050206;-0.201958;0.066550;
0.043058;0.029294;1.050582;0.125366;-0.140889;0.188687;
0.025310;0.010388;1.016460;0.056664;-0.194324;0.158153;
0.053662;0.014972;1.036302;-0.141809;0.072852;-0.078489;
0.030717;-0.000029;1.019819;-0.034939;-0.034019;-0.223527;
0.055538;0.034730;1.013810;-0.004405;-0.003484;0.119985;
0.042636;0.022161;1.081370;0.148267;-0.110354;-0.078489;
0.029585;0.043243;0.998116;-0.012038;0.172088;-0.002153;
0.041642;0.001825;1.044032;-0.164710;0.126287;-0.032687;
0.041511;0.012363;1.014512;0.018496;-0.049286;-0.009786;
0.049752;0.023136;1.006938;0.033763;0.172088;0.051282;
0.061866;0.023175;1.053457;-0.027306;0.103386;-0.047954;
0.072380;0.045983;1.044374;-0.218145;-0.117988;0.089450;
0.043897;0.007064;1.011036;0.232236;-0.140889;-0.238794;
0.055895;0.051157;1.035878;-0.294481;-0.110354;0.043649;
0.053101;-0.000959;1.015464;0.331473;0.004149;0.013114;
0.055243;0.020010;1.008442;0.110099;0.095752;0.043649;
0.031649;0.006009;1.012808;0.117732;0.263691;-0.047954;
0.006310;0.025163;1.022781;-0.080741;0.187356;-0.086122;
0.054989;0.036998;1.037621;0.056664;-0.186691;0.234489;
0.022161;0.000309;1.055014;0.285671;-0.056920;-0.215893;
0.035441;0.034464;1.028970;-0.141809;0.118653;-0.017420;
0.051579;0.011270;1.040142;0.377275;0.049951;0.097084;
0.059663;0.037939;1.036475;-0.241046;0.027050;0.127618;
-0.005633;0.014397;1.009458;0.636817;-0.194324;-0.368565;
0.057094;0.043755;1.042654;-0.195245;0.278958;0.234489;
0.080895;0.007485;1.034373;-0.332649;0.095752;-0.345664;
-0.005611;0.007894;0.998084;0.316206;-0.087454;-0.116657;
0.079176;0.047405;1.035664;0.018496;-0.041652;0.265023;
0.088931;0.011300;1.018358;-0.164710;0.278958;0.058916;
-0.002534;0.024016;1.023619;0.155900;-0.117988;-0.086122;
0.042309;0.047606;1.038086;0.140633;-0.209591;0.188687;
0.084167;0.003775;1.036572;-0.218145;0.149188;0.028382;
0.067659;0.020354;1.058158;-0.248680;0.217890;-0.322763;
-0.013603;0.013415;1.001974;0.331473;-0.285927;0.036015;
0.079213;0.033504;1.052137;-0.111275;-0.018752;0.181053;
0.077864;0.006802;1.047807;-0.340283;0.179722;-0.025053;
-0.003873;0.022193;1.003221;0.331473;0.126287;-0.070855;
0.063391;0.037729;1.060066;0.079565;-0.072186;0.265023;
0.089057;0.007708;1.022476;-0.271580;0.423996;-0.170092;
0.017629;0.039238;1.014073;0.194068;-0.003484;-0.292229;
0.031963;0.029613;1.042337;0.423076;-0.079820;0.295557;
0.087453;0.010525;1.020287;-0.279214;0.309493;0.119985;
0.079872;0.003898;1.025723;-0.271580;0.187356;-0.093756;
-0.017483;0.019775;0.999559;0.545213;-0.041652;-0.154824;
0.064764;0.033757;1.067385;-0.317382;0.248424;0.097084;
0.088519;0.015994;1.007140;-0.172344;0.355294;0.005481;
0.056058;0.032932;1.022619;0.155900;-0.079820;-0.116657;
0.005705;0.027816;1.022811;0.163534;-0.240126;0.257389;
0.071971;0.028341;1.022778;-0.187611;0.378195;0.135252;
0.057132;0.020742;1.019024;-0.172344;0.332394;-0.322763;
-0.006777;0.014674;1.032497;0.438343;-0.385164;-0.124290;
0.076566;0.033851;1.017529;0.010862;-0.117988;0.234489;
0.086860;-0.000556;0.997803;-0.294481;0.187356;-0.055588;
0.014244;0.019831;1.032134;0.224603;-0.369897;-0.101389;
0.042633;0.035384;1.051645;-0.012038;-0.018752;0.257389;
0.098259;0.010342;0.988314;-0.309748;0.324760;0.196321;
0.024972;0.028927;1.052036;-0.134176;-0.056920;-0.322763;
-0.024402;0.016849;1.022714;0.285671;-0.163790;-0.124290;
0.055823;0.043396;1.022032;-0.134176;-0.034019;0.158153;
0.085304;0.010729;1.041594;-0.073107;0.095752;-0.109023;
-0.020867;0.017109;1.011979;0.445977;-0.255393;-0.238794;
0.068078;0.042140;1.029054;-0.042573;-0.179057;0.310824;
0.085815;-0.003648;1.040411;-0.386084;0.194989;0.104718;
-0.013623;0.028512;1.000722;0.125366;0.042317;-0.322763;