0.026500;0.042037;1.009335;0.081565;-0.257970;-0.172550;
0.026988;0.041131;1.012516;0.028130;-0.105298;0.003023;
0.029186;0.047989;1.024173;-0.116908;0.291649;0.125160;
0.035126;0.046464;1.016878;-0.040572;-0.021328;0.125160;
0.039113;0.053465;1.015565;0.066298;0.230580;0.056458;
0.056034;0.058027;1.021512;0.028130;-0.097664;-0.065679;
0.019673;0.046162;1.013957;-0.010038;-0.036596;0.003023;
0.028262;0.046823;1.014089;-0.116908;-0.349573;0.018290;
0.022011;0.037105;1.020480;0.051031;0.024473;0.018290;
0.041242;0.047910;1.012082;-0.010038;0.001572;0.148061;
0.024669;0.051599;1.002336;-0.071107;0.131343;-0.027512;
0.030413;0.045945;1.013616;-0.032939;-0.303771;-0.035145;
0.024754;0.018655;0.999897;0.051031;-0.120565;0.071725;
0.033229;0.041533;1.002557;-0.071107;-0.219802;0.056458;
0.027704;0.058833;1.020386;-0.139809;0.077908;0.056458;
0.027167;0.053411;1.018092;0.028130;0.024473;-0.119115;
0.022923;0.032194;1.015026;0.028130;0.161877;0.086992;
0.025175;0.043743;1.013755;0.051031;0.062641;-0.050412;
0.021132;0.043885;1.003400;0.135000;0.123710;-0.080947;
0.039807;0.060214;1.024746;0.142634;-0.044229;-0.035145;
0.025345;0.047884;1.029757;-0.147443;-0.326672;0.064092;
0.032562;0.043675;1.018027;-0.094008;0.108443;0.048824;
0.030202;0.061552;1.014575;-0.078740;0.276381;0.071725;
0.018732;0.051987;1.032175;0.096832;-0.044229;0.079359;
0.018780;0.042482;1.015362;-0.094008;0.032107;-0.088580;
0.028725;0.043092;1.007420;-0.032939;-0.051863;0.041191;
0.037034;0.055346;1.017770;-0.101641;0.032107;0.041191;
0.038912;0.062344;1.023293;-0.055840;0.100809;0.064092;
0.031613;0.038080;1.022102;-0.002405;0.047374;-0.042779;
0.028973;0.040327;1.017683;-0.109275;0.016840;0.064092;
0.043386;0.055404;1.017371;-0.155076;0.070275;-0.149649;
0.033266;0.049276;1.032096;0.035763;0.024473;0.056458;
0.028237;0.037258;1.010271;0.073931;-0.235069;-0.050412;
0.032408;0.041193;1.015537;0.180802;0.047374;-0.050412;
0.040045;0.058578;1.011974;-0.109275;-0.181634;0.041191;
0.036842;0.047958;1.030166;-0.132176;0.230580;0.132794;
0.025803;0.030863;0.997637;0.058664;0.184778;-0.042779;
0.032388;0.036287;1.013504;-0.071107;-0.059496;0.079359;
0.035817;0.068328;1.026034;-0.132176;-0.013695;-0.065679;
0.035131;0.059039;1.026625;0.073931;0.009206;-0.187817;
0.023675;0.048293;1.013064;0.142634;0.070275;-0.050412;
0.029185;0.040998;1.012791;0.058664;0.039740;-0.019878;
0.032531;0.050399;1.027933;-0.155076;-0.090031;0.064092;
0.024461;0.043730;1.015216;0.005229;0.154244;-0.012244;
0.038890;0.052549;1.020453;0.119733;-0.174000;0.094626;
0.041835;0.043391;1.017910;-0.109275;0.001572;-0.035145;
0.052984;0.065219;1.023290;-0.284847;-0.051863;0.033557;
0.021673;0.047690;1.011801;-0.032939;0.085542;0.064092;
0.030702;0.040888;1.016980;0.226603;0.116076;-0.187817;
0.024765;0.043805;1.019390;0.249504;0.070275;-0.065679;
0.038615;0.053896;1.013358;-0.086374;-0.082397;0.018290;
0.029052;0.052961;1.014434;-0.032939;-0.059496;0.048824;
0.028582;0.047380;1.017780;0.096832;-0.112931;-0.225985;
0.025919;0.039136;1.012963;0.218970;0.032107;0.010656;
0.036331;0.056040;1.017525;-0.277214;-0.158733;-0.058046;
0.030881;0.061295;1.011393;0.028130;-0.044229;0.056458;
0.027082;0.053551;1.011227;-0.040572;-0.051863;-0.210718;
0.031272;0.042619;1.016768;0.005229;-0.013695;0.048824;
0.024668;0.046037;1.022364;-0.063473;-0.143466;-0.019878;
0.035368;0.054371;1.006452;0.020496;-0.059496;-0.050412;
0.022672;0.054747;1.024424;0.020496;0.062641;-0.019878;
0.028731;0.033579;1.023957;0.112099;-0.036596;0.033557;
0.022899;0.038907;1.007277;-0.155076;0.055007;-0.187817;
0.029232;0.048019;1.009215;-0.193244;0.062641;-0.019878;
0.034811;0.050336;1.015949;-0.109275;0.062641;0.025924;
0.030140;0.050325;1.013921;-0.094008;-0.151099;-0.088580;
0.023643;0.033140;1.010636;0.241870;0.009206;0.010656;
0.021553;0.042213;1.004363;-0.109275;0.001572;0.056458;
0.041963;0.054689;1.023225;-0.078740;0.085542;0.064092;
0.027851;0.049684;1.027857;0.005229;-0.006061;0.003023;
0.030018;0.041834;1.017229;-0.048206;-0.028962;-0.111481;
0.039312;0.048774;1.010841;-0.216145;-0.212168;-0.218351;
0.033458;0.046896;1.018577;-0.139809;-0.028962;-0.073313;
0.019347;0.046546;1.024748;-0.032939;0.200045;-0.042779;
0.016415;0.042222;1.022191;-0.055840;0.009206;-0.035145;
0.026981;0.044619;1.017717;0.051031;0.077908;-0.103847;
0.028257;0.051703;1.014405;0.028130;0.016840;0.003023;
0.033821;0.051437;1.011047;0.020496;0.215313;-0.042779;
0.024936;0.046286;1.004960;0.020496;-0.067130;-0.164916;
0.018555;0.035057;1.025305;-0.010038;-0.013695;-0.019878;
0.025259;0.052908;1.023453;-0.063473;-0.051863;0.163328;
0.037392;0.048008;0.998051;0.119733;-0.219802;0.224397;
0.026857;0.049622;1.026861;-0.040572;0.039740;0.086992;
0.018365;0.039970;1.011642;0.127366;0.055007;0.102259;
0.015337;0.034617;1.005635;-0.010038;0.032107;-0.019878;
0.032911;0.043780;1.007244;-0.200878;-0.090031;-0.080947;
0.022012;0.028958;1.013495;0.058664;0.009206;-0.012244;
0.033088;0.031168;1.011232;-0.086374;-0.013695;-0.004611;
0.043631;0.051458;1.013393;-0.025305;0.222946;-0.058046;
0.041299;0.058919;1.031370;-0.170343;-0.082397;-0.065679;
0.036869;0.040516;1.004310;0.089199;0.123710;0.094626;
0.030581;0.038692;1.034111;-0.147443;-0.036596;-0.035145;
0.032420;0.050280;1.020083;0.043397;0.085542;-0.019878;
0.026143;0.059610;1.028712;-0.094008;-0.059496;-0.164916;
0.023357;0.037739;1.009228;0.165534;-0.120565;0.086992;
0.020750;0.042355;1.016860;-0.032939;-0.158733;-0.088580;
0.042769;0.059453;1.029682;-0.368817;0.108443;-0.012244;
0.031338;0.056187;1.027510;-0.155076;0.146610;-0.096214;
0.042505;0.048010;1.014799;0.073931;-0.013695;0.048824;
0.026184;0.046853;1.023133;-0.063473;0.085542;0.010656;
0.036561;0.056519;1.032984;-0.116908;0.108443;-0.195450;
0.024424;0.042300;1.017647;0.142634;-0.006061;-0.004611;
0.026134;0.042610;1.016449;0.127366;0.138977;0.178595;
0.028903;0.038397;1.019370;0.119733;-0.135832;0.064092;
0.036952;0.052710;1.021164;-0.116908;0.184778;-0.065679;
0.023645;0.052451;1.014105;0.066298;-0.044229;-0.080947;
0.027913;0.049036;1.016568;-0.094008;-0.044229;-0.050412;
0.037243;0.045086;1.015662;0.028130;-0.151099;-0.004611;
0.029963;0.048051;1.008981;0.051031;0.207679;-0.004611;
0.029092;0.052773;1.018110;0.119733;-0.242702;0.025924;
0.024806;0.049430;1.020453;-0.063473;0.154244;-0.142015;
0.027160;0.043865;1.015501;0.127366;-0.273237;-0.050412;
0.032036;0.030580;1.007776;0.196069;-0.158733;-0.042779;
0.039362;0.048596;1.015253;-0.040572;0.077908;-0.058046;
0.027573;0.051490;1.018806;0.081565;-0.090031;0.086992;
0.030898;0.051312;1.012230;0.089199;0.032107;-0.164916;
0.024366;0.050598;1.001582;-0.208511;-0.105298;-0.004611;
0.040346;0.051447;1.023646;0.310573;0.077908;0.025924;
0.035406;0.055589;1.023145;-0.063473;-0.021328;-0.035145;
0.031805;0.048501;1.017106;0.020496;-0.257970;0.102259;
0.016622;0.047774;1.017615;0.112099;-0.090031;0.094626;
0.030636;0.051282;1.010999;0.218970;-0.006061;-0.027512;
0.029929;0.045233;1.016541;-0.116908;0.055007;-0.096214;
0.034538;0.059137;1.018525;0.264771;-0.280870;0.064092;
0.023978;0.039292;1.013428;0.005229;-0.128199;-0.042779;
0.036184;0.056366;1.023658;-0.048206;0.039740;-0.088580;
0.035361;0.049942;1.003690;-0.017672;0.146610;0.064092;
0.041978;0.055400;1.021765;-0.063473;0.039740;-0.157283;
0.027157;0.043398;1.016966;0.150267;-0.135832;-0.019878;
0.020017;0.034406;1.009132;0.272405;0.024473;-0.012244;
0.034936;0.053714;1.013057;0.028130;0.055007;-0.042779;
0.037282;0.052118;1.029742;-0.124542;0.253481;0.064092;
0.023230;0.039475;1.011703;-0.055840;0.108443;-0.035145;
0.032432;0.050525;1.020087;-0.071107;0.039740;0.086992;
0.037185;0.042013;1.022483;-0.132176;-0.242702;-0.035145;
0.035911;0.048407;1.013730;-0.078740;0.100809;-0.187817;
0.031354;0.056416;1.009613;0.028130;-0.128199;0.025924;
0.029955;0.060611;1.017746;-0.040572;0.138977;-0.042779;
0.033225;0.051549;1.020849;-0.162710;-0.097664;-0.042779;
0.011341;0.053674;1.021795;0.104466;-0.067130;-0.111481;
0.034127;0.058503;1.026603;-0.132176;-0.189267;-0.042779;
0.025653;0.051902;1.020011;0.318206;-0.212168;0.033557;
0.024166;0.035053;1.006258;-0.071107;0.200045;0.079359;
0.034120;0.046157;1.015879;-0.063473;-0.158733;-0.096214;
0.033250;0.049935;1.010281;-0.139809;-0.319038;-0.096214;
0.027387;0.039899;1.010297;0.280038;-0.189267;0.048824;
0.033535;0.036494;1.007147;-0.116908;0.016840;0.033557;
0.032113;0.052075;1.027216;-0.177977;-0.006061;-0.050412;
0.019511;0.040659;1.021722;-0.071107;0.116076;-0.149649;
0.016244;0.037386;1.008631;0.012863;0.123710;0.018290;
0.033170;0.035445;1.020124;0.119733;0.070275;-0.042779;
0.025705;0.037283;1.003615;-0.223779;0.009206;-0.126748;
0.025659;0.047699;0.999106;-0.078740;0.100809;-0.004611;
0.034915;0.044153;1.009485;0.211336;-0.135832;-0.073313;
0.031837;0.048053;1.002877;-0.071107;0.001572;0.163328;
0.018599;0.044392;1.013180;-0.132176;-0.006061;-0.134382;
0.025220;0.042170;1.022806;-0.254313;0.238213;0.041191;
0.028993;0.037316;1.011754;0.196069;0.085542;0.117527;
0.027748;0.047488;1.028068;0.043397;0.032107;-0.012244;
0.015780;0.032737;1.009048;0.096832;0.039740;0.025924;
0.030900;0.048283;1.005074;-0.109275;-0.288504;0.102259;
0.025135;0.046268;1.019921;-0.032939;0.047374;-0.004611;
0.027823;0.036853;1.017371;0.035763;-0.143466;0.048824;
0.033827;0.037251;1.007898;0.104466;0.039740;0.010656;
0.046474;0.057558;1.021124;-0.147443;-0.090031;-0.088580;
0.029119;0.053265;1.018363;0.135000;0.024473;-0.080947;
0.023959;0.038577;1.014643;0.310573;-0.028962;-0.149649;
0.029933;0.037090;1.009802;-0.017672;0.062641;-0.050412;
0.042010;0.048212;1.013568;-0.109275;-0.151099;-0.134382;
0.029979;0.049921;1.003368;0.142634;0.192412;0.102259;
0.035998;0.044079;1.017592;0.096832;-0.044229;0.071725;
0.035759;0.037779;1.004255;0.150267;-0.120565;-0.119115;
0.041314;0.055653;1.007781;-0.239046;-0.021328;-0.004611;
0.031949;0.050027;1.004133;0.165534;0.077908;-0.119115;
0.029830;0.043273;1.016266;0.310573;0.276381;-0.195450;
0.032127;0.049754;1.018355;0.058664;0.016840;0.018290;
0.044217;0.042510;1.016460;-0.010038;-0.189267;0.209130;
0.031323;0.053602;1.017418;0.043397;0.009206;-0.042779;
0.030354;0.053799;1.017408;-0.002405;-0.021328;-0.042779;
0.037215;0.051814;1.025814;0.081565;0.138977;-0.012244;
0.038706;0.042351;1.007061;-0.124542;0.116076;0.125160;
0.030597;0.052881;1.020586;-0.147443;0.222946;0.033557;
0.030472;0.049504;1.023477;0.020496;0.009206;-0.103847;
0.023795;0.042146;1.025973;0.135000;-0.097664;0.048824;
0.027841;0.042452;1.016717;-0.010038;-0.006061;-0.004611;
0.021199;0.047452;1.013752;0.272405;0.413786;-0.248886;
0.027090;0.052633;1.015137;-0.040572;-0.028962;-0.035145;
0.029240;0.038276;1.026730;0.096832;0.016840;0.170962;
0.028946;0.048677;1.021972;-0.071107;-0.097664;0.010656;
0.036819;0.054653;1.004270;-0.109275;-0.074764;-0.027512;
0.031612;0.055747;1.013040;-0.094008;-0.082397;0.140427;
0.026440;0.041296;1.025753;0.173168;0.085542;-0.088580;
0.018759;0.044100;1.026175;-0.086374;-0.151099;0.117527;
0.031673;0.056740;1.014036;-0.017672;-0.097664;-0.027512;
0.026380;0.050538;1.024415;-0.094008;0.138977;0.102259;
0.016560;0.037242;1.014519;0.165534;-0.257970;-0.012244;
0.036551;0.043225;1.007288;-0.048206;-0.120565;0.094626;
0.033050;0.047887;1.021038;-0.071107;-0.067130;-0.050412;
0.036696;0.057108;1.022695;-0.223779;-0.044229;-0.019878;
0.033524;0.050210;1.011515;0.218970;-0.120565;0.010656;
0.021817;0.050875;1.029260;-0.254313;-0.151099;0.064092;
0.026085;0.044179;1.007153;-0.025305;-0.074764;-0.134382;
0.029946;0.038030;1.007364;-0.200878;-0.105298;0.132794;
0.027230;0.041836;1.009833;0.135000;-0.257970;-0.004611;
0.028072;0.041290;1.019891;0.012863;-0.151099;-0.004611;
0.020791;0.036819;1.021684;-0.147443;-0.006061;-0.126748;
0.030446;0.060868;1.017021;-0.155076;0.062641;0.025924;
0.037279;0.046516;1.013231;0.089199;-0.074764;0.102259;
0.033160;0.046132;1.017336;0.150267;-0.021328;-0.042779;
0.023789;0.048415;1.021160;0.043397;0.123710;-0.035145;
0.033258;0.056934;1.022153;-0.109275;0.108443;-0.012244;
0.037679;0.044821;1.012722;-0.307748;0.039740;0.041191;
0.029614;0.043987;1.015783;0.112099;-0.135832;-0.042779;
0.027221;0.045320;1.014788;0.020496;0.138977;-0.035145;
0.032101;0.048335;1.021522;-0.231412;-0.288504;-0.172550;
0.038360;0.054588;1.028322;-0.032939;0.062641;0.125160;
0.034223;0.048353;1.015667;-0.162710;-0.143466;0.025924;
0.034501;0.050969;1.026989;-0.116908;-0.166367;-0.027512;
0.031521;0.056132;1.023098;-0.269580;0.100809;0.010656;
0.028975;0.050099;1.019051;-0.086374;0.154244;0.048824;
0.026204;0.049423;1.015323;-0.071107;-0.174000;0.178595;
0.035416;0.038145;1.013819;0.180802;-0.067130;-0.042779;
0.026821;0.045393;1.021159;-0.185611;-0.067130;-0.050412;
0.029169;0.053551;1.021065;-0.132176;0.032107;-0.058046;
0.031433;0.047426;1.011445;0.196069;-0.319038;0.086992;
0.040464;0.045974;1.015721;0.012863;-0.151099;-0.065679;
0.029487;0.044798;1.021678;-0.162710;-0.044229;0.033557;
0.034225;0.060925;1.025168;-0.048206;0.123710;0.086992;
0.038342;0.062253;1.035790;0.012863;-0.090031;0.025924;
0.018143;0.037666;1.021659;0.073931;-0.120565;-0.042779;
0.029189;0.050077;1.016847;0.096832;-0.212168;0.102259;
0.022393;0.045856;1.017424;0.142634;0.299282;0.170962;
0.042541;0.086684;1.042090;-0.261947;0.062641;0.193862;
0.047082;0.053306;1.045348;-0.177977;0.024473;0.178595;
0.044210;0.052522;1.034506;-0.032939;-0.028962;-0.187817;
0.023348;0.038424;1.006050;-0.239046;0.108443;-0.035145;
0.043260;0.056215;1.023266;0.142634;0.016840;-0.149649;
0.026688;0.066180;1.009198;0.005229;-0.120565;-0.073313;
0.036114;0.075154;1.041831;-0.147443;-0.059496;0.071725;
0.015505;0.028985;1.020269;0.119733;-0.097664;-0.058046;
0.026889;0.060353;1.027017;0.005229;0.032107;-0.096214;
0.034362;0.038500;1.025089;0.089199;-0.044229;-0.119115;
0.026551;0.055375;1.037975;0.127366;0.062641;0.010656;
0.027628;0.058037;0.999284;0.127366;-0.204535;-0.004611;
0.039948;0.055693;1.015119;-0.116908;-0.181634;0.086992;
0.017639;0.034828;1.012537;0.249504;0.039740;-0.096214;
0.027213;0.031815;1.008216;0.020496;0.062641;-0.142015;
0.036518;0.049020;1.020368;-0.055840;0.146610;0.041191;
0.029309;0.043216;1.014051;0.096832;0.085542;-0.172550;
0.039490;0.055240;1.019029;0.035763;0.077908;0.056458;
0.029822;0.028610;1.013846;0.272405;-0.006061;-0.119115;
0.018236;0.017511;1.010087;-0.032939;0.055007;-0.035145;
0.025455;0.050976;0.990323;0.135000;-0.036596;0.018290;
0.022312;0.055076;1.014614;0.127366;-0.151099;0.125160;
0.021791;0.031038;0.989491;0.012863;-0.189267;-0.065679;
0.015015;0.027765;0.988121;-0.025305;0.192412;-0.180183;
0.034240;0.046750;1.022755;0.081565;0.093175;-0.065679;
0.035243;0.051012;1.027490;0.058664;0.154244;-0.157283;
0.023709;0.031571;1.003013;-0.025305;0.192412;0.010656;
0.034279;0.046772;1.007307;-0.101641;0.299282;0.086992;
0.034240;0.053526;1.053016;-0.200878;-0.074764;0.025924;
0.037949;0.056734;1.026386;-0.162710;0.039740;0.071725;
0.021049;0.042174;1.003374;-0.025305;0.009206;-0.294687;
0.024728;0.042820;1.001964;0.493779;0.016840;-0.149649;
0.049008;0.032165;1.010002;0.096832;0.184778;0.025924;
0.038760;0.065694;1.036336;-0.208511;-0.082397;0.209130;
0.023119;0.047291;1.029962;0.135000;-0.143466;0.163328;
0.016763;0.026049;1.015340;-0.200878;-0.303771;0.117527;
0.049158;0.092123;1.042018;-0.269580;-0.067130;-0.050412;
0.011690;0.030280;1.004540;0.302939;0.016840;-0.027512;
0.022491;0.017558;0.999114;-0.017672;0.169511;0.071725;
0.047515;0.047438;1.025896;-0.155076;0.070275;-0.080947;
0.027762;0.045862;1.016765;-0.048206;0.024473;0.109893;
0.043704;0.073857;1.011022;0.272405;0.077908;-0.058046;
0.044362;0.081531;1.050624;0.043397;0.032107;0.079359;
0.024044;0.033764;1.001823;-0.017672;-0.174000;0.064092;
0.039512;0.038273;1.008975;0.058664;0.062641;0.003023;
0.026844;0.050284;1.005291;-0.200878;-0.006061;-0.073313;
0.023401;0.045219;1.003697;0.012863;0.123710;-0.065679;
0.022262;0.040386;1.027397;0.417443;-0.235069;-0.187817;
0.039269;0.072728;1.048952;-0.132176;-0.105298;0.102259;
0.027258;0.059784;1.020148;-0.063473;-0.021328;0.163328;
0.043570;0.040001;1.013716;-0.239046;0.123710;-0.134382;
0.035428;0.049087;1.011771;0.150267;-0.112931;-0.287054;
0.032198;0.065199;1.040895;0.035763;-0.181634;0.010656;
0.026218;0.034300;0.997938;0.196069;0.024473;0.025924;
0.042077;0.046180;1.007655;-0.277214;0.032107;0.048824;
0.029821;0.035579;1.006836;-0.017672;-0.105298;-0.027512;
0.039681;0.076876;1.064712;0.157901;-0.067130;0.025924;
0.036575;0.066072;1.036066;-0.086374;-0.013695;0.056458;
0.019119;0.036995;1.005724;0.081565;0.116076;-0.035145;
0.026262;0.062750;1.026307;-0.284847;0.123710;-0.134382;
0.029232;0.058753;1.043457;-0.323015;-0.212168;-0.126748;
0.040509;0.058361;1.029143;0.356374;0.016840;0.056458;
0.030059;0.036724;0.984051;0.165534;0.154244;0.140427;
0.041565;0.056616;1.023003;-0.048206;0.100809;0.041191;
0.034078;0.047272;1.008783;-0.391718;0.093175;-0.126748;
0.021896;0.027888;0.990427;0.325840;-0.082397;-0.019878;
0.033708;0.008490;0.975110;0.341107;-0.082397;-0.027512;
0.022790;0.015041;0.975785;0.173168;0.154244;0.094626;
0.024590;0.038946;0.987438;-0.086374;-0.105298;-0.103847;
0.029624;0.040040;1.012538;0.081565;0.100809;-0.004611;
0.034306;0.082443;1.063000;0.173168;-0.021328;0.094626;
0.033027;0.077673;1.057763;-0.071107;0.108443;-0.080947;
0.028668;0.073556;1.057396;-0.124542;-0.013695;-0.035145;
0.023780;0.066593;1.064337;-0.261947;-0.112931;-0.080947;
0.028174;0.069107;1.054872;-0.269580;-0.174000;0.109893;
0.034202;0.053930;1.030461;0.051031;0.001572;-0.035145;
0.027131;0.043139;1.015981;0.257137;-0.097664;0.079359;
0.034262;0.071430;1.026547;-0.139809;-0.196901;-0.012244;
0.031035;0.054471;1.011051;-0.063473;0.093175;0.254931;
0.042759;0.056643;1.020813;-0.193244;0.047374;-0.027512;
0.052400;0.076292;1.049190;0.157901;-0.059496;-0.065679;
0.035385;0.043229;1.011440;-0.010038;-0.204535;0.117527;
0.045317;0.077595;1.044940;0.157901;0.085542;0.201496;
0.042797;0.040368;0.991150;0.142634;0.062641;0.003023;
0.037502;0.059788;1.036723;-0.101641;-0.212168;-0.012244;
0.044082;0.037229;0.988916;-0.040572;0.047374;-0.012244;
0.042190;0.042381;1.048062;0.096832;-0.219802;0.033557;
0.027181;0.037825;1.002417;-0.002405;-0.090031;-0.187817;
0.024739;0.039124;1.016134;-0.048206;-0.006061;-0.035145;
0.015498;0.022201;0.989518;0.058664;-0.051863;0.056458;
0.028986;0.056868;1.031901;-0.155076;-0.051863;0.025924;
0.024595;0.052717;1.029326;0.287672;-0.067130;-0.080947;
0.023943;0.031320;0.984866;-0.040572;-0.097664;0.125160;
0.027989;0.065163;1.018765;0.005229;0.276381;0.094626;
0.033578;0.035613;1.013511;-0.002405;-0.006061;-0.248886;
0.029280;0.069270;1.045572;0.264771;-0.036596;0.041191;
0.015026;0.017312;0.990176;0.119733;0.001572;0.262565;
0.037080;0.058872;1.008504;-0.155076;-0.227435;0.094626;
0.030090;0.047240;1.003086;0.020496;-0.128199;-0.065679;
0.026822;0.048407;1.010413;-0.239046;-0.006061;0.010656;
0.030240;0.046030;1.036911;-0.010038;0.169511;-0.050412;
0.035959;0.037298;1.020926;-0.200878;0.200045;-0.065679;
0.026511;0.058326;1.006139;-0.025305;-0.051863;-0.073313;
0.031792;0.047579;1.037691;-0.109275;-0.006061;-0.027512;
0.043702;0.027785;0.994659;-0.094008;0.116076;0.010656;
0.034964;0.064923;1.029405;0.127366;0.001572;0.033557;
0.024236;0.052120;1.022936;0.066298;-0.059496;0.102259;
0.034536;0.038205;1.020919;-0.307748;0.161877;-0.088580;
0.027809;0.038923;1.008818;-0.002405;-0.090031;-0.157283;
0.028845;0.048569;1.014858;0.066298;0.055007;0.025924;
0.026722;0.031540;0.990794;-0.124542;0.375618;-0.187817;
0.021583;0.033634;1.001051;0.280038;-0.090031;-0.073313;
0.017375;0.042944;1.018292;0.165534;-0.051863;0.018290;
0.038468;0.067041;1.046161;-0.223779;0.009206;0.140427;
0.018788;0.043648;1.011701;0.119733;-0.028962;-0.180183;
0.024716;0.039332;1.013684;0.096832;0.016840;0.071725;
0.031966;0.037707;0.995127;0.112099;-0.135832;0.163328;
0.040855;0.048923;1.016015;-0.002405;0.200045;-0.073313;
0.022155;0.030251;1.001255;0.096832;-0.257970;0.109893;
0.032859;0.043742;1.021711;-0.116908;0.093175;0.109893;
0.040285;0.061615;1.018888;-0.292481;-0.242702;-0.058046;
0.016333;0.026070;1.001357;0.318206;0.055007;-0.065679;
0.030825;0.048453;1.017091;0.035763;0.055007;-0.019878;
0.037034;0.048840;1.023070;-0.010038;-0.059496;-0.058046;
0.018049;0.015670;0.984555;0.211336;-0.036596;-0.111481;
0.021609;0.043432;1.004136;0.035763;-0.013695;0.216763;
0.022629;0.057713;1.010489;-0.513855;0.047374;-0.035145;
0.033645;0.031244;0.997754;0.425076;-0.074764;0.094626;
0.032073;0.062710;1.004074;-0.200878;-0.059496;-0.111481;
0.027780;0.033795;1.025173;-0.109275;-0.028962;-0.080947;
0.022925;0.026365;0.999738;0.196069;0.200045;0.117527;
0.041292;0.055397;1.007041;-0.345916;-0.090031;-0.058046;
0.050241;0.054090;1.004697;0.188435;-0.112931;-0.019878;
0.037105;0.043549;1.010979;0.096832;0.047374;0.285466;
0.045300;0.054774;1.034799;-0.376450;-0.212168;-0.065679;
0.038484;0.050511;1.015759;-0.078740;-0.219802;-0.012244;
0.026500;0.029254;1.018958;0.028130;0.085542;-0.042779;
0.030515;0.030686;1.003342;-0.040572;-0.006061;-0.203084;
0.014449;0.029996;0.992559;0.196069;0.062641;0.117527;
0.009821;0.043315;1.018680;0.081565;-0.059496;0.025924;
0.028142;0.072065;1.023527;-0.010038;0.299282;-0.149649;
0.028336;0.067852;1.034994;-0.116908;0.055007;0.056458;
0.043903;0.084303;1.024664;-0.261947;0.261114;-0.111481;
0.012085;0.035550;0.996775;0.073931;-0.044229;-0.065679;
0.018383;0.023925;0.997922;0.165534;-0.059496;0.331267;
0.018668;0.043751;1.002382;-0.094008;0.047374;-0.119115;
0.023236;0.048054;0.981176;0.203702;0.062641;0.201496;
0.030871;0.036415;1.027462;0.417443;-0.135832;-0.012244;
0.025651;0.038172;1.014662;0.028130;-0.242702;-0.096214;
0.011232;0.050544;1.024936;-0.055840;-0.051863;0.170962;
0.021672;0.050971;1.036370;0.073931;-0.128199;-0.271786;
0.025836;0.058605;1.027712;-0.147443;-0.235069;-0.035145;
0.034890;0.036925;1.015510;0.302939;-0.158733;-0.004611;
0.038799;0.030113;1.003451;0.028130;-0.120565;-0.012244;
0.012376;0.050285;1.020044;0.241870;-0.250336;0.041191;
0.024920;0.041635;1.020587;0.264771;0.016840;0.033557;
0.037879;0.071564;1.040578;0.051031;-0.120565;-0.042779;
0.032651;0.041898;1.012853;0.150267;-0.036596;0.216763;
0.029091;0.058834;1.032666;0.096832;-0.067130;-0.073313;
0.024572;0.057809;1.027438;0.257137;-0.181634;0.140427;
0.033496;0.042978;1.017295;0.119733;-0.082397;0.064092;
0.047142;0.051228;1.002650;-0.170343;-0.105298;0.102259;
0.002138;0.038432;1.010163;0.051031;0.108443;0.071725;
0.042777;0.056198;1.023749;-0.109275;0.123710;-0.149649;
0.025010;0.040999;0.993114;-0.338282;0.154244;-0.142015;
0.018319;0.038318;1.032461;0.135000;-0.120565;0.170962;
0.048875;0.041347;1.021658;0.150267;-0.257970;-0.004611;
0.008350;0.035790;1.008986;0.188435;-0.181634;0.140427;
0.045896;0.052787;1.013445;0.005229;-0.051863;-0.126748;
0.027775;0.045607;0.982185;-0.078740;0.169511;-0.157283;
0.020150;0.030822;1.013741;-0.017672;0.055007;-0.035145;
0.055178;0.036699;1.016286;0.135000;-0.074764;-0.050412;
0.025070;0.050156;1.019241;-0.055840;-0.090031;0.270198;
0.048374;0.040153;1.025067;-0.422252;0.146610;-0.187817;
0.010075;0.030748;0.991772;0.234237;0.070275;-0.027512;
0.035286;0.042195;1.007745;0.058664;-0.044229;0.109893;
0.034748;0.053995;1.016247;-0.055840;0.077908;-0.203084;
0.021450;0.039591;1.042578;-0.193244;0.192412;-0.050412;
0.034481;0.046525;1.023246;0.035763;-0.410641;-0.088580;
0.043466;0.041530;1.018642;0.165534;-0.097664;0.125160;
0.024360;0.033620;1.007711;-0.032939;-0.128199;-0.157283;
0.041394;0.060893;1.049546;-0.002405;-0.028962;-0.035145;
0.036591;0.059081;1.007764;0.188435;-0.021328;0.102259;
0.041035;0.067498;1.035414;-0.300114;-0.074764;-0.302321;
0.027117;0.053588;1.013680;0.280038;-0.013695;0.140427;
0.040453;0.049940;1.037113;0.249504;-0.151099;0.125160;
0.032891;0.065634;1.018106;-0.055840;0.177145;-0.103847;
0.036181;0.031937;1.020361;0.188435;-0.151099;0.132794;
0.034343;0.038693;1.004738;-0.032939;-0.174000;0.003023;
0.034550;0.058667;1.002825;0.028130;0.230580;0.094626;
0.032842;0.030460;1.013671;-0.063473;-0.257970;0.071725;
0.034597;0.048484;1.006601;0.119733;-0.036596;0.163328;
0.021932;0.030957;1.000281;0.272405;0.001572;0.239664;
0.025712;0.032851;0.983687;-0.200878;0.047374;-0.218351;
0.017919;0.036499;1.009133;-0.010038;-0.013695;0.170962;
0.022680;0.042650;1.013949;-0.261947;0.123710;-0.134382;
0.041963;0.061195;1.017925;0.005229;0.001572;0.109893;
0.029721;0.035723;1.017136;0.127366;-0.219802;0.025924;
0.028155;0.046245;1.008193;-0.155076;-0.128199;-0.149649;
0.039627;0.056777;1.023713;0.257137;0.077908;0.216763;
0.042702;0.033547;1.008706;-0.071107;-0.204535;-0.050412;
0.016918;0.044790;0.995752;0.028130;0.284015;0.094626;
0.035516;0.053834;1.019443;0.058664;-0.135832;-0.004611;
0.032172;0.052601;1.029677;-0.170343;0.207679;-0.080947;
0.029783;0.041833;1.017961;0.089199;-0.135832;0.277832;
0.034478;0.042081;1.002583;0.058664;-0.196901;-0.172550;
0.027239;0.043950;1.021144;0.005229;0.077908;0.018290;
0.027831;0.049180;1.009948;-0.315382;-0.326672;-0.058046;
0.015735;0.051533;1.010791;0.142634;0.001572;-0.004611;
0.024006;0.038396;1.018810;-0.109275;0.154244;-0.103847;
0.026202;0.033338;0.981985;0.272405;0.123710;0.186229;
0.034052;0.040273;1.013830;-0.109275;-0.257970;-0.058046;
0.020117;0.033799;1.000542;0.051031;-0.250336;-0.019878;
0.027406;0.049727;1.049185;0.341107;0.024473;0.109893;
0.024942;0.038395;1.015636;-0.223779;-0.028962;-0.111481;
0.028406;0.048368;1.019263;0.051031;-0.082397;0.109893;
0.031541;0.066618;1.023251;-0.330649;0.009206;-0.180183;
0.028604;0.029002;0.994462;0.012863;0.314549;0.064092;
0.045655;0.074656;1.026020;-0.422252;-0.074764;-0.111481;
0.017297;0.034712;1.005665;0.028130;0.299282;0.102259;
0.035250;0.057062;1.024391;-0.177977;-0.219802;-0.050412;
0.041312;0.047503;1.000551;-0.078740;0.589359;0.018290;
0.033921;0.046427;1.018332;-0.361183;-0.067130;-0.019878;
0.014759;0.039847;0.998347;-0.078740;0.383251;-0.119115;
0.036828;0.057249;1.032017;-0.193244;0.238213;-0.050412;
0.039440;0.060535;1.014446;-0.185611;0.146610;-0.218351;
0.024750;0.031452;1.008175;0.310573;-0.380107;0.170962;
0.021442;0.071655;1.017540;-0.048206;-0.235069;-0.050412;
0.012738;0.040170;1.010584;0.165534;-0.051863;0.140427;
0.038697;0.069334;1.018487;-0.193244;-0.341939;-0.019878;
0.045884;0.070924;1.020084;0.226603;0.306916;-0.004611;
0.042516;0.059201;1.029920;-0.086374;0.131343;-0.111481;
0.028973;0.047547;1.028087;-0.078740;0.299282;0.018290;
0.036103;0.058383;1.028591;-0.277214;0.108443;-0.233618;
0.010458;0.045794;1.002541;-0.147443;0.161877;0.178595;
0.044244;0.057425;1.019374;-0.124542;-0.334306;-0.103847;
0.023223;0.033869;0.994947;0.180802;-0.006061;0.132794;
0.037310;0.033767;1.025062;0.157901;-0.181634;-0.096214;
0.051708;0.045334;1.018078;-0.139809;0.337450;-0.004611;
0.025432;0.033998;1.013372;-0.185611;0.093175;0.041191;
0.041520;0.066107;1.021914;-0.055840;-0.242702;0.109893;
0.021071;0.029648;1.013737;0.333473;0.039740;0.048824;
0.041444;0.042064;1.011755;0.104466;0.360351;-0.027512;
0.025639;0.037927;1.014658;-0.063473;0.100809;-0.004611;
0.026644;0.055920;1.024742;-0.254313;-0.280870;-0.080947;
0.015882;0.039121;1.011839;0.310573;0.108443;0.033557;
0.026043;0.044598;1.002499;-0.261947;0.123710;-0.271786;
0.016757;0.046759;1.031335;0.409809;-0.128199;0.331267;
0.021441;0.053755;1.027334;-0.277214;-0.112931;0.025924;
0.020788;0.038437;1.015577;0.249504;0.116076;-0.004611;
0.033445;0.063622;1.011954;-0.452786;-0.555680;-0.142015;
0.011323;0.035040;1.014658;0.447977;0.184778;0.003023;
0.014374;0.058086;1.013319;-0.582557;-0.670183;0.117527;
0.014795;0.038033;1.007639;0.333473;0.070275;-0.065679;
0.030413;0.059905;1.017987;-0.399351;-0.624382;-0.233618;
0.029793;0.029969;1.006754;0.425076;0.222946;0.010656;
0.025351;0.054841;1.005091;-0.506221;-0.525145;-0.035145;
0.017643;0.026452;1.006531;0.310573;0.383251;0.048824;
0.038314;0.068266;1.030237;-0.681794;-0.685451;0.010656;
0.023252;0.031369;1.024338;0.272405;0.436687;0.125160;
0.039171;0.068413;1.020688;-0.437519;-0.441176;-0.058046;
0.025862;0.038861;1.027916;0.425076;0.184778;-0.088580;
0.033863;0.065441;1.018362;-0.506221;-0.563313;-0.019878;
0.023093;0.035157;1.017034;0.570115;0.238213;-0.035145;
0.042422;0.084702;1.040343;-0.773397;-0.654916;0.010656;
0.036285;0.048808;1.040225;0.333473;0.192412;0.071725;
0.041449;0.062304;1.012049;-0.567290;-0.326672;0.025924;
0.028357;0.039492;1.029432;0.386908;0.085542;-0.012244;
0.028447;0.073551;1.040963;-0.758130;-0.036596;0.010656;
0.035490;0.034035;1.015967;0.455611;-0.112931;0.010656;
0.025923;0.069859;1.030084;-0.635992;-0.319038;0.148061;
0.028193;0.044201;1.018463;0.539580;0.154244;0.178595;
0.020413;0.060394;1.017853;-0.773397;0.039740;-0.096214;
0.038743;0.031694;1.011811;0.577748;0.138977;0.041191;
0.017761;0.061719;1.034019;-0.750496;-0.303771;0.117527;
0.028222;0.053770;1.022526;0.463244;0.024473;-0.042779;
0.017144;0.063413;1.018340;-0.544389;0.055007;0.048824;
0.028462;0.047946;1.006751;0.730420;-0.166367;-0.080947;
0.035725;0.067999;1.020387;-0.605458;-0.296138;0.079359;
0.040057;0.068842;1.030515;0.257137;0.138977;-0.149649;
0.038357;0.040606;1.005559;-0.399351;-0.311405;0.247298;
0.045102;0.052244;1.029120;0.447977;-0.128199;-0.119115;
0.037664;0.055289;1.028568;-0.307748;-0.174000;0.239664;
0.042789;0.048778;1.033205;-0.177977;0.055007;-0.378657;
0.034545;0.034024;1.018406;-0.284847;0.047374;0.102259;
0.047143;0.068703;1.030859;0.287672;0.184778;-0.225985;
0.025783;0.036673;1.011699;-0.193244;0.245847;0.109893;
0.034802;0.066159;1.031137;0.104466;-0.502244;-0.180183;
0.023298;0.018135;1.002566;0.142634;0.085542;0.109893;
0.030065;0.051654;1.021786;-0.048206;-0.326672;-0.256519;
0.028168;0.028341;1.000822;0.280038;-0.082397;0.216763;
0.027683;0.077655;1.023847;-0.254313;-0.403008;-0.233618;
0.021479;0.020740;1.003314;0.554847;0.421419;-0.073313;
0.014848;0.078809;1.028585;-0.651260;-0.235069;-0.050412;
0.023412;0.014762;1.004971;0.852557;0.077908;-0.187817;
0.035350;0.068079;1.010329;-0.781030;-0.067130;-0.019878;
0.039376;0.021850;1.003339;0.646450;0.047374;0.102259;
0.029430;0.066574;0.993548;-0.597824;-0.280870;0.148061;
0.044584;0.035431;1.014645;0.684618;-0.067130;-0.302321;
0.025399;0.035816;1.004324;-0.765763;-0.097664;0.224397;
0.038021;0.050980;1.016004;0.501412;-0.151099;-0.187817;
0.033336;0.043733;1.002590;-0.300114;0.154244;0.155695;
0.038034;0.075901;1.036474;0.226603;-0.647283;0.025924;
0.043435;0.034990;1.021734;-0.284847;0.467221;0.041191;
0.021969;0.071505;1.039125;-0.132176;-0.044229;-0.080947;
0.024802;0.003125;1.004822;0.425076;0.024473;0.140427;
0.021170;0.071169;1.035430;-0.628359;-0.273237;-0.096214;
0.032314;0.029951;1.030821;0.516679;-0.051863;0.033557;
0.032122;0.062299;1.009219;-0.643626;0.055007;0.155695;
0.035644;0.039297;1.008444;0.562481;0.062641;-0.195450;
0.020178;0.045275;1.018365;-0.536756;0.039740;0.071725;
0.021705;0.045639;1.021580;0.440344;-0.143466;-0.309954;
0.028956;0.038668;1.004171;-0.414618;0.039740;0.010656;
0.024752;0.058428;1.002192;0.005229;-0.395374;-0.218351;
0.031370;0.025038;1.014552;0.234237;0.245847;0.056458;
0.018411;0.078192;1.041379;-0.200878;-0.410641;0.254931;
0.033469;0.012481;1.015871;0.440344;-0.036596;-0.012244;
0.027160;0.057824;1.019873;-0.300114;0.055007;0.148061;
0.035085;0.046671;1.031349;0.371641;0.047374;-0.309954;
0.029374;0.049330;1.015122;-0.330649;-0.036596;0.216763;
0.048346;0.064085;1.027866;0.333473;-0.288504;-0.134382;
0.039271;0.036180;1.016788;-0.353550;0.337450;0.071725;
0.018031;0.060812;1.021013;-0.185611;-0.341939;-0.080947;
0.036571;0.016968;1.012302;0.104466;0.161877;0.041191;
0.023906;0.066208;1.020439;-0.048206;0.001572;0.300733;
0.029635;0.030301;1.030298;0.043397;0.100809;-0.203084;
0.026993;0.054865;1.018111;-0.063473;0.085542;0.163328;
0.046052;0.047355;1.008219;0.333473;-0.433542;-0.187817;
0.035314;0.025003;0.998913;-0.216145;0.337450;-0.119115;
0.025157;0.061410;1.021613;-0.032939;-0.242702;0.010656;
0.048346;0.027786;1.012871;0.157901;0.131343;0.041191;
0.017179;0.051808;1.008118;-0.025305;-0.403008;0.254931;
0.037917;0.042045;1.022249;0.173168;0.039740;-0.019878;
0.016630;0.057320;1.020206;-0.200878;0.215313;0.140427;
0.047200;0.060153;1.029510;0.188435;-0.395374;-0.233618;
0.043819;0.038394;1.019827;0.081565;-0.097664;0.132794;
0.014133;0.070416;1.023794;0.066298;-0.082397;-0.119115;
0.027022;0.028367;1.006446;-0.010038;0.062641;0.125160;
0.033938;0.073651;1.012597;-0.032939;0.032107;0.331267;
0.037031;0.042079;1.010711;0.012863;-0.135832;-0.233618;
0.033295;0.038360;1.018942;-0.208511;0.230580;-0.103847;
0.040818;0.060295;1.026969;0.104466;-0.242702;-0.019878;
0.036485;0.030372;1.012250;0.157901;0.276381;0.041191;
0.004708;0.060535;1.012727;-0.292481;-0.166367;-0.050412;
0.038058;0.049166;1.025297;-0.010038;0.284015;-0.264153;
0.020597;0.037770;1.003794;-0.086374;0.322183;0.270198;
0.024989;0.069378;1.016822;-0.086374;-0.349573;0.010656;
0.036411;0.024480;1.009711;0.318206;-0.028962;-0.103847;
0.029891;0.078692;1.020705;-0.101641;-0.387741;0.239664;
0.031103;0.060607;1.030514;-0.086374;-0.181634;-0.264153;
0.018656;0.040263;1.014102;0.081565;0.161877;-0.157283;
0.036873;0.080081;1.025974;-0.429885;-0.196901;-0.149649;
0.035460;0.007936;0.998422;0.241870;0.238213;-0.142015;
0.027587;0.052664;1.015635;-0.078740;-0.059496;0.354168;
0.043037;0.072040;1.022512;-0.109275;-0.090031;-0.371023;
0.036101;0.027431;1.012447;0.371641;0.131343;-0.058046;
0.001792;0.062292;1.025953;-0.307748;-0.250336;0.056458;
0.052541;0.037790;1.016264;0.104466;-0.174000;-0.271786;
0.006881;0.023151;0.999709;-0.200878;0.055007;0.201496;
0.017916;0.081156;1.011988;-0.368817;-0.441176;-0.050412;
0.038931;0.014209;1.015973;0.615916;-0.120565;0.148061;
0.029998;0.069268;1.026210;-0.261947;-0.067130;0.277832;
0.053453;0.061977;1.033548;0.119733;0.070275;-0.050412;
0.033533;0.041145;1.008441;0.333473;0.306916;0.079359;
0.008986;0.058291;1.011775;-0.987137;0.024473;-0.111481;
0.040880;0.011724;1.006156;0.516679;0.077908;-0.019878;
0.007983;0.032848;0.992263;-0.124542;0.154244;0.316000;
0.033347;0.090760;1.034417;-0.521489;-0.372473;-0.065679;
0.032374;-0.008407;0.991275;1.310573;0.123710;0.086992;
0.033645;0.059627;1.004787;-0.689427;-0.105298;0.109893;
0.047664;0.058758;1.032684;-0.071107;-0.051863;-0.210718;
0.024040;0.012616;1.023095;0.699886;0.146610;0.102259;
0.016903;0.084818;1.032625;-1.040572;-0.006061;0.010656;
0.046412;0.040984;1.021618;0.715153;-0.036596;-0.035145;
0.004954;0.018438;1.000594;0.112099;0.009206;0.232030;
0.024683;0.093050;1.036289;-0.635992;-0.280870;-0.134382;
0.046181;-0.016494;0.992825;1.196069;-0.044229;-0.195450;
0.013427;0.049463;1.010238;-0.574924;-0.044229;0.239664;
0.031336;0.121562;1.046851;-0.177977;-0.326672;-0.233618;
0.047957;-0.004953;0.992527;1.150267;0.230580;-0.088580;
0.014390;0.035513;0.986508;-0.811565;0.184778;0.262565;
0.046766;0.082084;1.063908;0.226603;-0.334306;-0.119115;
0.034533;-0.012270;1.020431;0.593015;0.390885;-0.035145;
0.023100;0.104249;1.023677;-1.254313;0.001572;0.109893;
0.045330;0.054999;0.999736;0.951794;-0.105298;-0.264153;
0.043383;-0.015344;0.980541;0.150267;0.238213;0.018290;
0.016163;0.108507;1.037863;-0.758130;-0.303771;0.071725;
0.038513;0.029612;1.020360;0.783855;0.161877;-0.248886;
0.017119;0.018244;0.997085;-0.315382;0.215313;0.270198;
0.003014;0.091890;1.028607;-0.658893;-0.387741;0.018290;
0.055629;0.005981;1.014865;1.119733;-0.097664;-0.050412;
0.015554;0.052962;0.992173;-0.826832;0.146610;0.186229;
0.013177;0.118336;1.053167;-0.323015;-0.242702;-0.149649;
0.049856;-0.032612;0.978665;1.135000;-0.296138;-0.180183;
0.008715;0.028941;1.006195;-0.758130;0.116076;0.308366;
0.002510;0.077177;1.007543;-0.109275;-0.464077;-0.157283;
0.047464;-0.014286;0.989442;1.127366;0.093175;-0.142015;
0.029496;0.092247;1.015256;-1.032939;0.070275;0.201496;
0.038763;0.105008;1.040586;-0.109275;-0.242702;-0.180183;
0.056648;-0.041158;1.005612;1.135000;0.169511;0.109893;
0.010070;0.057272;1.005154;-1.170343;0.390885;0.140427;
0.050625;0.084544;1.069393;0.463244;-0.418275;-0.035145;
0.052375;-0.015177;1.012550;0.577748;0.421419;-0.111481;
0.027387;0.107844;1.038749;-1.101641;0.222946;0.247298;
0.029926;0.082706;1.045286;0.638817;-0.448809;-0.073313;
0.042378;-0.048203;0.987651;0.348740;0.047374;-0.080947;
0.019691;0.119224;1.025318;-1.223779;0.039740;0.277832;
0.047226;0.034114;1.015890;0.951794;-0.326672;-0.279420;
0.028874;-0.027474;0.999531;0.730420;0.474855;-0.065679;
0.026786;0.120503;1.039415;-1.307748;-0.097664;0.186229;
0.036493;0.075059;1.033988;0.959427;-0.540412;-0.119115;
0.053078;-0.036589;0.996309;0.051031;0.650427;-0.302321;
0.024376;0.158116;1.052188;-1.483321;0.429053;0.232030;
0.049701;0.057776;1.042262;0.768588;-0.464077;-0.019878;
0.063666;-0.046719;1.002198;0.356374;0.055007;-0.126748;
0.022016;0.112470;1.022555;-1.353550;-0.082397;0.239664;
0.037365;0.031508;1.037291;0.875458;-0.349573;0.018290;
0.055895;-0.053569;0.975995;0.417443;0.444320;-0.164916;
0.030440;0.119963;1.040440;-1.689427;0.658061;0.277832;
0.010683;0.068124;1.011696;0.783855;-0.006061;-0.111481;
0.053190;-0.065797;0.982399;0.783855;0.222946;-0.126748;
0.018969;0.082189;0.995588;-1.628359;0.238213;0.262565;
-0.001564;0.075238;1.038845;0.425076;-0.593848;0.125160;
0.054748;-0.068181;0.997836;1.318206;0.039740;-0.180183;
0.012838;0.082369;1.011688;-1.483321;0.543557;0.209130;
0.013681;0.148361;1.037181;-0.177977;-0.204535;0.293099;
0.063726;-0.082741;0.972494;1.890725;-0.219802;-0.035145;
0.034986;0.060042;1.012169;-1.086374;0.322183;-0.172550;
0.026067;0.174915;1.044854;-0.910801;0.077908;0.247298;
0.025788;0.001325;1.011921;1.692252;-0.212168;-0.210718;
0.042648;-0.059789;0.994843;-0.086374;0.085542;-0.119115;
0.021802;0.160859;1.014427;-1.567290;0.001572;0.140427;
0.012053;0.015299;1.012665;1.562481;-0.257970;-0.080947;
0.039916;-0.099734;0.989810;0.783855;-0.257970;-0.157283;
0.022349;0.145612;1.037264;-1.948969;0.299282;0.086992;
0.013032;0.137702;1.027208;0.142634;-0.235069;0.048824;
0.041359;-0.075749;0.974485;1.989962;-0.403008;-0.073313;
0.023904;0.080842;1.003976;-1.231412;0.429053;-0.142015;
0.018619;0.193549;1.060223;-0.910801;0.261114;0.285466;
0.008954;-0.032705;0.991080;2.112099;-0.509878;-0.058046;
0.042454;-0.075579;0.982595;-0.078740;0.024473;-0.172550;
0.031549;0.180854;1.049432;-2.216145;0.497755;-0.035145;
0.025172;0.148428;1.037100;0.799122;-0.265603;0.125160;
0.044775;-0.111878;0.976706;1.837290;-0.257970;-0.027512;
0.048082;0.088246;1.030421;-1.597824;0.337450;-0.058046;
0.021719;0.190793;1.027857;-1.361183;0.367985;0.285466;
0.014927;-0.047690;0.980157;2.073931;-0.586214;0.155695;
0.042212;-0.106750;0.985817;0.135000;-0.273237;-0.142015;
0.044863;0.143413;1.028969;-1.857366;0.284015;-0.149649;
0.024378;0.152269;1.018753;0.310573;-0.074764;0.262565;
0.015018;-0.073387;1.006760;1.967061;-0.311405;0.003023;
0.043374;0.010055;1.034122;-1.116908;-0.181634;-0.225985;
0.035578;0.193016;1.050892;-1.865000;0.138977;-0.332855;
0.027296;0.121456;1.019328;0.959427;0.291649;0.216763;
0.000619;-0.095922;0.980234;1.135000;-0.410641;0.209130;
0.047987;0.085846;1.050247;-1.345916;-0.059496;-0.340489;
0.044908;0.176728;1.039753;-1.391717;0.490122;-0.157283;
0.033524;0.071835;1.006434;0.860191;0.352717;0.148061;
-0.000266;-0.083317;0.978198;1.218969;-0.311405;0.277832;
0.019375;0.026572;1.025929;-0.872634;-0.708351;-0.279420;
0.053078;0.134404;1.036066;-0.987137;0.467221;-0.264153;
0.024923;0.064616;0.974329;0.386908;0.314549;0.041191;
0.016813;-0.043484;0.978038;1.135000;-0.158733;0.163328;
0.020963;0.001649;1.033682;-0.223779;-0.341939;-0.126748;
0.036857;0.102654;1.052786;-1.055840;-0.196901;-0.248886;
0.059177;0.140967;1.048019;-0.529122;0.566458;-0.096214;
0.040351;0.049329;0.995169;0.951794;0.429053;0.178595;
0.007382;-0.026108;1.014204;0.425076;-0.632015;0.216763;
0.033218;0.041559;1.038114;-0.727595;-0.418275;-0.340489;
0.064568;0.143296;1.022381;-0.781030;0.429053;-0.622931;
0.046261;0.078242;0.985374;-0.078740;0.215313;0.293099;
0.030290;-0.016764;0.993576;1.218969;0.016840;0.232030;
0.026069;-0.002333;1.027812;-0.124542;-0.494611;0.064092;
0.037732;0.110737;1.052425;-0.933702;-0.235069;-0.302321;
0.055363;0.131798;1.033609;-0.544389;0.459587;-0.241252;
0.037692;0.058544;1.000660;0.493779;0.398519;0.216763;
0.007155;-0.070084;0.991738;1.035763;-0.067130;0.003023;
-0.000864;-0.007094;1.041583;-0.590191;-0.593848;-0.187817;
0.025540;0.081573;1.032211;-0.628359;-0.250336;-0.294687;
0.053941;0.127105;1.017336;-0.559657;0.497755;-0.180183;
0.033738;0.024586;0.992264;0.661718;0.650427;0.232030;
0.000081;-0.060161;0.993498;0.982328;-0.242702;0.338901;
-0.000751;0.016738;1.037026;-0.582557;-0.662550;-0.172550;
0.033445;0.083180;1.032591;-0.719962;-0.311405;-0.668733;
0.075647;0.158792;1.045324;-0.597824;0.116076;-0.294687;
0.063140;0.079745;0.999123;0.386908;0.780198;0.430504;
0.000724;-0.054412;0.984272;0.974695;-0.044229;0.461038;
-0.019338;0.004017;1.045650;-0.010038;-0.654916;0.148061;
0.013559;0.057539;1.045669;-0.559657;-0.616748;-0.500794;
0.046934;0.106149;1.007859;-0.582557;-0.166367;-0.363389;
0.086981;0.140755;1.007704;-0.048206;0.398519;0.018290;
0.055915;0.012080;1.014222;0.699886;0.367985;0.338901;
-0.012259;-0.046427;0.989844;0.783855;-0.006061;0.293099;
-0.028850;-0.001554;1.012575;-0.269580;-0.784687;0.048824;
0.006072;0.072637;1.052648;-0.468053;-0.815222;-0.340489;
0.056791;0.129969;1.037281;-0.666527;0.100809;-0.363389;
0.092394;0.121269;1.007743;-0.384084;0.818366;0.048824;
0.082894;0.071552;1.007131;0.218970;0.795465;0.285466;
-0.010541;-0.035394;1.005232;1.119733;0.085542;0.193862;
-0.049287;-0.046611;0.999860;0.768588;-0.570947;0.048824;
-0.038464;0.040765;1.054495;-0.277214;-1.257970;0.018290;
0.013490;0.063045;1.038882;-0.452786;-0.914458;-0.340489;
0.081376;0.128909;1.033446;-1.216145;-0.174000;-0.210718;
0.106566;0.123519;0.981003;-0.719962;0.971038;-0.019878;
0.061072;0.039084;1.009783;-0.170343;1.276381;0.232030;
0.006898;0.006428;1.006578;1.089198;0.680961;0.285466;
-0.053647;-0.079345;0.993192;1.318206;-0.807588;0.094626;
-0.056386;-0.033415;1.042619;0.249504;-1.265603;-0.187817;
-0.024209;0.008696;1.048347;-0.384084;-1.364840;-0.042779;
0.024804;0.075243;1.018376;-0.788664;-0.532779;-0.111481;
0.089950;0.140020;1.031277;-1.361183;0.574091;-0.271786;
0.104018;0.096572;0.997495;-0.826832;1.177145;-0.042779;
0.053993;0.045971;1.003897;0.226603;1.261114;0.163328;
0.003931;-0.014673;1.007210;1.348741;-0.044229;0.300733;
-0.052904;-0.073488;0.991080;1.104466;-0.952626;0.323633;
-0.071481;-0.026614;1.040787;0.081565;-1.387741;-0.271786;
-0.024688;0.019826;1.027167;-0.590191;-1.143466;-0.096214;
0.029805;0.085357;1.026686;-1.414618;-0.311405;-0.164916;
0.093512;0.154733;1.025165;-1.490954;0.757297;-0.134382;
0.107682;0.113266;1.010051;-0.384084;1.818366;-0.355756;
0.086591;0.038949;0.999354;0.867824;1.360351;0.094626;
0.039299;-0.004974;1.003194;1.425076;0.306916;0.354168;
-0.042765;-0.103852;0.981710;1.211336;-0.563313;-0.027512;
-0.063903;-0.058838;1.029391;0.051031;-1.410641;0.186229;
0.019990;0.097456;1.053206;-1.177977;-1.090031;-0.340489;
0.089090;0.179413;1.043853;-1.475687;-0.654916;-0.088580;
0.124405;0.169979;1.031956;-1.460420;0.551191;-0.187817;
0.119743;0.136478;1.023801;-0.674160;1.161877;-0.073313;
0.082019;0.059511;1.003511;0.486145;1.459587;-0.264153;
0.053491;0.002200;0.996633;1.860191;0.444320;0.293099;
-0.073436;-0.101194;0.981559;1.661718;-0.609115;0.483939;
-0.063272;-0.026573;1.033057;0.432710;-1.273237;-0.203084;
-0.030775;0.034243;1.049851;-0.887901;-1.380107;0.048824;
0.016965;0.079749;1.019066;-1.170343;-0.998428;-0.096214;
0.091528;0.174170;1.044056;-1.735229;-0.204535;-0.371023;
0.123143;0.190115;1.029288;-1.742863;0.986305;-0.561863;
0.134659;0.158100;1.019178;-0.437519;1.413786;0.041191;
0.102100;0.092796;0.995697;0.676985;1.276381;-0.157283;
0.018976;-0.044581;0.979279;2.028130;0.764931;0.064092;
-0.039738;-0.125049;0.955697;1.997596;-0.349573;0.285466;
-0.081656;-0.112407;0.992314;1.341107;-1.250336;0.148061;
-0.089752;-0.041834;1.027310;-0.162710;-1.464077;0.254931;
-0.066235;0.015390;1.061825;-1.040572;-1.494611;0.041191;
-0.027076;0.064916;1.051084;-1.857366;-0.845756;0.155695;
0.030402;0.133882;1.042112;-1.834466;-0.212168;-0.302321;
0.088382;0.199429;1.064732;-2.017672;0.284015;-0.225985;
0.143877;0.154494;1.008712;-1.078740;1.062641;-0.546596;
0.133406;0.101708;1.001420;0.226603;1.253481;-0.302321;
0.094946;0.038684;1.003637;1.226603;1.306916;-0.233618;
0.047943;-0.048489;0.966147;2.051031;0.772565;0.148061;
0.012384;-0.063258;0.974255;1.989962;-0.296138;0.331267;
-0.075644;-0.097809;0.986971;1.257137;-0.761786;0.392336;
-0.084282;-0.024979;1.028123;0.524313;-1.257970;0.422870;
-0.083330;0.011820;1.057607;-0.964237;-1.448809;0.277832;
-0.049142;0.079181;1.049262;-1.781031;-1.425909;0.163328;
0.020754;0.127741;1.037472;-1.719962;-0.853390;0.079359;
0.066475;0.189885;1.051285;-2.208512;-0.181634;-0.035145;
0.090942;0.185918;1.049123;-1.742863;0.665694;-0.401557;
0.148998;0.223163;1.070106;-1.109275;1.337450;-0.531328;
0.126451;0.094787;1.018141;0.058664;1.551191;-0.371023;
0.094290;0.020101;0.985212;1.417443;1.421419;-0.241252;
0.080241;-0.028105;0.986274;1.974695;1.085541;0.018290;
0.026417;-0.055539;0.972114;2.325840;0.276381;0.285466;
-0.075007;-0.129312;0.947533;2.066298;-0.540412;0.323633;
-0.071722;-0.097385;0.986297;1.280038;-0.883924;0.537374;
-0.085371;-0.040957;1.022725;0.379275;-1.242702;0.445771;
-0.077977;0.025557;1.079216;-0.926069;-0.845756;0.293099;
-0.057791;0.067777;1.065158;-1.926069;-1.311405;0.048824;
-0.024185;0.098736;1.053578;-2.193244;-0.929725;-0.271786;
0.032327;0.138380;1.060106;-2.269580;-1.074764;-0.103847;
0.069911;0.218227;1.077739;-2.162710;-0.074764;-0.210718;
0.109994;0.211456;1.065458;-1.964237;0.413786;-0.401557;
0.150973;0.227213;1.056951;-0.941336;0.650427;-0.371023;
0.168754;0.227986;1.067759;-0.368817;1.184778;-0.561863;
0.119022;0.067353;1.000472;0.348740;1.696229;-0.401557;
0.085686;-0.000830;0.965903;1.967061;1.528290;-0.187817;
0.057927;-0.048319;0.944466;2.264771;1.451954;-0.058046;
0.023389;-0.083269;0.919191;2.478511;0.459587;-0.134382;
0.002072;-0.097084;0.928742;2.463244;-0.021328;0.270198;
-0.076265;-0.115659;0.968557;1.905992;-0.418275;0.354168;
-0.098509;-0.090386;0.986754;0.921260;-0.654916;0.453404;
-0.093298;-0.057242;1.018943;0.501412;-0.975527;0.422870;
-0.092356;-0.010453;1.048082;-0.567290;-1.380107;0.545008;
-0.081950;0.026933;1.069616;-1.384084;-1.517512;0.262565;
-0.071595;0.051924;1.077238;-2.010038;-1.601481;0.399969;
-0.056092;0.107637;1.084643;-2.323015;-1.586214;0.377069;
-0.026824;0.113339;1.077539;-2.345916;-1.250336;0.155695;
-0.016058;0.148041;1.080894;-2.559657;-1.196901;-0.027512;
0.014384;0.181205;1.080582;-2.490954;-1.120565;0.056458;
0.067465;0.198342;1.076435;-2.254313;-0.601481;-0.302321;
0.084704;0.230217;1.098722;-1.865000;-0.227435;-0.401557;
0.108404;0.219423;1.082227;-1.429885;0.077908;-0.439725;
0.172649;0.186733;1.051276;-0.689427;0.848901;-0.447359;
0.160335;0.149290;1.015245;-0.323015;1.116076;-0.607664;
0.161940;0.117146;0.995674;0.547214;1.429053;-0.401557;
0.160248;0.096834;0.979170;1.089198;1.406152;-0.546596;
0.159392;0.058999;0.978854;2.035763;1.848901;-0.569496;
0.043250;-0.072040;0.938028;2.524313;1.085541;-0.241252;
0.025430;-0.066792;0.939077;2.302939;1.238213;-0.248886;
0.011271;-0.100479;0.916072;2.295305;0.932870;-0.012244;
-0.000846;-0.092550;0.931709;2.302939;0.421419;0.094626;
-0.005184;-0.107572;0.935843;2.005229;0.055007;0.384702;
-0.018526;-0.115303;0.934806;1.669351;-0.105298;0.468672;
-0.023779;-0.116594;0.930544;1.287672;-0.456443;0.483939;
-0.080304;-0.082439;1.003313;1.135000;-0.616748;0.415237;
-0.078633;-0.064485;1.008502;0.554847;-0.624382;0.491572;
-0.078816;-0.055588;1.017456;0.341107;-0.799954;0.613710;
-0.077969;-0.054737;1.022876;0.150267;-0.876290;0.636611;
-0.085317;-0.055998;1.044577;-0.124542;-0.983160;0.567908;
-0.073769;-0.046118;1.031643;-0.101641;-1.120565;0.651878;
-0.088644;-0.045607;1.032420;-0.231412;-1.090031;0.606076;
-0.086378;-0.040801;1.020016;0.081565;-1.135832;0.682412;
-0.082053;-0.029963;1.030044;-0.406985;-1.074764;0.682412;
-0.084608;-0.034134;1.036813;-0.094008;-0.746519;0.743481;
-0.074504;-0.030553;1.048288;-0.162710;-1.227435;0.903786;
-0.086453;-0.049010;1.025781;-0.338282;-0.891557;0.690046;
-0.080037;-0.030967;1.038150;-0.170343;-1.128199;0.712946;
-0.064200;-0.060991;1.033279;0.028130;-1.021328;0.628977;
-0.058317;-0.062112;1.020350;0.089199;-0.914458;0.804550;
-0.048907;-0.047151;1.011873;0.165534;-0.708351;0.667145;
-0.055304;-0.053781;0.996237;0.058664;-0.784687;0.857985;
-0.040343;-0.064878;1.021791;0.310573;-0.899191;0.850351;
-0.016717;-0.074362;0.995015;0.432710;-0.998428;0.735847;
-0.020694;-0.079033;0.988760;0.211336;-0.715985;0.789282;
0.010915;-0.069139;0.977091;0.600649;-0.479344;0.590809;
-0.050372;-0.045826;1.007212;0.715153;-0.525145;0.575542;
-0.031255;-0.047211;1.016046;0.814389;-0.036596;0.331267;
-0.016904;-0.063865;0.979716;0.554847;0.108443;0.522107;
0.013358;-0.058100;0.973608;1.089198;0.116076;0.369435;
0.035019;-0.057644;0.983241;1.264771;0.345083;0.323633;
0.062012;-0.074944;0.944138;1.127366;0.207679;0.079359;
-0.010164;-0.059221;0.991649;1.165534;0.451954;0.247298;
0.024615;-0.055019;0.963513;1.226603;0.558824;0.163328;
0.069209;-0.048900;0.967669;1.119733;0.459587;0.201496;
0.106332;-0.045157;0.933674;1.295305;0.482488;0.056458;
0.027150;-0.051334;0.956982;1.333473;0.818366;-0.149649;
0.083873;-0.039384;0.969732;1.318206;0.650427;-0.225985;
0.109699;-0.045290;0.930042;1.715153;1.085541;-0.630565;
0.158401;-0.002055;0.924495;1.593015;1.138977;-0.569496;
0.164285;0.028258;0.944146;1.211336;1.406152;-0.851939;
0.149700;0.001623;0.955078;1.341107;1.528290;-1.012244;
0.172172;0.007951;0.912820;1.051031;1.322183;-0.989344;
0.178054;0.073653;0.968787;0.982328;1.543557;-1.096214;
0.183168;0.089914;0.963456;1.035763;1.306916;-1.027512;
0.187207;0.063470;0.958961;0.547214;1.398519;-1.225985;
0.181117;0.121368;0.970505;0.585382;1.146610;-1.050412;
0.137819;0.128454;1.015359;0.028130;0.703862;-0.996977;
0.060752;0.103925;1.043825;-0.132176;0.261114;-0.935908;
0.113902;0.100881;1.026389;-0.605458;0.093175;-0.531328;
0.027486;0.083757;1.041834;-1.040572;-0.746519;-0.012244;
-0.062500;0.058419;1.057598;-1.017672;-0.998428;0.583175;
-0.109729;0.032925;1.054350;-0.887901;-1.006061;1.178595;
-0.103861;0.039491;1.067281;-0.468053;-0.792321;1.346534;
-0.063672;0.046292;1.032148;0.035763;-0.616748;1.308366;
0.024582;0.044304;1.003946;0.180802;0.154244;0.804550;
0.005505;0.043897;1.022796;0.455611;0.459587;0.308366;
0.075659;0.043150;0.989205;0.547214;0.658061;-0.363389;
0.155828;0.064500;0.966622;0.516679;0.619893;-0.996977;
0.152197;0.089991;1.004950;0.394542;0.795465;-1.325222;
0.141239;0.097427;0.999508;0.188435;0.184778;-1.454993;
0.063252;0.060094;1.005460;-0.017672;-0.517512;-0.974076;
-0.027496;0.022179;1.064435;-0.445153;-0.731252;-0.019878;
-0.076814;-0.013549;1.051691;-0.116908;-0.494611;1.132794;
-0.041773;0.029549;1.048645;-0.223779;-0.120565;1.346534;
0.048643;0.077843;1.000360;-0.170343;0.513023;0.835084;
0.118393;0.082048;0.973457;-0.032939;0.795465;-0.447359;
0.118833;0.072944;0.966220;0.073931;0.459587;-1.126748;
0.107211;0.100674;0.983868;0.028130;-0.212168;-1.477893;
0.024677;0.038595;1.013428;-0.094008;-0.654916;-0.958809;
-0.057609;-0.005784;1.052321;0.196069;-0.990794;0.170962;
-0.054074;0.008435;1.045957;0.409809;-0.372473;1.201496;
0.018168;0.068856;1.020396;-0.055840;0.291649;1.445771;
0.034078;0.064957;1.017868;-0.132176;0.627527;0.812183;
0.110977;0.096972;0.968174;-0.307748;0.917603;-0.371023;
0.128026;0.103775;0.993772;-0.269580;0.558824;-1.088580;
0.015137;0.029769;1.008260;-0.124542;-0.578580;-1.340489;
-0.043880;0.004196;1.055849;0.218970;-1.120565;-0.271786;
-0.042024;0.019780;1.065175;0.249504;-0.586214;0.903786;
-0.047917;0.013651;1.048818;0.165534;0.215313;1.415236;
0.010093;0.039880;1.033102;-0.300114;0.665694;1.178595;
0.113948;0.099252;0.981000;-0.399351;0.902335;0.117527;
0.129062;0.089441;0.976904;-0.246679;0.818366;-1.004611;
0.124545;0.097280;0.994609;-0.208511;-0.006061;-1.584764;
0.017676;0.032995;1.003683;0.173168;-0.738886;-0.867206;
-0.050478;0.005748;1.050383;0.745687;-0.868657;0.300733;
-0.045331;0.002736;1.044037;0.470878;-0.112931;1.377069;
0.041621;0.077375;1.025267;0.066298;0.742030;1.377069;
0.059516;0.083136;1.026585;-0.277214;1.138977;0.331267;
0.118455;0.101674;0.998510;-0.643626;0.719129;-0.752702;
0.081772;0.076470;0.996888;-0.559657;-0.364840;-1.592397;
-0.024916;-0.007625;1.017937;0.150267;-1.212168;-0.684000;
-0.046795;-0.019650;1.052028;0.898359;-0.922092;0.804550;
0.030076;0.068406;1.016880;-0.025305;0.459587;1.323633;
0.103241;0.112536;0.991341;-0.284847;1.154244;0.461038;
0.128372;0.111793;0.990706;-0.910801;0.887069;-0.691634;
0.071770;0.080470;1.020345;-0.666527;-0.548046;-1.378657;
-0.079381;-0.047099;0.999425;0.516679;-1.433542;-0.287054;
-0.043710;-0.011937;1.035509;1.104466;-0.326672;0.995389;
0.102921;0.120167;1.031173;0.203702;0.619893;1.170962;
0.144330;0.160772;1.019844;-1.254313;1.077908;-0.210718;
0.122391;0.116535;1.001479;-1.261946;0.070275;-1.462626;
-0.036541;-0.020386;1.017342;0.379275;-1.135832;-0.745069;
-0.062453;-0.052957;1.043475;1.333473;-0.433542;1.003023;
0.075864;0.094091;1.021336;0.188435;1.039740;1.003023;
0.140390;0.166373;1.015701;-1.185611;1.291649;-0.348122;
-0.010736;0.032806;1.018236;-1.109275;-0.303771;-1.516061;
-0.113699;-0.109946;0.999987;0.844924;-1.166367;-0.279420;
0.052641;0.069543;1.036835;1.348741;-0.120565;1.453404;
0.107940;0.123775;1.027863;-0.323015;1.306916;0.827450;
0.139147;0.163958;1.004613;-1.338282;0.596992;-1.142015;
-0.041316;-0.003035;1.036163;-0.597824;-0.967893;-1.180183;
-0.094012;-0.084480;1.009219;1.562481;-0.746519;0.964855;
0.116810;0.113540;1.015334;0.234237;0.978671;1.285465;
0.138091;0.180144;1.031562;-1.323015;0.757297;-0.653466;
-0.072467;-0.035530;1.017593;-1.002404;-0.715985;-1.325222;
-0.049837;-0.051797;1.013999;1.531947;-0.708351;0.789282;
0.137528;0.139302;0.990990;0.402176;0.955771;1.209130;
0.165485;0.175109;0.996321;-1.254313;0.795465;-0.393924;
-0.030262;0.004944;1.011423;-0.719962;-0.731252;-1.516061;
-0.067230;-0.075653;1.024196;1.722786;-0.632015;0.880885;
0.126113;0.128175;1.018376;0.402176;0.719129;1.262565;
0.113361;0.140578;1.025241;-1.261946;0.421419;-0.691634;
-0.017734;-0.000692;1.018140;-0.101641;-0.731252;-1.187817;
-0.082454;-0.072485;1.007596;1.249504;-0.074764;1.155694;
0.143327;0.156510;1.015109;-0.269580;0.894702;0.735847;
0.088167;0.121270;1.038826;-1.574924;0.009206;-1.477893;
-0.121252;-0.124460;0.999424;1.272405;-0.738886;-0.210718;
0.102314;0.107931;1.030005;0.661718;0.581725;1.308366;
0.128217;0.170728;1.003575;-1.582557;0.596992;-0.714534;
-0.022098;0.011695;1.012618;-0.399351;-0.799954;-1.447359;
-0.081918;-0.093342;1.013431;1.776221;0.207679;1.506840;
0.160532;0.190397;0.991078;-0.933702;0.856534;0.354168;
0.025102;0.051601;1.034712;-1.384084;-0.433542;-1.561863;
-0.075763;-0.113943;1.018123;1.631183;-0.441176;0.369435;
0.160620;0.208197;1.024688;-0.002405;0.902335;1.399969;
0.022828;0.074918;1.036244;-2.086374;0.253481;-1.401557;
-0.101892;-0.116065;1.009384;1.356374;-0.708351;-0.577130;
0.042877;0.046304;1.030473;0.776221;0.528290;1.758748;
0.156190;0.230996;1.031332;-1.849733;0.513023;-0.867206;
-0.116053;-0.126721;0.994315;0.295305;-0.677817;-1.409191;
0.056795;0.057877;1.042364;1.539580;0.161877;1.728214;
0.150510;0.228552;0.999337;-1.506221;0.780198;0.064092;
-0.011656;0.039098;1.018069;-0.803931;-0.632015;-1.867206;
-0.087308;-0.122487;0.971734;1.921260;-0.128199;1.354168;
0.197531;0.247354;1.029459;-1.109275;0.665694;0.628977;
-0.050270;-0.028744;1.007952;-1.239046;-0.693084;-1.966443;
-0.023416;-0.074521;1.006443;1.913626;-0.151099;1.308366;
0.186331;0.258507;1.028971;-1.330649;0.848901;0.835084;
-0.074825;-0.071405;0.989328;-1.216145;-0.494611;-1.821405;
0.015401;-0.007156;1.033475;1.921260;-0.341939;1.201496;
0.167150;0.244918;0.996378;-0.964237;0.703862;0.926687;
0.033188;0.140849;1.042499;-1.712328;-0.471710;-1.928275;
-0.100942;-0.160942;1.005067;2.188435;-0.364840;0.659511;
0.170257;0.218748;1.030863;-0.834466;1.138977;1.056458;
-0.029028;0.017564;1.003286;-1.704695;-0.494611;-1.943542;
-0.059038;-0.128437;1.005154;2.081565;-0.204535;0.720580;
0.187344;0.251620;1.038204;-0.689427;0.993939;1.170962;
-0.067428;-0.043060;1.019516;-1.865000;-0.540412;-1.989344;
-0.009080;-0.052749;1.030994;1.860191;-0.273237;1.025923;
0.175855;0.265012;1.008073;-0.727595;0.894702;0.995389;
0.039887;0.129829;1.016685;-1.697061;-0.341939;-1.920641;
-0.098544;-0.172753;0.989481;1.883092;-0.578580;0.644244;
0.185487;0.198577;1.018035;-0.643626;1.032107;1.216763;
-0.036250;0.052718;1.030669;-1.880267;-0.212168;-1.913008;
-0.051508;-0.117655;1.017433;1.951794;-0.303771;0.697679;
0.205096;0.262576;1.028316;-0.865000;0.971038;1.102259;
-0.068039;-0.062040;1.024137;-1.490954;-0.555680;-2.073313;
0.022267;-0.019368;1.042714;2.150267;0.016840;1.170962;
0.204119;0.229302;1.057245;-1.124542;0.963404;0.964855;
0.008783;0.110224;1.046366;-2.139809;-0.509878;-1.905374;
-0.061842;-0.147046;1.009012;2.386908;-0.471710;0.720580;
0.205394;0.262876;1.031267;-1.025305;1.047374;1.102259;
-0.091159;-0.052322;1.014876;-1.773397;-0.807588;-1.989344;
-0.000374;-0.051787;0.984049;2.386908;-0.006061;1.514473;
0.171354;0.266323;0.995768;-1.582557;0.459587;0.377069;
-0.026840;0.079554;1.034135;-0.887901;-0.906825;-1.996977;
-0.071883;-0.180139;0.962778;2.287672;0.138977;1.735847;
0.207993;0.289664;1.037333;-2.078741;0.848901;0.140427;
-0.126945;-0.081062;1.001690;-0.261947;-0.983160;-2.050412;
0.035414;-0.014433;1.002756;2.028130;0.177145;1.835084;
0.144907;0.270887;1.012133;-2.200878;0.505389;0.102259;
-0.165436;-0.218108;0.976837;-0.078740;-1.189267;-1.752702;
0.173423;0.189591;1.043972;1.394542;0.627527;2.140428;
0.201856;0.312140;1.027274;-2.552023;0.390885;-0.607664;
-0.145568;-0.159392;1.025545;0.707519;-0.815222;-1.592397;
0.132231;0.102204;1.039665;1.127366;0.612259;2.186229;
0.050453;0.218533;1.029159;-2.681794;0.070275;-1.103847;
-0.106149;-0.250151;0.956615;1.799122;-1.166367;-1.088580;
0.208446;0.282697;1.059799;0.196069;0.864167;2.048824;
0.084922;0.258990;1.047647;-2.994771;-0.265603;-1.584764;
-0.136443;-0.260585;0.977123;2.738053;-0.509878;0.086992;
0.220576;0.271750;1.037742;-0.834466;1.009206;1.545007;
-0.123544;-0.016013;1.020829;-1.895534;-0.906825;-2.371023;
0.043620;-0.070002;0.976562;2.715153;0.047374;1.720580;
0.145491;0.298487;1.047364;-2.391718;0.642793;0.178595;
-0.129908;-0.032342;1.042571;0.341107;-0.861023;-1.996977;
0.065029;-0.071187;0.991562;1.493779;0.352717;2.239664;
0.107825;0.277172;1.031316;-3.345916;0.177145;-1.126748;
-0.143788;-0.286074;0.958747;2.692252;-0.647283;-0.615298;
0.242036;0.331075;1.038909;-0.987137;0.948137;1.774015;
-0.181900;-0.089804;1.036339;-1.681794;-1.158733;-2.706901;
0.178616;0.064253;1.008139;2.211336;0.543557;2.545008;
0.202308;0.361705;1.064538;-3.552023;0.177145;-0.935908;
-0.188408;-0.280792;0.984429;3.089198;-0.693084;-0.516061;
0.283793;0.316000;1.053751;-2.422252;0.856534;1.415236;
-0.229197;-0.136782;1.014387;0.455611;-1.112931;-2.607664;
0.244918;0.179257;1.017372;0.402176;0.932870;2.857985;
-0.168808;0.014450;1.053488;-2.865000;-0.792321;-2.470260;
0.185981;0.052287;0.998997;3.150267;0.436687;2.117527;
0.214689;0.339635;1.064883;-4.109274;0.184778;-0.500794;
-0.162570;-0.306939;0.927525;4.157901;-0.372473;-0.157283;
0.232306;0.363229;1.035805;-4.116908;0.306916;0.774015;
-0.186704;-0.312154;0.951138;3.852557;-0.624382;-1.844306;
0.231365;0.365521;1.012038;-3.452786;0.688595;1.957221;
-0.181572;-0.296337;0.948743;3.150267;-0.792321;-2.302321;
0.211988;0.351335;1.040003;-3.865000;0.825999;2.056458;
-0.150966;-0.300224;0.948385;3.600649;-0.738886;-2.218351;
0.161136;0.358774;1.067098;-4.490954;0.528290;1.941954;
-0.267685;-0.272417;1.002797;4.058664;-0.601481;-2.279420;
0.314773;0.420409;1.055462;-5.483320;0.436687;1.140427;
-0.186335;-0.339891;0.987523;4.982328;-0.479344;-1.554229;
0.192129;0.401778;1.054186;-5.910801;0.703862;1.010656;
-0.050604;-0.263562;0.972903;5.928893;-0.357206;-0.790870;
-0.005873;0.245162;1.052777;-6.223778;0.451954;0.018290;
0.156624;0.008819;1.008003;5.860191;-0.028962;0.583175;
0.093919;0.408473;1.070299;-5.437519;-0.006061;-0.851939;
0.092878;-0.125743;0.986506;3.676985;-0.051863;1.422870;
-0.145267;-0.042120;1.007880;-2.368817;-0.128199;-1.454993;
0.262541;0.342454;1.032254;-4.452786;0.566458;1.438137;
-0.169413;-0.390936;0.975251;4.989962;-0.227435;-1.233618;
0.143672;0.513713;1.083569;-7.399351;0.619893;-0.142015;
0.071760;-0.267782;0.962809;7.676985;-0.181634;0.461038;
-0.128630;0.091966;1.036058;-5.857366;0.032107;-1.401557;
0.257058;0.293495;1.036860;3.135000;-0.532779;1.590809;
-0.134810;0.063440;1.006129;-0.994771;0.024473;-1.584764;
0.254622;0.317604;1.059981;-4.330649;0.253481;1.293099;
-0.128640;-0.413301;0.961283;5.501412;-0.433542;-0.760336;
0.056809;0.518005;1.097847;-8.017672;0.360351;-0.485527;
0.162010;-0.172595;0.988279;7.257138;-0.593848;1.163328;
-0.181821;-0.096765;0.976160;-4.124542;0.436687;-1.913008;
0.180992;0.455322;1.051372;-2.055840;-0.013695;1.201496;
0.019843;-0.379806;0.976629;5.150268;0.032107;-0.622931;
-0.104567;0.251300;0.998252;-7.246679;0.268748;-0.462626;
0.124899;-0.309629;0.993363;6.318206;-0.838122;1.720580;
-0.151342;0.114383;0.993147;-3.781030;0.841267;-1.775603;
0.208159;0.319422;1.088283;-1.498588;-0.639649;1.514473;
0.027123;-0.366030;0.977668;5.837290;0.245847;-0.424458;
-0.125559;0.319912;1.008269;-7.116908;0.345083;-0.867206;
0.227487;0.087705;1.050126;5.348741;-0.944993;1.468672;
-0.172337;0.150632;0.973758;-1.872634;0.932870;-1.630565;
0.185051;0.282639;1.083498;-3.826832;-0.471710;0.980122;
0.048640;-0.352714;0.966642;7.104466;-0.242702;0.384702;
-0.137535;0.293779;1.011398;-6.536756;0.795465;-1.638199;
0.212240;0.130198;1.072351;2.272405;-1.349573;1.667145;
0.025311;-0.284368;0.949157;2.226603;0.909969;-0.951176;
-0.159380;0.326645;1.013772;-6.307748;-0.074764;-0.523695;
0.212940;0.076248;1.082122;5.364008;-1.097664;1.896153;
-0.193165;0.102374;0.943335;-1.490954;1.047374;-1.516061;
0.062003;0.283365;1.073423;-3.903168;-0.570947;0.468672;
0.204212;-0.255369;1.007048;6.600649;-0.670183;1.025923;
-0.170499;0.079638;0.947495;-4.887900;1.001572;-1.958809;
0.029576;0.300803;1.089646;-1.903168;-0.952626;1.048824;
0.239141;-0.216311;1.028465;5.577748;0.138977;0.293099;
-0.141844;0.309469;0.998077;-5.903168;0.680961;-1.462626;
0.242373;0.000724;1.088554;1.142634;-1.273237;1.712946;
0.004993;-0.167882;0.946147;2.646450;0.642793;-0.622931;
-0.193723;0.278387;0.978007;-5.994771;0.062641;-1.027512;
0.223659;0.062087;1.112231;3.249504;-1.196901;1.445771;
0.115762;-0.180605;0.976961;2.425076;1.039740;-0.706901;
-0.032728;0.279118;1.096784;-5.353549;-0.013695;-0.821405;
0.290293;-0.140115;1.068552;3.218969;-1.502244;1.667145;
-0.085200;-0.042778;0.896168;2.661717;1.009206;-0.714534;
-0.157351;0.263809;1.045257;-5.536756;0.245847;-1.096214;
0.265132;0.005331;1.128670;2.631183;-1.509878;1.628977;
0.102121;-0.134978;0.907052;2.447977;1.367985;-0.806137;
-0.248357;0.172678;0.948722;-5.353549;0.192412;-1.065679;
0.089487;0.146666;1.155203;1.852557;-1.616748;1.636611;
-0.053203;-0.018778;0.880786;3.196069;1.184778;-0.409191;
-0.214952;0.206529;1.002901;-4.987137;0.505389;-1.256519;
0.202170;0.041850;1.150376;-1.269580;-1.471710;1.193862;
0.224714;-0.107752;0.946462;4.814390;0.367985;0.728214;
-0.215475;0.091240;0.905583;-3.032939;1.314549;-1.798504;
-0.084558;0.181147;1.121108;-2.803931;-1.349573;0.453404;
0.299308;-0.041084;1.092188;4.501412;-0.883924;1.377069;
0.071325;-0.026161;0.897651;0.028130;1.642793;-1.180183;
-0.033964;0.150242;1.141241;-4.200878;-0.647283;-0.348122;
0.314191;-0.054407;1.065232;2.028130;-1.746519;1.682412;
0.051005;-0.016915;0.880086;2.799122;1.429053;-0.516061;
-0.278224;0.125438;0.951535;-4.323015;0.360351;-1.218351;
0.077529;0.137562;1.189477;-1.216145;-1.799954;1.086992;
0.312557;-0.075660;0.983487;4.837290;0.207679;0.651878;
-0.257302;0.137053;0.993443;-3.116909;1.398519;-1.661099;
0.119536;0.122273;1.205546;-3.200878;-1.082397;0.300733;
0.311066;-0.061793;0.986365;3.905992;-1.036596;1.567908;
-0.108169;0.036148;0.867316;0.371641;1.848901;-1.187817;
-0.227675;0.128041;1.029780;-4.132175;-0.158733;-0.798504;
0.204408;0.073443;1.203344;0.379275;-1.425909;1.438137;
0.276923;-0.039843;0.949416;3.776221;0.757297;0.140427;
-0.256025;0.133498;1.046868;-3.628359;1.177145;-1.363389;
0.181028;0.081280;1.199693;-1.994771;-1.952626;0.819817;
0.286780;-0.056763;0.943425;4.524313;-0.280870;1.079359;
-0.140779;0.025006;0.863503;-0.628359;1.787832;-1.393924;
-0.222218;0.135613;1.063072;-4.124542;-0.685451;-0.134382;
0.204385;0.066893;1.188781;1.386908;-1.616748;1.537374;
0.299096;-0.032620;0.936348;3.570114;1.123709;-0.203084;
-0.257320;0.109422;1.055328;-3.124542;1.268748;-1.538962;
0.132584;0.089719;1.220462;-3.078741;-1.479344;0.262565;
0.339180;-0.008401;0.976505;3.615916;-1.250336;1.453404;
-0.025023;0.017210;0.847378;1.799122;1.864167;-0.813771;
-0.287123;0.066614;1.010388;-3.887901;0.245847;-0.974076;
0.035562;0.094330;1.223320;-0.872634;-1.792321;1.056458;
0.339617;0.009289;1.018210;4.287672;0.085542;0.789282;
-0.274951;0.040519;0.918469;-2.246680;1.497755;-1.607664;
-0.120354;0.122487;1.196993;-3.697061;-1.174000;-0.271786;
0.279741;0.030814;1.105461;0.905992;-1.960260;1.354168;
0.255930;0.029869;0.900596;3.524313;1.314549;0.018290;
-0.231562;0.077491;1.104519;-3.666527;1.024473;-1.454993;
0.160707;0.055848;1.161271;-2.116909;-1.708351;0.712946;
0.338495;0.030658;0.948617;3.890725;-0.830489;1.232030;
-0.031294;0.049368;0.883558;0.631183;1.925236;-1.058046;
-0.274012;0.055523;1.025617;-4.109274;0.215313;-1.134382;
0.027068;0.098405;1.213204;-0.506221;-1.952626;1.262565;
0.131526;0.040629;0.880839;4.302939;0.558824;0.613710;
-0.263257;0.029393;0.919209;-2.109275;1.719129;-1.538962;
-0.128065;0.084055;1.161504;-3.513855;-0.761786;-0.218351;
0.291609;0.051289;1.132901;0.852557;-2.112932;1.499206;
0.261211;0.012327;0.883741;3.501412;1.390885;-0.271786;
-0.257619;0.083111;1.091479;-3.261947;1.146610;-1.546596;
0.142403;0.075058;1.185322;-2.445153;-1.807588;0.476305;
0.346734;0.002136;0.954940;3.562481;-1.250336;1.178595;
0.000467;0.051046;0.876432;1.974695;2.352717;-0.767970;
-0.295500;0.055697;1.008394;-4.094007;0.306916;-1.103847;
0.002188;0.102411;1.202610;-1.032939;-2.082397;0.957221;
0.322889;0.002136;1.017868;4.394542;-0.273237;0.880885;
-0.260439;0.026373;0.903266;-0.414618;2.222946;-1.378657;
-0.152089;0.096355;1.148344;-3.742862;-0.479344;-0.462626;
0.242279;0.033002;1.129238;0.043397;-1.899191;1.285465;
0.281830;0.039682;0.919252;4.104465;0.413786;0.239664;
-0.150665;0.036101;0.888291;-2.834466;1.329817;-1.462626;
0.112915;0.070992;1.188277;-2.987138;-1.578580;0.170962;
0.347669;0.024494;0.980536;2.768588;-1.578580;1.354168;
0.018747;0.036464;0.852203;1.234237;2.192412;-0.958809;
-0.284054;0.034979;0.970492;-3.987138;-0.135832;-0.943542;
-0.011555;0.111261;1.203034;-1.819198;-2.105298;0.949588;
0.335255;0.039402;1.058311;3.913626;-0.685451;1.056458;
-0.239107;0.023929;0.898875;0.203702;2.276381;-1.172550;
-0.146840;0.111158;1.176589;-4.002404;-0.418275;-0.661099;
0.263103;0.049822;1.126835;-0.361183;-2.105298;1.262565;
0.281498;-0.000681;0.894139;4.409809;0.352717;0.751114;
-0.153127;0.016875;0.865172;-1.414618;1.848901;-1.378657;
-0.252761;0.080735;1.079498;-3.613092;-0.975527;-0.210718;
0.122231;0.065850;1.172395;0.844924;-2.082397;1.377069;
0.033699;0.061193;0.893726;3.806756;1.200045;0.109893;
-0.297480;0.051139;0.986475;-3.277214;1.055007;-1.477893;
-0.020987;0.093707;1.200928;-2.300115;-1.708351;0.590809;
0.338614;0.020898;1.065692;3.699885;-1.097664;1.384702;
0.159565;0.039066;0.881214;1.776221;2.184778;-0.790870;
-0.171666;0.088211;1.139611;-3.956603;0.238213;-0.943542;
0.247982;0.052887;1.136474;-1.719962;-1.967893;0.941954;
0.275765;0.017304;0.875682;4.196069;-0.403008;0.964855;
-0.145676;0.024772;0.863676;-0.483321;2.108443;-1.348122;
-0.265470;0.071077;1.077951;-3.781030;-0.593848;-0.638199;
0.129382;0.080685;1.196499;0.058664;-2.196901;1.361801;
0.343393;0.027668;0.978314;3.905992;0.810733;0.567908;
-0.301925;0.043204;0.975262;-2.544389;1.772565;-1.630565;
-0.032307;0.100543;1.188851;-2.635993;-1.807588;0.247298;
0.326310;0.022565;1.053526;2.852557;-1.540412;1.369435;
0.174401;0.017797;0.861253;2.196069;1.787832;-0.775603;
-0.182739;0.103690;1.151204;-3.926069;0.360351;-1.080947;
0.237663;0.066569;1.156144;-1.116908;-2.189268;1.224397;
0.301872;0.017104;0.909400;4.157901;-0.387741;0.964855;
-0.138547;0.021666;0.877955;-0.865000;2.039740;-1.355756;
-0.266021;0.070757;1.074505;-4.055840;-0.525145;-0.668733;
0.143157;0.084903;1.206074;-0.063473;-2.273237;1.277832;
0.342771;0.007037;0.969913;4.058664;1.016839;0.392336;
-0.293217;0.069827;1.000049;-2.261947;1.459587;-1.485527;
-0.002933;0.097303;1.203689;-3.048206;-1.616748;0.354168;
0.347151;0.014283;1.051739;2.776221;-1.670183;1.369435;
0.155536;0.027581;0.859166;2.234237;2.016839;-0.607664;
-0.267001;0.064088;0.970666;-4.246679;0.245847;-0.974076;
0.277538;0.029570;1.127972;-1.376450;-1.937359;0.819817;
0.280356;0.021225;0.912342;4.203702;0.001572;0.941954;
-0.145121;0.044444;0.907128;-0.620725;2.138977;-1.432092;
-0.263819;0.078525;1.064840;-4.063473;-0.448809;-0.577130;
0.146207;0.081418;1.190863;0.020496;-2.151100;1.209130;
0.339537;0.001231;0.950166;4.028130;0.818366;0.316000;
-0.301495;0.066449;0.996449;-3.162710;1.474855;-1.485527;
-0.007638;0.080265;1.187681;-2.674160;-1.609115;0.316000;
0.342170;0.027223;1.052837;3.211336;-1.280870;1.613710;
0.147648;0.026918;0.856592;1.730420;1.757297;-0.668733;
-0.164506;0.100469;1.137193;-4.116908;0.055007;-1.088580;
0.268924;0.060991;1.137870;-0.903168;-2.410642;1.201496;
0.284088;0.013065;0.891923;4.531947;0.345083;0.628977;
-0.154129;0.038467;0.894898;-1.323015;1.825999;-1.409191;
-0.256767;0.066281;1.088059;-3.788664;-1.471710;-0.149649;
0.138460;0.056694;1.176171;0.921260;-1.944993;1.522107;
0.031522;0.032251;0.872186;3.600649;1.314549;0.140427;
-0.298116;0.046557;0.992040;-3.147443;0.963404;-1.454993;
-0.022818;0.118407;1.212296;-3.185611;-1.593848;0.514473;
0.338301;0.011488;1.039803;3.264771;-1.235069;1.316000;
0.163736;0.013904;0.863743;1.799122;2.123709;-0.714534;
-0.176554;0.078911;1.136709;-4.223778;0.016840;-0.813771;
0.243094;0.035904;1.124878;-0.872634;-2.059496;1.010656;
0.308344;0.013100;0.914338;4.257137;0.108443;0.705313;
-0.125108;0.035545;0.882271;-1.826832;1.963404;-1.454993;
-0.253118;0.071529;1.067833;-3.620725;-1.357206;0.140427;
0.133976;0.074338;1.197453;1.333473;-1.967893;1.453404;
0.046823;0.027525;0.881898;3.081565;1.757297;-0.447359;
-0.304597;0.044739;0.989224;-3.414618;0.978671;-1.294687;
-0.035399;0.094908;1.197308;-2.391718;-1.937359;0.606076;
0.347100;0.037282;1.074388;3.188435;-1.372473;1.308366;
0.193052;0.016858;0.851941;1.684618;1.971038;-0.943542;
-0.189948;0.099045;1.140735;-4.246679;0.322183;-1.103847;
0.240473;0.065200;1.170141;-0.719962;-1.998428;1.132794;
0.308707;0.010439;0.914550;4.371642;0.322183;0.621343;
-0.103270;0.035475;0.888710;-2.323015;1.742030;-1.561863;
-0.274911;0.082110;1.063264;-3.910802;-1.181634;-0.218351;
0.114491;0.096547;1.213683;1.829657;-1.960260;1.415236;
0.057739;0.025143;0.866079;3.524313;1.665694;-0.111481;
-0.303808;0.061805;0.986540;-3.376451;1.055007;-1.447359;
-0.056321;0.099627;1.205907;-2.429886;-1.929726;0.674779;
0.318200;0.033577;1.083487;2.951794;-1.319038;1.438137;
0.204615;0.013064;0.871177;1.852557;2.077908;-0.775603;
-0.202733;0.092086;1.123777;-3.948970;0.421419;-1.203084;
0.218136;0.070371;1.180934;-0.307748;-2.112932;1.209130;
0.334389;0.016078;0.931917;4.203702;0.329817;0.560275;
-0.092571;0.024268;0.870308;-2.132176;1.940503;-1.546596;
-0.284514;0.076480;1.060103;-3.781030;-1.441176;-0.058046;
0.077582;0.089946;1.201047;1.417443;-1.937359;1.483939;
0.070376;0.027058;0.871926;3.570114;1.474855;-0.271786;
-0.300345;0.055481;0.975953;-3.475687;1.123709;-1.577130;
-0.074033;0.117310;1.206648;-2.506222;-2.036596;0.697679;
0.325929;0.034069;1.074776;3.654084;-1.135832;1.163328;
0.233181;0.004111;0.864587;1.157901;2.436687;-1.004611;
-0.212019;0.102609;1.140718;-4.109274;0.284015;-1.088580;
0.221986;0.059789;1.178138;-0.292481;-2.051863;1.193862;
0.331241;0.020848;0.935129;4.241870;0.070275;0.995389;
-0.071347;0.035473;0.899708;-1.979504;1.803099;-1.653466;
-0.289487;0.067321;1.050336;-3.620725;-1.257970;0.018290;
0.357377;0.003726;0.995576;1.463244;-2.143466;1.506840;
0.089929;0.034694;0.862506;3.073931;1.825999;-0.348122;
-0.283523;0.043427;0.979695;-3.552023;0.894702;-1.523695;
-0.090652;0.104654;1.179500;-2.635993;-1.807588;0.491572;
0.320136;0.052046;1.106588;3.348740;-0.975527;1.277832;
-0.206634;0.023995;0.895904;1.539580;2.284015;-0.981710;
-0.224577;0.084927;1.106443;-4.162710;0.047374;-0.951176;
0.199414;0.076582;1.184192;-1.002404;-2.112932;1.086992;
0.342872;0.026859;0.924101;4.073931;-0.380107;0.995389;
-0.061632;0.025122;0.859479;-0.315382;2.001572;-1.302321;
-0.314145;0.040809;1.002273;-3.857366;-0.601481;-0.668733;
0.066249;0.094701;1.213707;-0.292481;-2.013695;1.361801;
0.122858;0.027778;0.864099;4.325840;0.955771;0.613710;
-0.289491;0.036754;0.959651;-2.170344;1.780198;-1.569496;
-0.120569;0.095495;1.168888;-3.620725;-1.303771;-0.164916;
0.295872;0.058798;1.132090;1.356374;-1.845756;1.308366;
0.250563;0.025656;0.880105;2.989962;1.535923;-0.271786;
-0.245904;0.071989;1.075544;-3.506222;0.925236;-1.485527;
0.169257;0.079290;1.185764;-2.353550;-1.899191;0.483939;
0.346881;0.018551;0.943165;3.699885;-0.861023;1.254931;
-0.040081;0.030132;0.880947;1.425076;2.230580;-0.813771;
-0.308958;0.054368;1.012107;-3.918435;0.421419;-0.974076;
0.046686;0.104971;1.230744;-1.613092;-1.998428;0.690046;
0.358185;0.006176;1.010581;4.364008;-0.288504;0.972488;
-0.292772;0.047889;0.948240;-0.971870;1.993939;-1.424458;
-0.050940;0.119863;1.187886;-3.956603;-0.861023;-0.447359;
0.328362;-0.002131;1.058591;1.547214;-1.761786;1.461038;
0.098501;-0.015115;0.879315;3.455611;1.627527;-0.203084;
-0.287547;0.118968;0.990544;-4.361183;0.925236;-1.500794;
0.069774;0.164942;1.186822;-1.880267;-1.700718;0.812183;
0.316228;-0.106630;1.004423;5.356374;-0.028962;0.812183;
-0.111037;0.013318;0.899803;-2.842099;1.764931;-1.867206;
0.171899;0.111184;1.140164;-3.162710;-1.326672;0.560275;
0.242466;-0.154450;0.962220;5.638817;-0.822855;1.354168;
-0.242058;0.086854;0.944131;-2.849733;1.574091;-1.706901;
0.012559;0.247559;1.106287;-3.895534;-1.028962;0.338901;
0.284027;-0.183175;1.011682;6.142634;-0.403008;1.453404;
-0.167596;-0.008652;0.935464;-3.735229;1.345083;-2.042779;
-0.044257;0.328285;1.062268;-3.094008;-0.960260;0.682412;
0.265759;-0.178832;1.019088;6.745687;-0.181634;0.751114;
-0.175741;0.314960;1.002335;-5.468053;1.009206;-1.821405;
0.264410;0.088992;1.083038;-0.025305;-1.059496;1.552641;
-0.035730;-0.291548;0.943527;4.692252;0.909969;-0.538962;
-0.095641;0.414916;1.037539;-7.498588;0.055007;-1.103847;
0.264485;-0.069389;1.021640;5.562481;-0.914458;1.819817;
-0.163639;-0.209344;0.969879;-0.025305;0.535923;-1.615298;
0.080020;0.503462;1.076631;-5.735229;-0.105298;0.377069;
0.119157;-0.327007;0.974147;7.875458;-0.433542;0.316000;
-0.185913;0.107586;1.009723;-7.674160;0.154244;-1.103847;
0.261990;0.317728;1.043903;5.585382;-0.624382;1.949588;
-0.173273;0.055538;1.009882;-3.124542;0.215313;-1.859573;
0.278574;0.349635;1.053675;-0.437519;-0.357206;1.949588;
-0.219459;-0.441097;0.978471;3.493778;-0.425909;-1.508428;
0.222437;0.585786;1.083282;-6.300114;0.574091;0.964855;
-0.101889;-0.416883;0.927525;6.791489;-0.799954;-0.890107;
0.073972;0.373922;1.074418;-7.529122;0.734397;-0.096214;
0.057329;-0.142856;0.967361;7.631184;-0.662550;0.025924;
0.277259;0.541190;1.103521;-7.200878;0.238213;0.025924;
-0.169038;-0.393390;0.939174;6.806756;-0.257970;-0.264153;
0.200937;0.444571;1.101034;-6.666526;0.238213;-0.080947;
-0.101119;-0.279799;0.946447;6.257138;-0.418275;0.094626;
0.142311;0.347226;1.090204;-6.200878;0.535923;-0.149649;
-0.042714;-0.237564;0.957209;5.768588;-0.372473;-0.577130;
0.125774;0.346764;1.079909;-5.498588;0.497755;0.453404;
-0.080470;-0.240576;0.959571;4.837290;-0.906825;-1.401557;
0.194064;0.377226;1.086471;-4.574924;0.955771;1.735847;
-0.317830;-0.237766;1.020980;2.715153;-1.288504;-2.523695;
0.339010;0.249625;0.999622;-1.521488;1.360351;2.980122;
-0.243931;-0.081209;1.045883;-1.468053;-1.074764;-3.111481;
0.250696;0.075439;0.984068;2.280038;1.009206;3.262565;
-0.107302;0.130005;1.049419;-3.475687;-0.624382;-2.554229;
0.065890;-0.146202;0.943403;4.234237;0.238213;1.934321;
0.126625;0.341113;1.090874;-4.338282;0.703862;0.346534;
-0.285109;-0.187677;1.020210;1.967061;-1.143466;-2.393924;
0.289179;0.127347;1.005476;-0.147443;1.367985;3.094626;
-0.106868;0.129274;1.047943;-3.048206;-0.998428;-3.096214;
0.011909;-0.208887;0.953496;3.852557;0.360351;1.987756;
0.205923;0.402752;1.058564;-3.399351;0.742030;-0.088580;
-0.246090;-0.301610;0.968594;0.898359;-1.761786;-2.241252;
0.300065;0.244487;0.993845;1.593015;1.322183;3.186229;
0.149688;0.358733;1.051977;-3.979504;0.055007;-1.974077;
-0.231713;-0.306091;0.981484;2.905992;-0.952626;-0.355756;
0.276906;0.253024;1.004185;-0.391718;1.322183;2.125160;
-0.098343;0.079627;1.042439;-2.330649;-0.891557;-2.920641;
-0.048659;-0.195326;0.981279;3.447977;0.039740;1.781649;
0.276178;0.379328;1.041321;-2.094008;1.055007;0.743481;
-0.201034;-0.146129;1.015632;-1.544389;-1.326672;-2.737435;
0.083411;-0.004219;1.008981;2.883091;0.390885;2.445771;
0.204828;0.329094;1.060176;-1.796298;1.230580;0.697679;
-0.058113;0.053705;1.037239;-1.872634;-0.853390;-2.783237;
-0.124922;-0.196516;0.985573;2.806756;-0.288504;1.514473;
0.270360;0.286547;1.051416;-0.803931;1.367985;1.422870;
-0.044391;0.037379;1.025671;-2.139809;-0.792321;-2.577130;
-0.132577;-0.180634;1.013650;1.974695;-0.853390;0.758748;
0.210230;0.238620;1.023627;0.562481;1.039740;2.041191;
0.214309;0.270337;0.994719;-2.544389;0.513023;-1.584764;
-0.110498;-0.092765;1.030934;0.073931;-1.410641;-1.454993;
-0.026462;-0.073849;0.995619;2.005229;0.062641;2.392336;
0.229021;0.259669;1.000168;-1.155076;1.245847;0.300733;
-0.028979;0.031576;1.011093;-1.826832;-0.509878;-2.432092;
-0.121793;-0.161514;1.001575;1.844924;-0.807588;0.552641;
0.174937;0.155940;1.004760;1.028130;0.986305;2.216763;
0.207651;0.247902;1.016614;-1.582557;1.138977;-0.638199;
-0.012044;0.058974;1.045081;-1.246679;-0.967893;-2.080947;
-0.138966;-0.157734;0.983240;1.905992;-0.700718;1.247298;
0.151352;0.144054;1.020437;0.402176;1.009206;1.758748;
0.151635;0.192474;1.012806;-1.735229;0.940503;-1.065679;
-0.116613;-0.089112;1.017413;-1.032939;-1.151099;-2.012244;
-0.041968;-0.069305;1.007726;1.676985;-0.822855;1.186229;
0.182616;0.204070;1.002870;0.386908;1.345083;1.392336;
0.175733;0.219777;1.016243;-1.842099;0.795465;-1.470260;
-0.057575;0.008405;1.021875;-1.094008;-1.326672;-1.737435;
-0.102450;-0.144313;0.996705;1.799122;-0.922092;1.445771;
0.145071;0.148940;1.008403;0.524313;1.039740;1.613710;
0.140635;0.182874;0.992648;-1.597824;0.940503;-1.172550;
-0.091861;-0.070201;1.045259;-1.025305;-0.723619;-1.829038;
-0.067139;-0.088839;1.005614;1.707519;-0.670183;1.155694;
0.174735;0.179009;1.015882;0.722786;1.032107;1.712946;
0.186500;0.200050;1.015373;-1.048206;1.230580;-0.363389;
0.045293;0.084771;1.035480;-1.559656;-0.609115;-2.080947;
-0.127097;-0.117003;1.028875;1.104466;-1.425909;-0.050412;
0.029096;0.039068;1.031398;1.325840;0.100809;2.086992;
0.168848;0.194530;1.013081;-0.414618;1.574091;0.697679;
0.161823;0.173323;1.003109;-1.338282;0.642793;-1.470260;
-0.002247;0.030812;1.020534;-1.017672;-0.983160;-1.684000;
-0.121719;-0.103992;1.000205;1.272405;-1.319038;0.621343;
0.023824;0.045209;1.035336;1.203702;0.268748;1.712946;
0.140336;0.140230;0.978292;-0.193244;1.421419;0.583175;
0.113094;0.137493;0.998219;-1.147443;0.719129;-1.111481;
0.062346;0.079646;0.994941;-1.094008;-0.784687;-1.607664;
-0.079484;-0.040164;1.057887;0.989962;-1.090031;0.025924;
-0.057078;-0.058775;1.027773;1.089198;-0.433542;1.422870;
0.097191;0.110254;1.022364;0.341107;1.093175;1.186229;
0.162622;0.140855;0.997499;-0.895534;1.482488;-0.096214;
0.073609;0.069700;0.977546;-0.964237;0.161877;-1.447359;
-0.071938;-0.038013;1.029580;-0.300114;-1.189267;-1.187817;
-0.058939;-0.055037;1.039571;1.196069;-0.876290;0.880885;
0.054867;0.081314;1.051015;0.470878;0.200045;1.682412;
0.071321;0.094913;1.025943;0.173168;1.001572;1.293099;
0.118406;0.118111;0.972019;-0.697061;1.360351;-0.203084;
0.108343;0.085052;0.978753;-0.651260;0.345083;-1.416825;
-0.034730;0.005151;1.023869;-0.582557;-0.899191;-1.767970;
-0.084138;-0.064174;0.997884;0.707519;-1.357206;-0.142015;
-0.074768;-0.052712;1.017310;0.440344;-0.403008;1.209130;
-0.022854;0.067533;1.083061;0.516679;0.520656;1.789282;
0.046470;0.071688;0.969833;-0.368817;0.856534;0.781649;
0.137680;0.098745;0.984518;-0.200878;1.398519;-0.309954;
0.126802;0.097172;0.962761;-0.002405;0.543557;-1.554229;
0.019907;0.044559;1.037233;-0.353550;-0.632015;-1.653466;
-0.055009;-0.015526;1.044370;0.188435;-1.288504;-0.531328;
-0.072604;-0.000479;1.081612;0.203702;-1.051863;0.926687;
-0.083744;0.004676;1.070739;-0.345916;-0.532779;1.743481;
-0.079438;0.041753;1.057606;-0.422252;0.055007;1.529740;
-0.009926;0.053137;1.005301;0.127366;0.490122;1.117527;
0.052112;0.015686;0.972778;0.554847;0.833633;0.346534;
0.112898;0.019310;0.935685;0.768588;0.864167;-0.210718;
0.090696;-0.015400;0.936336;1.058664;1.032107;-0.836672;
0.148874;0.007978;0.925241;0.921260;1.329817;-1.134382;
0.206322;0.091142;0.953994;1.203702;1.322183;-1.523695;
0.220577;0.118638;0.970045;1.218969;1.352717;-1.309954;
0.211474;0.072322;0.950361;1.165534;1.291649;-1.569496;
0.222041;0.136176;0.997785;0.730420;1.413786;-1.332855;
0.214967;0.151680;0.997664;0.661718;1.138977;-1.233618;
0.190790;0.160591;1.003581;0.707519;1.375618;-1.096214;
0.222060;0.134788;0.985994;0.432710;1.474855;-1.019878;
0.214073;0.166129;0.988298;0.676985;1.688595;-1.004611;
0.208151;0.186535;1.019898;0.371641;1.680961;-1.157283;
0.194346;0.201594;1.011584;0.951794;1.887069;-0.729802;
0.155841;0.027482;0.918757;1.226603;2.093175;-0.790870;
0.152649;0.026857;0.919929;1.822023;1.948137;-0.790870;
0.131312;0.007884;0.910032;2.425076;1.887069;-0.462626;
0.032025;-0.086033;0.935213;2.692252;1.680961;-0.416825;
0.024731;-0.092159;0.923740;2.638817;0.993939;0.117527;
-0.005840;-0.101461;0.956031;2.341107;0.390885;0.186229;
-0.035591;-0.108357;0.949623;2.188435;-0.235069;0.621343;
-0.061957;-0.128150;0.950432;1.318206;-0.647283;0.613710;
-0.092947;-0.180263;0.923487;1.257137;-1.319038;0.506840;
-0.117841;-0.172758;0.935749;0.150267;-1.601481;0.300733;
-0.074569;0.077579;1.091055;-1.353550;-1.792321;0.331267;
-0.020402;0.139770;1.096651;-2.460420;-1.822855;0.140427;
0.033115;0.157549;1.067998;-2.872634;-1.494611;0.071725;
0.100808;0.182988;1.066386;-2.697061;-0.570947;-0.134382;
0.138000;0.249651;1.084067;-2.246680;0.314549;-0.180183;
0.175326;0.278075;1.103892;-1.651259;1.184778;-0.592397;
0.162130;0.205780;1.054836;-0.231412;1.459587;-0.577130;
0.139414;0.119120;1.022112;1.715153;1.482488;-0.073313;
0.017233;-0.062612;0.968938;2.440343;0.665694;0.025924;
-0.065728;-0.152624;0.939724;2.348740;-0.486977;0.590809;
-0.094170;-0.113959;0.994321;1.455611;-1.006061;0.224397;
-0.072799;-0.016076;1.032093;-0.490954;-1.525145;0.186229;
0.003237;0.042083;1.006063;-0.872634;-0.807588;-0.309954;
0.062501;0.125863;1.003952;-1.773397;-0.120565;-0.325221;
0.139120;0.197003;1.047516;-1.750496;0.711496;-0.164916;
0.118864;0.147680;1.008993;-0.101641;1.253481;-0.157283;
0.032477;-0.008992;1.001077;1.165534;0.673328;0.461038;
-0.053941;-0.082652;1.001477;1.524313;-0.448809;0.186229;
-0.050725;-0.025661;1.054092;0.356374;-1.471710;0.209130;
-0.009386;0.029040;1.023104;-0.208511;-1.219802;-0.332855;
0.062433;0.109996;1.019660;-0.895534;-0.494611;-0.317588;
0.125174;0.165379;1.014735;-1.147443;0.742030;-0.080947;
0.076164;0.076207;0.980620;-0.032939;1.032107;0.254931;
0.038549;0.019862;1.003544;1.081565;0.345083;0.384702;
-0.041433;-0.022006;1.022889;0.264771;-0.761786;-0.256519;
0.009121;0.040073;1.032846;0.089199;-0.960260;-0.393924;
0.050148;0.120313;1.032387;-0.887901;-0.250336;-0.302321;
0.087140;0.122544;1.012346;-0.536756;0.711496;0.033557;
0.063939;0.041234;0.997103;0.768588;0.757297;0.522107;
-0.032208;-0.035606;1.012523;0.997595;-0.128199;0.109893;
0.007175;0.036730;1.027375;-0.483321;-0.876290;-0.073313;
0.034239;0.090482;1.029030;-0.643626;-0.227435;-0.554229;
0.069366;0.151358;1.041203;-0.796298;0.604625;-0.058046;
0.071163;0.043809;1.016125;0.905992;0.261114;0.529740;
0.000782;-0.082965;0.982141;0.814389;-0.174000;0.384702;
0.020007;0.042349;1.052651;-0.506221;-0.319038;-0.195450;
0.063369;0.172611;1.064232;-1.101641;-0.067130;-0.386290;
0.039497;0.105236;1.003326;-0.109275;0.314549;0.140427;
0.028277;-0.019696;0.999881;1.562481;-0.257970;0.323633;
0.014861;-0.026309;1.025833;-0.040572;-0.647283;0.003023;
0.018062;0.029701;1.044348;-0.910801;-0.105298;-0.516061;
0.052312;0.183417;1.039220;-0.872634;0.711496;-0.225985;
0.019565;0.014864;0.991186;1.157901;-0.051863;0.415237;
0.027244;-0.044187;1.029427;0.692252;-0.517512;0.140427;
0.029844;0.036801;1.040694;-0.926069;-0.219802;-0.172550;
0.054516;0.183310;1.058131;-1.552023;0.787832;-0.225985;
0.032710;0.115467;1.025448;1.081565;-0.128199;0.300733;
0.009132;-0.059487;1.009821;0.760954;-0.494611;-0.126748;
0.052271;0.065439;1.024018;-1.109275;-0.227435;-0.271786;
0.024189;0.146274;1.026265;-1.361183;0.474855;0.170962;
-0.003918;-0.031840;0.975951;1.676985;-0.357206;0.285466;
0.058419;-0.077333;0.976421;0.967061;-0.441176;0.003023;
0.044601;0.093374;1.025787;-1.620725;0.291649;-0.371023;
0.038612;0.192545;1.041855;-0.429885;0.100809;0.163328;
0.052451;-0.054195;0.994819;1.409809;-0.303771;-0.119115;
0.046641;-0.031852;0.991382;-0.406985;0.299282;-0.172550;
0.019667;0.168762;1.045409;-1.750496;0.528290;0.193862;
0.015755;0.037614;1.026038;1.440344;-0.632015;-0.088580;
0.048791;-0.118575;0.972252;1.043397;0.261114;-0.035145;
0.010790;0.109867;1.015001;-2.261947;0.352717;0.232030;
0.033700;0.114404;1.066644;0.425076;-0.395374;-0.241252;
0.046898;-0.124661;0.962328;1.692252;0.177145;-0.134382;
0.025040;0.101986;1.012392;-1.910802;0.093175;0.125160;
0.040231;0.159275;1.045564;0.104466;-0.311405;-0.164916;
0.063003;-0.066217;1.004848;1.646450;0.222946;-0.058046;
0.034713;0.093519;1.035212;-1.445153;-0.143466;0.468672;
0.050371;0.106361;1.044694;0.287672;-0.311405;-0.096214;
0.044147;-0.012690;1.009771;0.692252;0.589359;-0.058046;
0.015485;0.063178;1.041364;-0.926069;-0.135832;-0.126748;
0.040146;0.048221;1.020408;0.730420;-0.074764;-0.180183;
0.013774;0.023962;0.982163;-0.010038;0.322183;0.300733;
0.037046;0.086754;1.014793;-0.323015;-0.044229;-0.454992;
0.040062;0.016253;1.001796;0.829656;0.200045;0.102259;
0.023659;0.066426;1.019458;-0.613092;-0.028962;0.186229;
0.058362;0.074097;1.046055;0.333473;-0.479344;-0.241252;
0.015644;0.023516;0.995670;0.264771;0.299282;0.270198;
0.039886;0.091926;1.025699;-0.773397;-0.105298;-0.271786;
0.052288;0.037537;1.016502;0.814389;0.077908;-0.180183;
0.022340;0.039505;0.999921;-0.391718;-0.151099;0.216763;
0.046782;0.071153;1.049771;-0.261947;-0.013695;-0.050412;
0.031130;0.032909;0.986463;0.455611;0.161877;0.331267;
0.039372;0.057894;1.000675;-0.353550;0.085542;-0.287054;
0.029308;0.036921;1.000227;0.043397;-0.013695;0.018290;
0.005192;0.036824;1.006750;-0.094008;-0.097664;-0.027512;
0.036127;0.012571;1.013212;0.196069;0.138977;-0.019878;
0.013201;0.042945;0.998615;0.119733;-0.174000;0.209130;
0.036349;0.047931;1.029914;0.020496;-0.028962;-0.080947;
0.021063;0.046148;1.008337;0.188435;-0.151099;0.575542;
0.013206;0.026422;0.985623;0.478512;-0.097664;-0.233618;
0.027058;0.053062;1.011219;-0.193244;0.291649;0.163328;
0.037978;0.057923;1.024197;0.371641;-0.532779;-0.233618;
0.048918;0.026488;1.005504;-0.017672;0.192412;-0.149649;
0.051697;0.084188;1.041203;-0.010038;-0.204535;-0.172550;
0.034283;0.026329;1.026628;0.241870;0.421419;-0.058046;
0.038347;0.084830;1.045927;-0.704695;-0.273237;0.178595;
0.034000;0.017452;1.037530;0.440344;-0.021328;0.003023;
0.023159;0.071971;1.016834;-0.765763;-0.013695;0.148061;
0.028237;0.030771;1.033718;0.501412;-0.044229;0.125160;
0.017515;0.063792;1.026443;-0.895534;-0.044229;0.071725;
0.025601;0.029063;1.025563;0.684618;0.116076;0.071725;
0.018238;0.073584;1.026841;-0.849733;0.001572;0.025924;
0.020428;0.026679;1.012949;0.478512;-0.265603;0.132794;
0.017565;0.059637;1.008728;-0.742863;-0.028962;-0.019878;
0.032815;0.038347;1.019670;0.287672;0.039740;0.094626;
0.035724;0.090105;1.031743;-1.185611;-0.433542;0.125160;
0.037378;0.045946;1.040934;0.646450;-0.227435;-0.180183;
0.045498;0.065431;1.029317;-0.887901;-0.006061;-0.126748;
0.024407;0.056242;1.020792;-0.132176;0.207679;-0.035145;
0.049610;0.062564;1.036445;-0.865000;-0.059496;0.140427;
0.025219;0.057518;1.022048;0.577748;-0.051863;-0.058046;
0.052025;0.055888;1.021914;-0.429885;-0.227435;-0.210718;
0.015714;0.069429;1.017672;0.135000;-0.059496;0.125160;
0.040527;0.067474;1.052327;-0.529122;-0.311405;-0.119115;
0.028745;0.055219;1.019857;0.478512;0.085542;0.377069;
0.028105;0.060634;1.025567;0.119733;-0.189267;-0.287054;
0.022059;0.014102;0.997586;0.211336;0.169511;0.041191;
0.033447;0.035009;1.005898;0.394542;0.047374;0.010656;
0.027070;0.064486;1.025608;-0.254313;-0.471710;0.216763;
0.023273;0.040215;1.012205;0.417443;-0.433542;0.201496;
0.050800;0.053473;0.993907;-0.239046;0.192412;-0.042779;
0.039839;0.053278;1.033964;0.264771;0.222946;0.018290;
0.035028;0.053581;1.020413;-0.300114;0.055007;-0.393924;
0.024773;0.032422;1.024620;0.142634;0.268748;0.086992;
0.021100;0.033617;1.001534;0.020496;-0.525145;0.086992;
0.026935;0.058298;1.019631;-0.063473;0.116076;-0.019878;
0.023881;0.014319;1.023363;0.058664;-0.502244;0.132794;
0.035544;0.039904;1.017034;0.089199;0.055007;-0.149649;
0.027742;0.048140;0.988843;-0.139809;-0.028962;0.079359;
0.040211;0.040838;1.015397;-0.116908;-0.028962;-0.309954;
0.034773;0.050296;1.013251;-0.109275;-0.257970;0.048824;
0.030822;0.040322;1.028008;-0.002405;-0.250336;0.140427;
0.020421;0.052737;1.027795;-0.345916;0.200045;-0.035145;
0.040902;0.069904;1.016810;-0.155076;0.131343;0.048824;
0.032516;0.047352;1.019552;-0.109275;0.131343;-0.080947;
0.017598;0.037120;1.019436;0.035763;-0.044229;-0.019878;
0.017484;0.010236;0.998446;0.051031;-0.105298;0.155695;
0.021806;0.027328;0.985759;0.020496;0.123710;-0.119115;
0.027970;0.082848;1.044770;0.081565;0.154244;0.132794;
0.026381;0.054730;1.027664;0.043397;-0.158733;0.178595;
0.032758;0.046897;1.021020;-0.010038;0.024473;-0.172550;
0.030436;0.055277;1.018166;-0.116908;0.215313;0.064092;
0.033976;0.036233;1.004452;0.127366;0.108443;-0.126748;
0.036785;0.031813;0.992903;0.104466;0.047374;-0.088580;
0.037573;0.060540;1.021041;0.028130;0.009206;0.018290;
0.029307;0.056247;1.021597;0.028130;-0.044229;-0.073313;
0.033203;0.014531;1.006824;0.051031;0.100809;-0.210718;
0.029697;0.046413;1.031514;0.112099;-0.051863;0.025924;
0.020224;0.043934;1.026684;-0.025305;0.077908;0.056458;
0.033628;0.044741;1.020756;0.356374;0.138977;-0.203084;
0.016639;0.025915;1.006508;0.173168;-0.174000;0.064092;
0.027362;0.064779;1.028069;0.180802;-0.013695;0.132794;
0.035512;0.038712;1.018978;-0.315382;-0.082397;0.064092;
0.025874;0.059109;1.028701;-0.048206;0.024473;-0.233618;
0.014870;0.035526;0.985779;0.096832;-0.280870;0.117527;
0.018509;0.033849;1.026268;0.058664;-0.181634;-0.073313;
0.008484;0.060840;1.038043;-0.353550;-0.319038;-0.019878;
0.019627;0.061714;1.027424;-0.353550;-0.143466;-0.142015;
0.032687;0.060549;1.021217;0.096832;-0.067130;0.025924;
0.015302;0.019423;0.966669;-0.010038;-0.059496;-0.027512;
0.029462;0.023339;0.987771;0.005229;-0.265603;0.003023;
0.031106;0.030799;0.992317;-0.208511;-0.021328;-0.004611;
0.038467;0.056073;1.012651;-0.315382;-0.151099;-0.073313;
0.048619;0.052966;1.033594;0.051031;0.077908;0.064092;
0.030890;0.032227;1.007538;-0.109275;0.024473;0.041191;
0.035860;0.062100;1.033546;0.051031;0.131343;-0.042779;
0.030972;0.042085;1.014549;-0.277214;0.077908;-0.042779;
0.037815;0.065665;1.020628;0.073931;-0.028962;0.056458;
0.032566;0.072758;1.022864;0.104466;-0.097664;0.148061;
0.022860;0.056089;1.015373;-0.132176;0.146610;0.086992;
0.021422;0.042768;0.992598;-0.216145;0.291649;0.079359;
0.036509;0.052504;1.025323;-0.216145;-0.151099;0.018290;
0.014785;0.037577;1.026760;0.081565;-0.341939;-0.142015;
0.025492;0.047540;1.005477;0.150267;-0.013695;0.125160;
0.010025;0.031641;1.003065;-0.353550;-0.006061;0.025924;
0.024068;0.056592;1.012454;-0.032939;0.154244;0.018290;
0.032054;0.032916;1.000699;0.020496;0.039740;-0.157283;
0.022404;0.047026;1.014008;0.112099;-0.196901;0.033557;
0.031123;0.063621;1.002848;0.280038;-0.235069;0.048824;
0.042768;0.070843;1.024943;-0.162710;-0.006061;-0.027512;
0.037133;0.049622;1.009351;-0.239046;-0.128199;0.232030;
0.038946;0.058885;1.020056;0.089199;0.032107;0.071725;
0.041367;0.051983;1.006748;0.081565;-0.067130;-0.103847;
0.041635;0.037828;1.004830;0.417443;0.070275;-0.019878;
0.028343;0.047856;1.034703;-0.185611;0.108443;-0.088580;
0.039259;0.019176;1.004280;0.249504;0.177145;0.048824;
0.027480;0.066065;1.032258;-0.261947;-0.143466;0.216763;
0.018335;0.062972;1.017615;0.012863;-0.227435;0.125160;
0.031756;0.030993;1.003609;0.196069;-0.021328;-0.004611;
0.030292;0.044889;1.008449;0.119733;-0.006061;-0.012244;
0.028827;0.057856;1.016464;0.119733;0.085542;-0.042779;
0.040274;0.054864;1.024185;-0.208511;-0.044229;-0.073313;
0.029014;0.036876;1.014936;-0.063473;0.001572;0.018290;
0.031578;0.043623;1.017768;0.150267;-0.174000;-0.050412;
0.034596;0.045703;1.016615;0.165534;0.070275;0.025924;
0.046643;0.053067;1.013459;-0.132176;-0.059496;0.003023;
0.040996;0.056759;1.034767;-0.078740;-0.036596;-0.096214;
0.040321;0.053043;1.016067;0.135000;0.009206;0.064092;
0.037357;0.071970;1.036653;-0.078740;0.200045;-0.073313;
0.030675;0.044817;1.018998;-0.040572;-0.204535;0.094626;
0.024535;0.044756;1.035340;-0.048206;0.375618;0.056458;
0.036616;0.057041;1.035199;-0.124542;-0.090031;0.025924;
0.033059;0.053708;1.018916;-0.101641;-0.028962;0.094626;
0.037400;0.049908;1.028241;0.051031;-0.357206;-0.042779;
0.022798;0.053241;1.020970;0.112099;0.055007;-0.004611;
0.018888;0.052136;1.025068;0.119733;-0.257970;-0.103847;
0.031861;0.046939;1.026893;0.066298;-0.235069;-0.042779;
0.024803;0.055006;1.018327;-0.124542;0.039740;0.209130;
0.028190;0.037440;1.006104;0.112099;0.001572;0.117527;
0.024568;0.046626;1.012807;0.005229;-0.166367;0.117527;
0.028836;0.037168;1.018861;0.226603;0.032107;0.094626;
0.037521;0.043262;1.006567;-0.406985;0.108443;-0.164916;
0.034498;0.053746;1.016730;0.127366;0.024473;-0.142015;
0.031511;0.051236;1.021801;-0.063473;-0.128199;0.056458;
0.035269;0.052874;1.004467;-0.116908;-0.181634;0.086992;
0.033241;0.048535;1.014675;-0.277214;0.055007;-0.012244;
0.031315;0.044074;1.032974;-0.040572;-0.128199;0.094626;
0.030008;0.048580;1.028607;-0.208511;-0.044229;-0.080947;
0.027997;0.038642;1.005628;0.096832;0.100809;-0.164916;
0.031275;0.053087;1.015694;-0.216145;0.024473;0.018290;
0.036223;0.055944;1.028066;-0.193244;-0.212168;0.003023;
0.034893;0.043434;1.010455;0.012863;-0.036596;0.048824;
0.032759;0.030834;1.006073;0.028130;0.146610;0.109893;
0.037069;0.063300;1.028185;-0.063473;0.009206;0.094626;
0.027299;0.055888;1.037257;-0.155076;-0.028962;0.003023;