0.037047;0.028600;1.005856;-0.051366;0.098572;-0.017695;
0.081114;0.026797;1.054029;-0.379611;-0.008298;-0.032962;
0.007638;0.008323;1.000240;0.147107;0.129106;-0.055863;
0.006284;0.014902;1.021405;0.253977;-0.023565;-0.231435;
0.030961;0.031646;1.051425;0.200542;-0.260207;-0.055863;
0.056902;0.036560;1.017779;-0.326175;0.060404;0.203679;
0.080351;0.022773;1.048074;-0.341443;0.098572;0.073908;
0.041340;0.012681;1.037074;-0.104801;-0.183871;-0.223802;
0.020643;0.016193;1.012064;0.170008;-0.099901;-0.086397;
0.026025;0.024613;1.036785;0.024970;-0.451046;-0.025328;
0.058838;0.041050;1.018362;-0.135336;-0.038833;0.089176;
0.071011;0.018332;1.041992;0.024970;0.014602;0.066275;
0.028917;0.002827;1.021061;0.162374;0.037503;0.081542;
0.025997;0.025028;1.014966;0.337947;-0.000665;-0.101664;
0.022107;0.024889;1.035262;0.162374;-0.191504;-0.155099;
0.068243;0.038108;1.019434;-0.257473;0.022236;0.150244;
0.097205;0.038192;1.046330;-0.272740;0.167274;-0.010061;
0.021843;0.008310;1.002403;0.246344;0.113839;-0.063496;
0.025666;0.034480;1.029076;0.307412;-0.046466;-0.116931;
0.015953;0.031319;1.045322;0.177641;-0.130436;-0.200901;
0.075834;0.044302;1.034590;-0.051366;0.152007;0.012840;
0.091367;0.040983;1.056587;-0.272740;0.297045;0.134977;
0.019421;0.004514;1.017762;-0.013198;0.182541;-0.071130;
0.030755;0.030016;1.023689;0.170008;-0.313642;-0.147466;
0.018882;0.026082;1.027386;0.200542;-0.107535;-0.032962;
0.032149;0.032091;1.010742;-0.379611;-0.092268;0.051008;
0.096713;0.027237;1.049107;-0.257473;0.228343;0.073908;
0.011968;-0.003405;1.000867;0.269244;-0.015932;0.028107;
0.034544;0.031243;1.028420;0.101306;-0.252573;-0.010061;
0.018003;0.031241;1.016169;0.093672;-0.374711;-0.101664;
0.094742;0.041535;1.032857;-0.303275;-0.008298;0.005206;
0.087312;0.037385;1.040538;-0.280374;0.235977;0.012840;
0.005986;0.001782;0.991784;0.276878;-0.115169;-0.048229;
0.028268;0.030108;1.038368;0.383748;-0.206772;-0.071130;
0.020871;0.032483;1.025056;0.170008;0.014602;-0.155099;
0.038500;0.033074;1.006923;-0.158237;0.121473;0.180779;
0.083320;0.029222;1.045758;-0.158237;0.304679;0.058641;
0.010161;0.007361;1.009580;0.246344;0.029870;-0.078763;
0.011195;0.012815;1.012371;0.246344;0.121473;0.005206;
0.031087;0.030140;1.047972;0.223443;-0.290741;0.043374;
0.057746;0.038566;1.018801;-0.112435;0.029870;-0.002428;
0.084589;0.021180;1.041736;-0.234572;0.098572;0.051008;
0.047542;0.013986;1.039143;0.116573;0.113839;0.058641;
0.020669;0.020411;1.017030;0.170008;-0.138069;-0.116931;
0.023208;0.032732;1.034411;0.070771;-0.122802;-0.032962;
0.060788;0.036713;1.015384;-0.272740;-0.199138;0.203679;
0.068843;0.021510;1.032934;-0.349076;0.159641;0.073908;
0.030233;0.010882;1.017273;0.253977;0.098572;-0.078763;
0.023831;0.028457;1.023322;0.414283;0.029870;-0.155099;
0.022840;0.026776;1.028434;0.170008;-0.267840;-0.132199;
0.023625;0.030341;1.019423;0.032603;-0.130436;0.104443;
0.091432;0.036843;1.039853;-0.181137;0.266511;0.104443;
0.021217;0.007464;1.013417;0.185275;-0.054100;-0.109298;
0.024556;0.029659;1.036592;0.383748;-0.229672;-0.178000;
0.014155;0.036727;1.037528;0.162374;-0.367077;-0.231435;
0.082206;0.040886;1.029972;-0.188771;0.113839;0.142611;
0.090003;0.042415;1.059041;-0.318542;0.220709;0.035740;
0.016934;0.009009;1.016566;0.246344;-0.008298;0.066275;
0.030458;0.024368;1.021886;0.337947;-0.107535;0.134977;
0.033205;0.037375;1.052276;0.292145;-0.069367;-0.002428;
0.029540;0.025991;1.002279;-0.127702;-0.328909;0.119710;
0.090829;0.033224;1.044451;-0.234572;-0.038833;0.157878;
0.012866;-0.007153;1.008427;0.154741;0.213076;-0.246702;
0.034098;0.033834;1.040467;0.345580;-0.061733;0.012840;
0.036719;0.024830;1.049691;0.284512;-0.115169;0.081542;
0.031965;0.032609;1.013444;-0.051366;0.129106;0.134977;
0.091899;0.042211;1.055387;-0.341443;0.342847;0.112076;
0.001175;0.001640;0.998089;0.009702;-0.107535;-0.017695;
0.007803;0.012671;0.996872;0.345580;0.052770;0.028107;
0.034067;0.030538;1.031836;0.269244;-0.000665;-0.032962;
0.036084;0.027412;1.011220;-0.142969;0.167274;0.150244;
0.086711;0.026334;1.053856;-0.364343;0.327579;0.005206;
0.046093;0.011833;1.030018;-0.036099;-0.092268;-0.055863;
0.014396;0.009260;1.008687;0.421916;-0.229672;-0.032962;
0.035695;0.038231;1.052569;0.185275;-0.107535;0.012840;
0.054593;0.035878;1.012097;0.070771;0.136740;0.051008;
0.077219;0.046869;1.055736;-0.455946;0.381015;0.119710;
0.042827;0.013234;1.036613;-0.104801;0.045137;-0.040595;
0.019323;0.009294;1.011455;0.261611;-0.092268;0.028107;
0.031508;0.031248;1.038921;0.177641;-0.199138;-0.078763;
0.026296;0.032549;1.028321;0.063138;-0.099901;-0.010061;
0.089574;0.040566;1.033750;-0.333809;-0.031199;0.058641;
0.039812;0.009980;1.024017;-0.028466;0.098572;0.028107;
0.023724;0.017877;1.017037;0.353214;-0.038833;0.058641;
0.040666;0.026883;1.026727;0.108939;0.037503;0.020473;
0.022031;0.028051;1.018141;-0.104801;-0.061733;-0.055863;
0.087590;0.043244;1.040137;-0.127702;0.197809;0.096809;
0.028587;0.010854;1.004007;0.024970;0.144373;-0.078763;
0.005529;0.009942;1.001214;0.078405;-0.115169;-0.116931;
0.036614;0.026803;1.034760;0.093672;-0.023565;-0.055863;
0.019571;0.030239;1.009065;0.009702;0.037503;-0.048229;
0.085267;0.043725;1.047467;-0.234572;0.167274;0.081542;
0.019118;0.009094;1.015127;-0.066633;0.152007;-0.002428;
0.004126;-0.000987;1.008883;0.147107;0.014602;-0.094031;
0.036758;0.039527;1.054320;0.200542;-0.138069;-0.185634;
0.025211;0.026095;1.007123;-0.127702;-0.099901;0.058641;
0.091741;0.032271;1.042979;-0.265107;0.281778;0.112076;
0.075607;0.030600;1.048856;-0.013198;-0.046466;0.165511;
0.005430;-0.001094;0.997129;0.368481;-0.092268;0.058641;
0.039048;0.026903;1.033570;0.223443;-0.336543;0.028107;
0.024914;0.029523;1.009131;0.101306;-0.145703;0.051008;
0.054265;0.034155;1.012067;-0.295641;0.090938;0.142611;
0.061464;0.022300;1.044856;-0.097168;0.190175;0.020473;
0.005301;0.011570;0.996575;0.292145;-0.244940;-0.032962;
0.038257;0.029608;1.037767;0.047870;-0.214405;-0.040595;
0.026611;0.027714;0.996377;-0.051366;-0.244940;-0.025328;
0.063879;0.037712;1.023535;-0.234572;0.266511;-0.017695;
0.060409;0.016824;1.040593;0.124206;0.113839;0.119710;
0.001975;0.011515;1.003884;0.192909;0.228343;0.005206;
0.036245;0.034130;1.053743;0.101306;-0.344176;0.142611;
0.014881;0.027446;1.033970;0.024970;0.090938;-0.094031;
0.069205;0.042577;1.038640;-0.150603;0.068038;0.196046;
0.058062;0.017279;1.046207;-0.165870;0.228343;0.043374;
0.016252;0.003219;1.023093;0.238710;0.266511;0.035740;
0.038119;0.036913;1.037626;0.353214;-0.015932;0.028107;
0.030105;0.035420;1.028662;0.139473;0.037503;-0.086397;
0.029750;0.038785;1.026499;-0.127702;0.014602;0.058641;
0.105586;0.043070;1.052160;-0.448313;0.258877;0.035740;
0.017850;0.001536;1.002493;0.231077;0.068038;0.073908;
0.030942;0.023922;1.023112;0.162374;-0.115169;-0.048229;
0.040323;0.028426;1.050285;0.070771;-0.138069;-0.025328;
0.033252;0.029702;1.010478;-0.158237;0.106205;0.119710;
0.087544;0.032498;1.038999;-0.394878;0.182541;0.035740;
0.005569;0.003458;0.991067;0.215809;-0.252573;0.089176;
0.006532;0.004202;1.005559;0.406649;-0.099901;-0.086397;
0.034458;0.027462;1.053866;0.253977;-0.183871;-0.178000;
0.041486;0.029307;1.006175;-0.242206;0.274144;0.005206;
0.086406;0.027647;1.044553;-0.219305;0.190175;0.142611;
0.056224;0.015192;1.026042;-0.036099;0.045137;-0.048229;
0.007219;0.008607;1.004407;0.131840;-0.008298;-0.010061;
0.033382;0.030806;1.052673;0.192909;-0.260207;-0.116931;
0.045606;0.045525;1.017994;-0.135336;0.289412;0.157878;
0.075147;0.028755;1.057651;-0.303275;0.075671;0.188412;
0.032666;0.015422;1.036501;0.162374;0.068038;-0.124565;
0.020943;0.025107;1.020535;0.414283;0.022236;-0.139832;
0.027648;0.027629;1.037588;0.139473;-0.176237;-0.055863;
0.050503;0.027841;1.009470;-0.089534;0.136740;-0.078763;
0.086813;0.043164;1.037182;-0.356710;0.297045;0.180779;
0.038834;0.002945;1.012866;-0.089534;-0.031199;-0.055863;
0.017571;0.018246;1.012541;0.399015;0.022236;-0.078763;
0.021400;0.034422;1.039314;0.376115;-0.244940;-0.025328;
0.059054;0.035219;1.019017;-0.188771;0.121473;0.028107;
0.090688;0.040525;1.044065;-0.440679;0.106205;0.089176;
0.029593;0.014423;1.011430;0.063138;-0.015932;-0.032962;
0.024353;0.025252;1.019115;0.276878;-0.153337;-0.063496;
0.031884;0.036267;1.030662;0.124206;-0.077001;0.058641;
0.085602;0.052658;1.040245;-0.562817;0.098572;0.104443;
0.029789;-0.000021;1.023484;-0.005565;0.190175;-0.353573;
0.062974;0.043789;1.025327;-0.020832;-0.275474;0.356351;
0.039103;0.019046;1.029533;0.238710;0.235977;-0.338305;
0.014453;0.030733;1.026655;-0.120069;-0.038833;0.157878;
0.023963;0.020218;1.026393;0.086038;-0.115169;-0.071130;
0.065905;0.026699;1.013840;-0.120069;-0.214405;-0.032962;
0.040566;0.007912;0.996533;0.032603;-0.000665;0.043374;
0.026753;0.027170;1.008877;0.147107;-0.008298;0.066275;
0.049520;0.036439;1.051023;-0.181137;0.060404;0.180779;
0.053897;0.031733;1.048074;-0.181137;-0.122802;-0.017695;
-0.001203;0.006020;1.005476;0.078405;0.136740;-0.147466;
0.056117;0.036509;1.050627;-0.089534;0.182541;0.051008;
0.019451;0.008736;1.022974;0.063138;-0.275474;-0.216168;
0.067975;0.033438;1.034566;-0.097168;0.052770;0.043374;
0.061091;0.037288;1.054142;0.024970;-0.000665;-0.010061;
0.008261;0.027102;1.015480;0.124206;-0.023565;0.249481;
0.071243;0.037425;1.063361;-0.104801;-0.145703;0.127343;
0.041344;0.019868;1.011431;0.116573;-0.031199;0.073908;
0.025442;0.011225;1.023340;0.047870;0.006969;-0.178000;
0.024871;0.019244;1.006528;0.139473;-0.092268;-0.032962;
0.044348;0.026373;1.029714;-0.112435;0.129106;-0.216168;
0.048032;0.035172;1.035779;-0.219305;-0.183871;0.150244;
0.035583;0.020638;1.016510;0.345580;0.106205;0.073908;
0.060697;0.028274;1.039047;0.055504;0.121473;0.173145;
0.047703;0.020415;1.027959;0.040237;0.068038;-0.277237;
0.037867;0.041778;1.037693;0.093672;-0.031199;-0.055863;
0.055243;0.035166;1.044955;-0.150603;-0.115169;-0.017695;
0.046024;0.042479;1.041988;0.131840;-0.290741;-0.124565;
0.067399;0.025637;1.019731;-0.211672;0.152007;0.051008;
0.048932;0.020015;1.029932;0.063138;-0.092268;0.028107;
0.031394;0.030663;1.032535;-0.104801;-0.061733;-0.071130;
0.043864;0.024483;1.018645;0.101306;-0.092268;-0.017695;
0.025125;0.010672;1.019895;0.032603;-0.092268;-0.239069;
0.047289;0.023253;1.023335;0.124206;0.106205;0.028107;
0.051700;0.027426;1.027382;0.162374;-0.038833;0.005206;
0.040226;0.023186;1.025441;-0.005565;0.251244;0.127343;
0.040673;0.029690;1.035350;-0.204038;0.045137;0.196046;
0.033635;0.017525;1.010061;0.055504;-0.214405;0.051008;
0.043524;0.016935;1.020492;0.078405;0.045137;-0.048229;
0.050673;0.031518;1.027181;-0.036099;-0.099901;0.043374;
0.044397;0.038300;1.045092;0.032603;0.197809;-0.010061;
0.031244;0.023764;1.028019;0.055504;-0.222039;-0.032962;
0.038558;0.030838;1.037544;0.017336;0.060404;-0.032962;
0.041917;0.025580;1.033592;0.047870;-0.344176;-0.040595;
0.043217;0.022688;1.031606;-0.188771;0.159641;0.058641;
0.031083;0.032202;1.022009;0.147107;-0.183871;-0.200901;
0.043697;0.035483;1.021255;0.147107;-0.092268;-0.071130;
0.051380;0.030847;1.045818;0.024970;-0.122802;0.104443;
0.046182;0.031237;1.039620;0.078405;0.037503;0.020473;
0.047732;0.035101;1.031851;0.292145;-0.015932;0.043374;
0.035218;0.021925;1.039329;0.078405;-0.214405;0.005206;
0.030222;0.025312;1.037345;0.238710;-0.176237;0.066275;
0.042686;0.031000;1.034907;0.093672;0.052770;-0.132199;
0.055928;0.039338;1.044535;-0.036099;-0.023565;0.073908;
0.036251;0.023884;1.036429;0.040237;-0.046466;0.089176;
0.047183;0.041309;1.041497;-0.104801;0.022236;0.173145;
0.044812;0.020557;1.030617;0.024970;0.129106;-0.017695;
0.050130;0.022826;1.017974;-0.089534;0.006969;0.157878;
0.031008;0.015168;1.041378;-0.036099;0.014602;-0.055863;
0.039829;0.027684;1.034328;0.063138;0.197809;-0.116931;
0.040353;0.011429;1.004428;0.086038;-0.046466;-0.040595;
0.027153;0.028990;1.032205;0.108939;0.045137;0.012840;
0.038746;0.021018;1.032254;0.108939;0.029870;0.081542;
0.044730;0.023963;1.030420;-0.142969;-0.061733;-0.086397;
0.038340;0.030141;1.023798;0.070771;0.014602;-0.063496;
0.033272;0.014143;1.013440;0.070771;0.075671;-0.162733;
0.057065;0.032313;1.027038;-0.013198;0.228343;-0.032962;
0.058476;0.032803;1.039326;-0.066633;0.144373;0.173145;
0.040978;0.028820;1.024797;0.040237;-0.092268;0.119710;
0.053527;0.042748;1.035477;0.147107;0.014602;0.089176;
0.038971;0.028462;1.040458;-0.081901;-0.054100;-0.116931;
0.041987;0.034034;1.044750;-0.295641;0.083305;-0.246702;
0.053642;0.040071;1.035440;-0.295641;0.144373;-0.040595;
0.037628;0.033394;1.031928;-0.028466;0.152007;0.058641;
0.045954;0.024949;1.027019;-0.059000;-0.038833;0.043374;
0.027918;0.006468;1.006386;-0.013198;-0.084634;0.073908;
0.046698;0.023603;1.032650;-0.142969;0.113839;-0.116931;
0.040905;0.024340;1.035521;-0.142969;0.068038;-0.170366;
0.036978;0.012963;1.020587;-0.074267;-0.092268;0.020473;
0.033657;0.013840;1.024966;0.154741;-0.008298;-0.040595;
0.035692;0.018205;1.033396;0.238710;0.068038;0.005206;
0.028305;0.020610;1.038966;0.047870;-0.153337;-0.032962;
0.039160;0.030036;1.030674;0.276878;0.045137;-0.010061;
0.040288;0.023253;1.029856;0.086038;-0.160970;-0.147466;
0.039730;0.021766;1.030072;-0.127702;0.068038;-0.101664;
0.042956;0.018933;1.025663;-0.074267;-0.099901;-0.010061;
0.032098;0.019023;1.017663;-0.013198;-0.046466;0.035740;
0.033077;0.022796;1.022391;0.200542;-0.153337;0.112076;
0.048443;0.021846;1.023331;0.002069;0.197809;0.058641;
0.052790;0.024560;1.027846;0.017336;-0.069367;0.081542;
0.046856;0.017479;1.030111;-0.066633;0.121473;-0.101664;
0.047849;0.014509;1.023706;0.185275;0.083305;-0.155099;
0.030553;0.024702;1.027777;0.108939;-0.061733;-0.086397;
0.046070;0.030885;1.032501;-0.120069;-0.306008;0.188412;
0.041559;0.036143;1.023441;0.116573;-0.115169;0.089176;
0.046021;0.030118;1.013363;0.086038;-0.054100;-0.055863;
0.042393;0.028832;1.020894;0.070771;0.045137;-0.010061;
0.034843;0.027123;1.029100;-0.036099;-0.168604;-0.048229;
0.048596;0.027127;1.033954;-0.127702;0.106205;0.012840;
0.043413;0.026373;1.032889;-0.142969;0.312312;0.165511;
0.050277;0.022771;1.047402;-0.089534;-0.099901;0.134977;
0.034338;0.018008;1.024301;0.047870;0.090938;-0.010061;
0.041760;0.029138;1.027265;-0.257473;0.106205;0.012840;
0.039251;0.025249;1.036492;0.154741;-0.054100;-0.002428;
0.032994;0.029464;1.028617;-0.150603;0.068038;-0.094031;
0.056221;0.033107;1.034149;-0.059000;-0.328909;0.180779;
0.044971;0.016769;1.037921;0.009702;0.167274;-0.010061;
0.038745;0.017523;1.026563;0.009702;-0.252573;0.173145;
0.035590;0.020182;1.018710;0.002069;0.060404;0.112076;
0.037942;0.012762;1.020352;0.032603;-0.015932;-0.300137;
0.052925;0.033548;1.041956;-0.005565;0.006969;-0.200901;
0.042279;0.023844;1.030384;0.024970;0.090938;-0.193267;
0.048550;0.030804;1.035478;-0.028466;0.060404;0.234214;
0.036849;0.016087;1.017933;-0.112435;0.022236;0.112076;
0.052443;0.021426;1.031474;-0.188771;-0.038833;0.165511;
0.035203;0.016793;1.038518;-0.043733;0.220709;-0.048229;
0.043490;0.037153;1.036234;0.063138;-0.008298;-0.139832;
0.024412;0.020431;1.022724;0.253977;0.152007;-0.246702;
0.047792;0.038196;1.043422;-0.081901;-0.008298;0.081542;
0.033801;0.020965;1.028260;-0.059000;0.098572;-0.048229;
0.047383;0.037314;1.034330;-0.142969;0.090938;0.272382;
0.043427;0.027547;1.029718;0.040237;-0.122802;0.028107;
0.039548;0.029023;1.026742;-0.120069;0.083305;-0.040595;
0.036786;0.029999;1.036035;0.055504;-0.160970;-0.055863;
0.049478;0.025679;1.031984;-0.112435;0.037503;-0.025328;
0.046865;0.023282;1.009842;0.063138;-0.168604;-0.124565;
0.041072;0.020541;1.025169;0.009702;-0.023565;0.165511;
0.024571;0.017569;1.026608;0.276878;-0.008298;0.257114;
0.036137;0.019340;1.026062;0.253977;0.174908;-0.078763;
0.051541;0.025652;1.040105;-0.097168;-0.077001;-0.124565;
0.058516;0.036554;1.028837;-0.013198;0.045137;-0.025328;
0.038816;0.028991;1.026976;0.086038;-0.176237;-0.071130;
0.060343;0.023955;1.028190;0.108939;0.098572;0.035740;
0.039214;0.017524;1.025099;0.078405;-0.031199;0.295282;
0.044352;0.033116;1.023927;0.009702;0.342847;0.241847;
0.032024;0.017090;1.019105;0.055504;-0.069367;-0.338305;
0.045623;0.031139;1.034706;0.017336;0.159641;-0.071130;
0.038994;0.020319;1.016799;0.170008;-0.168604;-0.155099;
0.043640;0.020786;1.033546;-0.013198;-0.031199;-0.017695;
0.043398;0.022863;1.026217;0.002069;-0.138069;0.211313;
0.035456;0.026332;1.022966;-0.089534;0.144373;0.150244;
0.036636;0.021922;1.017524;0.200542;-0.046466;-0.078763;
0.036026;0.022483;1.024635;0.192909;-0.145703;-0.032962;
0.057404;0.018465;1.029294;-0.013198;0.182541;-0.071130;
0.033967;0.023228;1.032464;0.093672;-0.115169;-0.200901;
0.047057;0.026519;1.030736;0.055504;-0.061733;0.196046;
0.039308;0.018784;1.027570;0.208176;-0.153337;-0.055863;
0.039356;0.036502;1.021943;-0.081901;0.106205;0.028107;
0.049844;0.021862;1.036593;0.032603;-0.008298;-0.078763;
0.042626;0.042578;1.043412;-0.120069;0.190175;-0.147466;
0.051925;0.025794;1.031775;0.101306;0.052770;0.165511;
0.033211;0.015950;1.020577;0.139473;-0.077001;-0.086397;
0.043944;0.026442;1.035840;-0.036099;-0.130436;0.272382;
0.050704;0.024812;1.035422;0.086038;-0.160970;0.028107;
0.042314;0.035505;1.027366;0.002069;-0.061733;-0.002428;
0.045952;0.015177;1.025651;0.017336;0.098572;-0.048229;
0.030682;0.022736;1.026279;-0.028466;-0.313642;-0.078763;
0.034995;0.014948;1.029661;0.002069;-0.107535;-0.002428;
0.026668;0.018487;1.015616;-0.020832;0.205442;0.112076;
0.042035;0.036867;1.038171;-0.165870;-0.069367;0.127343;
0.039523;0.023417;1.026905;0.093672;0.197809;-0.048229;
0.047243;0.022509;1.022588;0.070771;0.205442;-0.155099;
0.032229;0.021712;1.017704;-0.097168;-0.069367;-0.216168;
0.028590;0.029720;1.027332;0.002069;0.014602;-0.017695;
0.039427;0.014007;1.017204;0.070771;0.068038;0.089176;
0.039985;0.033412;1.025340;0.238710;-0.206772;0.073908;
0.049085;0.034583;1.025241;0.047870;-0.275474;0.134977;
0.037833;0.028014;1.030136;0.078405;-0.061733;-0.216168;
0.033436;0.036194;1.037304;0.116573;-0.054100;-0.170366;
0.023733;0.020455;1.026638;0.047870;-0.122802;-0.055863;
0.035685;0.020979;1.022892;0.253977;-0.054100;0.241847;
0.018383;0.007899;1.019268;0.009702;-0.160970;-0.155099;
0.033376;0.043100;1.026123;-0.120069;0.037503;-0.116931;
0.043533;0.018587;1.033513;0.024970;-0.015932;-0.109298;
0.046952;0.017794;1.017856;0.070771;0.083305;-0.017695;
0.030449;0.024609;1.038564;0.017336;-0.061733;-0.116931;
0.027008;0.033951;1.021731;0.024970;-0.099901;-0.017695;
0.041288;0.020290;1.023942;0.170008;0.060404;0.180779;
0.031400;0.014374;1.018811;-0.112435;0.159641;0.066275;
0.042551;0.039234;1.031592;-0.104801;-0.069367;0.020473;
0.044661;0.038545;1.027443;0.063138;-0.122802;-0.078763;
0.045689;0.025148;1.024811;-0.005565;0.281778;-0.048229;
0.050756;0.010908;1.034730;0.177641;0.190175;0.089176;
0.031235;0.026785;1.034683;-0.081901;0.182541;-0.048229;
0.033055;0.042543;1.022432;-0.028466;0.060404;-0.170366;
0.042884;0.027931;1.024321;0.040237;0.174908;0.066275;
0.054597;0.016594;1.027265;0.177641;0.319946;-0.078763;
0.030322;0.014703;1.028365;-0.112435;0.289412;-0.162733;
0.042426;0.045396;1.036584;-0.127702;-0.069367;0.127343;
0.031696;0.035389;1.038003;0.024970;-0.130436;0.089176;
0.035845;0.028352;1.026434;0.131840;-0.275474;0.081542;
0.062291;0.011487;1.036128;0.063138;0.266511;-0.025328;
0.054013;0.014133;1.010792;-0.127702;-0.000665;-0.025328;
0.048064;0.035187;1.019841;-0.074267;0.182541;-0.216168;
0.011067;0.038280;1.020341;0.376115;0.136740;-0.147466;
0.039028;0.018020;1.009409;0.139473;-0.061733;-0.017695;
0.059415;0.012340;1.037326;0.299779;-0.306008;0.142611;
0.041846;0.014112;1.033179;-0.188771;0.022236;-0.155099;
0.057897;0.038496;1.030328;-0.547549;0.083305;-0.223802;
0.040208;0.047129;1.028976;-0.310908;0.144373;-0.086397;
0.015363;0.021168;1.019663;0.330313;-0.160970;-0.216168;
0.041693;0.003250;1.024436;0.505886;-0.138069;0.112076;
0.050470;-0.000076;1.034812;0.246344;-0.199138;0.165511;
0.058539;0.008427;1.022544;-0.272740;-0.038833;0.028107;
0.070447;0.037075;1.041766;-0.371977;0.289412;0.058641;
0.038095;0.070850;1.041061;-0.555183;0.182541;-0.155099;
0.018132;0.040917;1.027346;-0.036099;0.144373;-0.086397;
0.004725;0.016608;1.026557;0.521153;-0.359443;0.035740;
0.017555;-0.004786;1.021524;0.528786;-0.054100;0.020473;
0.015870;-0.027872;1.015525;0.253977;-0.015932;-0.071130;
0.049312;0.019013;1.043655;-0.211672;0.014602;-0.032962;
0.066474;0.050092;1.044841;-0.455946;0.068038;-0.025328;
0.060022;0.071785;1.032313;-0.814725;0.335213;-0.162733;
0.075801;0.092421;1.040929;-0.379611;0.235977;0.119710;
0.059673;0.057257;1.040434;0.086038;0.228343;0.241847;
0.021076;0.015943;1.027025;0.353214;-0.199138;0.043374;
0.021490;-0.010161;1.024445;0.490618;-0.222039;0.028107;
0.005137;-0.024867;1.006343;0.475351;-0.176237;0.035740;
0.005891;-0.021317;1.013272;0.376115;-0.252573;-0.124565;
0.008005;-0.010824;1.023753;0.040237;-0.283108;0.028107;
0.013494;0.006728;1.005204;-0.135336;-0.077001;0.020473;
0.035645;0.027211;1.015625;-0.341443;0.037503;0.012840;
0.046805;0.048124;1.025161;-0.112435;-0.107535;0.112076;
0.055845;0.039248;1.038647;-0.234572;0.083305;0.028107;
0.054154;0.052436;1.029006;-0.341443;0.197809;0.066275;
0.079240;0.058403;1.037296;-0.204038;0.190175;0.028107;
0.078747;0.052795;1.038924;-0.349076;0.136740;0.058641;
0.068411;0.054101;1.028987;0.032603;0.106205;0.028107;
0.088779;0.058152;1.038654;-0.074267;0.335213;0.203679;
0.071625;0.033820;1.031926;0.070771;0.075671;0.150244;
0.058567;0.033577;1.025116;0.147107;0.075671;0.127343;
0.047177;0.023616;1.031921;0.345580;0.121473;-0.002428;
0.025426;0.026326;1.022333;-0.066633;0.098572;-0.094031;
0.035279;0.010580;1.030092;0.032603;0.289412;-0.071130;
0.042795;0.032507;1.037628;0.177641;-0.008298;0.104443;
0.030460;0.012515;1.028335;0.215809;0.006969;0.218947;
0.020759;-0.001832;1.012785;0.208176;0.068038;0.096809;
0.014981;-0.005965;1.016076;0.147107;0.022236;-0.101664;
0.023879;0.001304;1.033718;0.185275;-0.031199;-0.147466;
0.036949;0.013396;1.016914;0.040237;-0.267840;0.089176;
0.040602;0.011001;1.024533;-0.051366;0.289412;0.081542;
0.008947;0.000344;1.017308;0.231077;0.068038;0.356351;
0.016889;0.006876;1.020949;-0.028466;0.243610;0.134977;
0.025341;0.002042;1.012416;0.093672;0.022236;0.035740;
0.015029;0.008973;1.020462;-0.142969;-0.084634;-0.208534;
0.027483;0.011387;1.010865;-0.005565;-0.122802;-0.124565;
0.035816;0.014825;1.018390;-0.051366;-0.008298;0.180779;
0.037550;0.015623;1.017200;0.116573;0.197809;0.150244;
0.051216;0.017156;1.010060;0.139473;-0.008298;0.150244;
0.057193;0.024534;1.028153;-0.127702;0.029870;0.280015;
0.062526;0.018227;1.029364;0.024970;0.396282;-0.002428;
0.056250;0.018232;1.017013;0.055504;0.312312;-0.017695;
0.080132;0.040206;1.023557;-0.020832;0.083305;-0.086397;
0.077172;0.043073;1.029442;-0.020832;0.319946;0.188412;
0.056030;0.027322;1.022537;0.284512;-0.015932;0.073908;
0.042170;0.022781;1.007806;0.231077;0.144373;-0.086397;
0.031048;0.022163;1.019165;0.376115;-0.061733;-0.216168;
0.018592;0.026736;1.039898;0.238710;-0.015932;-0.315405;
0.022785;0.023473;1.036232;0.353214;-0.092268;-0.155099;
0.035583;-0.000969;1.039737;0.108939;-0.122802;-0.170366;
0.044753;0.014451;1.030037;0.002069;0.022236;0.173145;
0.045607;0.021796;1.012500;-0.142969;-0.145703;0.112076;
0.078619;0.049858;1.021714;-0.364343;0.022236;0.066275;
0.071895;0.038512;1.035186;-0.127702;0.449717;-0.002428;
0.041383;0.028985;1.017939;0.032603;-0.015932;0.096809;
0.006170;-0.006845;1.018390;0.231077;-0.015932;-0.017695;
0.002645;0.004511;1.006244;0.315046;-0.138069;-0.178000;
0.055935;0.024922;1.042364;0.040237;-0.015932;-0.063496;
0.060027;0.024813;1.038006;-0.310908;0.014602;0.035740;
0.084303;0.045066;1.025403;-0.364343;0.068038;0.150244;
0.059947;0.041932;1.025012;0.070771;0.251244;0.165511;
0.002831;0.022145;1.011162;0.337947;0.068038;-0.063496;
-0.011310;0.009212;1.024015;0.643290;-0.160970;-0.040595;
0.022474;0.002673;1.015082;0.185275;-0.084634;-0.292504;
0.073392;0.022336;1.041103;-0.211672;-0.176237;0.012840;
0.085576;0.047977;1.036989;-0.425412;-0.099901;0.386885;
0.040574;0.047019;1.020151;-0.242206;0.052770;0.150244;
0.018379;0.041162;1.026618;0.215809;0.174908;-0.094031;
-0.012539;0.007972;1.009757;0.345580;-0.031199;0.035740;
0.039693;-0.004321;1.030183;-0.020832;-0.138069;-0.025328;
0.090414;0.033493;1.030717;-0.318542;-0.000665;0.127343;
0.060725;0.051088;1.031777;-0.295641;0.152007;0.180779;
-0.015732;0.017811;1.009609;0.154741;0.075671;0.127343;
-0.020725;0.004460;1.013513;0.628023;-0.199138;-0.155099;
0.009629;-0.009911;1.013981;0.070771;-0.160970;-0.208534;
0.097825;0.029029;1.034436;-0.303275;0.136740;0.104443;
0.078083;0.053763;1.040645;-0.585717;0.075671;0.058641;
-0.002406;0.037399;1.021363;0.177641;-0.015932;-0.048229;
-0.009907;0.002474;1.025409;0.566954;-0.000665;-0.300137;
0.014362;-0.011225;1.025309;0.162374;-0.092268;0.020473;
0.107145;0.021806;1.026371;-0.288007;0.144373;0.020473;
0.078096;0.054703;1.038207;-0.394878;0.106205;0.005206;
-0.032451;0.028102;1.001674;0.360847;-0.191504;-0.071130;
0.000923;-0.005563;1.023484;0.360847;0.113839;-0.223802;
0.116680;0.027613;1.042039;-0.074267;0.075671;0.020473;
0.124333;0.028720;1.025489;-0.486481;0.289412;0.218947;
0.024512;0.043089;1.021338;-0.158237;-0.077001;-0.094031;
-0.053409;0.013725;1.021766;0.544054;-0.405245;-0.223802;
0.085411;0.015247;1.033324;0.024970;-0.244940;-0.002428;
0.118633;0.040502;1.050101;-0.669687;0.457351;0.012840;
0.045181;0.039991;1.024529;0.009702;0.098572;-0.010061;
-0.063108;0.022666;1.031813;0.399015;-0.374711;-0.025328;
0.080122;0.022528;1.031883;0.131840;-0.038833;0.104443;
0.133243;0.032737;1.037444;-0.776557;0.419183;0.196046;
-0.032426;0.022800;1.022687;0.093672;0.075671;-0.116931;
-0.007588;0.024096;1.029189;0.597489;-0.176237;-0.116931;
0.083291;0.041742;1.034904;-0.356710;0.174908;0.173145;
0.109380;0.043356;1.042410;-0.639153;0.327579;-0.094031;
-0.067331;0.015413;1.016444;0.261611;0.014602;-0.010061;
0.042258;0.016620;1.036654;0.253977;-0.229672;0.173145;
0.155114;0.044791;1.039156;-0.600985;0.274144;-0.002428;
0.055160;0.019476;1.022411;-0.196404;0.228343;-0.231435;
-0.077448;0.014850;1.011387;0.551687;-0.313642;-0.078763;
0.092509;0.042575;1.044856;-0.135336;-0.130436;0.165511;
0.094122;0.029980;1.028266;-0.410145;0.373381;-0.200901;
-0.095356;0.006989;1.016659;0.605122;-0.191504;-0.116931;
0.088896;0.039664;1.041084;0.223443;-0.206772;0.280015;
0.159330;0.036899;1.035668;-0.715488;0.258877;0.104443;
0.005448;0.009178;1.016160;0.177641;0.068038;-0.552046;
-0.032137;0.024248;1.020750;0.566954;-0.405245;0.081542;
0.156342;0.046495;1.051705;-0.524649;0.136740;0.073908;
0.016276;0.018131;1.025763;-0.371977;0.327579;-0.208534;
-0.025569;0.022896;1.023276;0.628023;-0.290741;0.005206;
0.066583;0.040420;1.033177;-0.020832;-0.099901;0.341084;
0.099531;0.029797;1.031283;-0.600985;0.510786;-0.086397;
-0.061230;0.013366;1.023122;0.544054;-0.275474;-0.254336;
0.129871;0.057754;1.042174;-0.448313;-0.191504;0.379252;
0.034206;0.007169;1.017030;-0.265107;0.449717;-0.384107;
-0.020929;0.040097;1.033891;0.628023;-0.313642;-0.170366;
0.084879;0.036803;1.025292;-0.303275;0.006969;0.554824;
0.065347;0.014070;1.035964;-0.242206;0.350480;-0.429908;
-0.037078;0.013734;1.018320;0.475351;-0.214405;-0.048229;
0.132071;0.044127;1.036613;-0.524649;0.014602;0.280015;
-0.016174;-0.001683;1.028692;0.162374;0.174908;-0.429908;
0.070043;0.040136;1.018754;0.238710;-0.298375;0.333450;
0.104597;0.037627;1.016265;-0.463580;0.403915;-0.055863;
-0.028916;-0.007205;1.009794;0.597489;0.205442;-0.574947;
0.094933;0.064986;1.035407;-0.066633;-0.260207;0.692229;
0.031221;0.008852;1.025350;-0.303275;0.411549;-0.475710;
0.014980;0.038926;1.018199;0.521153;-0.298375;0.119710;
0.129288;0.067169;1.037643;-0.494114;-0.000665;0.447954;
-0.020838;-0.023793;1.015799;0.437183;-0.031199;-0.712351;
0.070113;0.055329;1.023880;-0.158237;-0.351810;0.814366;
0.026902;0.002461;1.036230;-0.158237;0.350480;-0.437542;
0.023031;0.058144;1.038946;0.315046;-0.229672;0.051008;
0.093483;0.030511;1.033415;-0.562817;0.037503;0.524290;
-0.035081;-0.025906;1.018509;0.437183;0.068038;-0.834489;
0.071313;0.055825;1.020471;-0.150603;-0.084634;0.768565;
0.014028;-0.021102;1.017804;0.024970;0.426816;-0.597847;
0.035145;0.042295;1.015101;0.284512;-0.336543;0.073908;
0.061695;0.021120;1.029884;-0.532282;0.220709;0.203679;
-0.021744;-0.016772;1.032318;0.315046;-0.069367;-0.498611;
0.099851;0.061266;1.014579;-0.501748;0.121473;0.875435;
-0.016201;-0.019379;1.035792;0.185275;0.106205;-0.643649;
0.079413;0.068320;1.014392;0.124206;0.045137;0.699862;
0.023223;-0.017261;1.033440;-0.249840;0.358114;-0.254336;
0.054328;0.068882;1.019193;0.391382;-0.336543;-0.025328;
0.043234;-0.001951;1.030513;-0.707855;0.190175;0.241847;
-0.025653;-0.017896;1.018268;0.811229;-0.008298;-0.468076;
0.109556;0.061657;1.026003;-0.417778;0.068038;0.776198;
-0.038593;-0.040352;1.009176;0.544054;0.090938;-0.880290;
0.113483;0.082321;1.025623;-0.539916;-0.321275;0.715130;
-0.031737;-0.027436;1.036435;0.482985;0.388648;-0.658916;
0.116264;0.086270;1.036510;-0.326175;-0.252573;0.547191;
-0.029424;-0.038411;1.011541;0.032603;0.434450;-0.254336;
0.111925;0.084704;1.010187;0.154741;-0.489214;0.127343;
0.054517;0.006507;1.021232;-0.394878;0.358114;0.028107;
0.029077;0.034143;1.011219;0.597489;-0.054100;-0.582580;
0.060719;-0.002904;1.007206;-0.623885;0.220709;0.547191;
0.010414;0.043932;1.042484;0.933367;0.022236;-0.666550;
0.109784;0.089570;1.033523;-0.868160;-0.115169;0.944137;
-0.046045;-0.029638;1.016337;0.818863;0.113839;-0.803954;
0.101716;0.083849;1.035778;-0.776557;-0.267840;0.493756;
-0.009932;-0.017074;1.039347;0.689092;0.129106;-0.636015;
0.090463;0.062624;1.038743;-0.852893;0.022236;0.447954;
0.002114;-0.002489;1.046596;0.773061;0.205442;-0.437542;
0.108591;0.098157;1.041233;-0.852893;-0.168604;0.707496;
-0.012405;-0.048168;1.021695;0.589855;0.144373;-0.582580;
0.110676;0.080468;1.041741;-0.730756;-0.481581;0.463221;
-0.003683;-0.027862;0.997347;0.879931;0.136740;-0.544412;
0.085969;0.052763;1.012542;-0.898695;-0.244940;0.356351;
0.037991;-0.008385;0.990865;0.971534;0.014602;-0.147466;
0.039998;0.001567;1.031744;-0.807091;0.167274;0.707496;
-0.014085;-0.029137;1.028323;0.803596;-0.283108;-0.261970;
0.045690;0.058648;1.031673;-0.761290;0.426816;0.203679;
0.061622;0.027085;1.021142;0.734893;-0.138069;-0.338305;
-0.006237;0.002897;1.042387;-0.455946;0.396282;-0.025328;
0.096570;0.074737;1.013012;0.139473;-0.336543;-0.040595;
-0.024171;-0.051524;1.031288;0.238710;0.235977;-0.185634;
0.113987;0.093520;1.022850;-0.608618;-0.298375;0.669328;
-0.031624;-0.051971;1.042211;0.666191;0.327579;-0.292504;
0.094361;0.095092;1.011805;-0.921595;-0.099901;0.348717;
0.007180;-0.044919;1.012211;1.017336;-0.153337;-0.452809;
0.013973;0.051438;1.043870;-0.891061;0.487885;-0.078763;
0.100721;0.050730;1.008063;0.353214;-0.428146;0.089176;
-0.029081;-0.030822;1.046232;-0.181137;0.480251;-0.147466;
0.067044;0.093433;1.022182;-0.379611;-0.359443;0.295282;
0.043568;-0.024182;1.026271;0.986802;-0.160970;-0.208534;
-0.012673;0.029974;1.048084;-0.921595;0.220709;-0.063496;
0.095573;0.066291;1.005518;0.773061;-0.702955;-0.017695;
-0.033191;0.007400;1.039372;-0.036099;0.579488;-0.155099;
0.092222;0.063411;1.002977;-0.585717;-0.283108;0.341084;
0.045967;-0.033657;1.020528;0.872298;-0.122802;0.005206;
-0.011243;0.044657;1.047091;-1.028466;0.358114;-0.002428;
0.120023;0.059758;1.011411;0.292145;-0.557917;0.127343;
0.015146;-0.015559;1.026483;0.185275;0.541320;-0.407008;
0.077551;0.067847;1.004795;-0.570450;-0.160970;0.066275;
0.082569;-0.019700;1.020269;0.941000;-0.359443;-0.071130;
-0.037163;0.016230;1.039444;-0.700221;0.358114;-0.094031;
0.082371;0.048941;1.013171;-0.326175;-0.496848;0.379252;
0.070913;-0.003649;1.022789;0.879931;-0.061733;-0.109298;
-0.034890;0.022221;1.041525;-0.639153;0.510786;-0.414641;
0.073131;0.050651;1.010613;0.200542;-0.611352;0.203679;
-0.007141;0.003375;1.027913;0.292145;0.258877;-0.254336;
0.021088;0.048529;1.038043;-0.631519;0.358114;0.089176;
0.118837;0.009250;0.995702;0.383748;-0.626619;0.333450;
0.026746;0.011137;1.029733;0.124206;0.289412;-0.261970;
-0.031073;0.033924;1.028753;-0.417778;0.075671;-0.086397;
0.093449;0.012074;1.006172;0.391382;-0.756390;0.043374;
-0.009999;0.032167;1.039081;0.108939;0.449717;-0.254336;
0.013752;0.033997;1.035521;-0.555183;0.327579;0.058641;
0.105791;0.008556;0.991338;0.475351;-0.641886;0.165511;
0.032172;0.018194;1.044381;0.269244;0.319946;-0.323038;
0.037564;0.033556;1.026534;-0.394878;0.464984;-0.162733;
0.102626;0.021224;1.001286;0.299779;-0.557917;-0.063496;
0.018594;0.031391;1.041437;-0.028466;0.251244;-0.231435;
-0.015461;0.027658;1.048992;-0.555183;0.205442;-0.048229;
0.080777;0.032924;1.006785;0.139473;-0.741123;0.119710;
0.004926;0.016360;1.042496;0.345580;-0.122802;-0.101664;
-0.011662;0.009356;1.051968;-0.295641;0.541320;-0.231435;
0.101736;0.028475;0.999907;0.040237;-0.771657;0.257114;
0.099043;0.026030;1.008416;0.330313;-0.153337;0.020473;
-0.022242;0.014842;1.045276;-0.570450;0.785595;-0.277237;
-0.008621;0.033549;1.045741;-0.059000;-0.344176;0.119710;
0.099187;0.031977;0.997715;0.467718;-0.283108;0.066275;
-0.002686;0.022501;1.054248;-0.112435;0.831396;-0.200901;
-0.019213;0.014152;1.054873;-0.333809;0.602389;-0.162733;
0.081612;0.015593;0.985702;-0.081901;-0.764024;0.363985;
0.102433;0.026830;0.984935;0.429550;-0.306008;0.188412;
-0.000505;0.014665;1.044601;-0.257473;0.877198;-0.223802;
0.039453;0.021006;1.012156;0.017336;0.060404;-0.315405;
0.107719;0.032327;0.976507;0.269244;-1.176237;0.402153;
0.070820;0.036509;1.035142;0.078405;0.251244;-0.048229;
-0.025747;0.031161;1.089603;-0.196404;0.938267;-0.223802;
-0.009738;0.021982;1.058799;-0.112435;-0.435779;0.150244;
0.092479;0.018506;0.965300;0.353214;-0.931962;0.028107;
0.024466;0.032614;1.055761;0.299779;0.388648;-0.086397;
-0.026019;0.017411;1.100680;-0.280374;0.808496;-0.193267;
0.001082;0.005072;1.033450;-0.104801;0.121473;0.150244;
0.079475;0.017393;0.965589;0.231077;-1.160970;0.211313;
0.044181;0.040210;1.076750;0.307412;0.258877;0.028107;
-0.023378;0.028895;1.110447;-0.219305;1.083305;-0.468076;
-0.023096;0.009581;1.055241;0.040237;0.159641;-0.063496;
0.047494;0.007565;0.949298;0.078405;-1.611352;0.157878;
0.080504;0.044080;1.037351;0.391382;-0.405245;0.081542;
0.030490;0.047301;1.123986;-0.135336;1.281778;0.051008;
-0.023754;0.019455;1.116436;-0.181137;0.800862;-0.101664;
-0.008771;0.002437;1.019049;-0.142969;-0.535016;-0.017695;
0.050916;0.000018;0.921773;0.215809;-1.160970;0.012840;
0.104134;0.021473;0.912296;0.261611;-1.160970;0.165511;
0.110133;0.044996;1.001492;0.032603;0.732160;0.127343;
-0.020946;0.023200;1.130017;-0.219305;1.228343;0.104443;
-0.034224;-0.000620;1.027716;0.047870;-0.306008;-0.063496;
0.018008;-0.010710;0.930713;0.177641;-1.099901;0.096809;
0.070927;0.006468;0.896157;0.070771;-1.367077;0.150244;
0.111399;0.031314;0.944666;0.093672;0.235977;-0.010061;
0.013234;0.048500;1.163484;-0.188771;1.503152;-0.170366;
-0.032943;0.015407;1.120170;-0.204038;1.113839;-0.292504;
-0.048981;-0.009540;1.016587;0.017336;-0.382344;-0.116931;
-0.001569;-0.011651;0.914237;0.208176;-1.382344;0.028107;
0.040918;-0.006054;0.872499;0.200542;-1.512115;0.142611;
0.104178;0.021270;0.898071;0.047870;-0.535016;0.325817;
0.138896;0.051122;0.991690;-0.036099;0.938267;-0.147466;
0.009574;0.048125;1.183535;-0.234572;1.518419;-0.178000;
-0.055254;0.011512;1.110968;-0.112435;0.945900;-0.437542;
-0.065762;-0.011403;1.011417;0.185275;-0.084634;-0.292504;
-0.058267;-0.032400;0.916809;0.292145;-1.008298;-0.132199;
-0.024914;-0.034090;0.840013;0.154741;-1.626619;0.142611;
0.020615;-0.037529;0.820747;0.284512;-1.718222;0.264748;
0.081227;-0.012158;0.838161;0.070771;-1.244940;0.310550;
0.122466;0.007392;0.871890;-0.219305;-0.634253;0.302916;
0.142865;0.118628;1.263206;-0.463580;0.953534;0.295282;
0.104590;0.106043;1.279645;-0.341443;1.602389;0.073908;
0.083422;0.114475;1.292954;-0.173504;1.930633;-0.231435;
0.041867;0.102079;1.282865;0.147107;1.541320;-0.429908;
0.022659;0.104293;1.264233;0.284512;0.777961;-0.521511;
-0.159496;-0.053212;0.861611;0.528786;-0.214405;-0.483344;
-0.158290;-0.050161;0.849411;0.276878;0.006969;-0.437542;
-0.149544;-0.059815;0.843755;0.437183;-0.031199;-0.567313;
-0.171856;-0.058344;0.851552;0.421916;0.060404;-0.468076;
-0.158089;-0.041103;0.868183;0.399015;-0.000665;-0.483344;
-0.165814;-0.038077;0.900976;0.505886;0.037503;-0.513878;
-0.152146;-0.009279;0.941560;0.750160;-0.130436;-0.674183;
-0.134911;0.015891;1.005927;0.498252;0.434450;-0.292504;
-0.103418;0.058793;1.085468;0.574588;0.235977;-0.590214;
-0.055195;0.111436;1.192608;0.643290;0.724526;-0.483344;
0.010901;0.155143;1.279518;0.467718;0.533686;-0.452809;
0.086113;0.194923;1.367727;0.437183;1.075671;-0.574947;
-0.106626;0.054849;1.042697;0.353214;1.068038;-0.353573;
-0.014428;0.138164;1.201667;0.276878;1.258877;-0.292504;
0.060251;0.196756;1.328151;-0.066633;1.220709;-0.200901;
0.151499;0.198307;1.382927;-0.242206;1.312312;-0.307771;
0.188447;0.140907;1.319351;-0.547549;1.594755;-0.032962;
0.105934;0.210725;1.348865;-0.532282;1.388648;0.081542;
0.176041;0.184149;1.350210;-0.692588;0.968801;0.058641;
0.176718;0.067465;1.219784;-0.883427;0.930633;0.150244;
0.096896;-0.077544;0.984811;-0.753656;0.632923;0.028107;
0.167984;0.088562;1.257976;-0.639153;-0.290741;0.188412;
0.103112;-0.068733;1.033826;-0.181137;-0.733489;0.203679;
-0.000958;-0.166772;0.789873;0.215809;-1.244940;0.051008;
-0.073900;-0.142639;0.713414;0.818863;-1.046466;-0.025328;
-0.067526;-0.004043;0.834940;0.666191;-0.267840;-0.269603;
0.019264;0.153501;1.070440;0.566954;0.777961;-0.239069;
0.128749;0.231110;1.299705;-0.104801;0.915366;-0.010061;
0.165756;0.148497;1.313254;-0.356710;0.953534;0.005206;
0.136165;0.232927;1.299347;-0.425412;1.022236;-0.002428;
0.153561;0.132131;1.301317;-0.746023;0.716893;0.218947;
0.099863;-0.032599;1.098798;-0.730756;-0.107535;0.249481;
-0.000463;-0.159002;0.853505;-0.181137;-0.641886;0.081542;
-0.080016;-0.147328;0.729934;0.513519;-0.756390;0.058641;
-0.048155;-0.008438;0.837113;0.704359;-0.855627;-0.139832;
0.024367;0.162315;1.072847;0.597489;-0.176237;-0.292504;
-0.052990;0.012112;0.858187;0.437183;0.449717;-0.109298;
0.039553;0.163780;1.106434;-0.127702;0.938267;0.028107;
0.126903;0.213915;1.296977;-0.387244;1.006969;0.119710;
0.158898;0.138147;1.294860;-0.677320;0.861931;-0.139832;
0.100015;-0.041067;1.085926;-0.692588;0.693992;0.073908;
0.162093;0.108520;1.275348;-0.608618;-0.122802;0.104443;
0.088795;-0.057641;1.056344;-0.280374;-0.580817;0.035740;
-0.018763;-0.164501;0.821041;0.246344;-0.970130;0.028107;
-0.076751;-0.139886;0.727882;0.803596;-0.687688;0.081542;
-0.050439;0.016760;0.867609;0.948634;-0.367077;-0.284870;
0.043475;0.171424;1.116164;0.452451;0.129106;-0.193267;
0.134491;0.226845;1.305856;0.002069;0.686358;-0.017695;
0.053219;0.189330;1.158496;-0.059000;0.953534;0.035740;
0.140273;0.220535;1.322276;-0.532282;0.991702;0.089176;
0.146638;0.098908;1.269348;-0.707855;0.869564;0.119710;
0.078877;-0.074770;1.034621;-0.776557;0.396282;0.096809;
0.154303;0.093519;1.258834;-0.433046;-0.153337;0.310550;
0.075792;-0.079257;1.021270;-0.257473;-0.718222;0.188412;
-0.022241;-0.167538;0.791276;0.299779;-1.077001;0.150244;
-0.086769;-0.124066;0.725762;0.658557;-0.939596;-0.109298;
-0.055737;0.029399;0.882676;0.742527;-0.054100;-0.139832;
0.046171;0.178776;1.126609;0.345580;0.526053;-0.162733;
0.139752;0.214435;1.323651;0.032603;0.823763;-0.162733;
0.055671;0.182462;1.147396;-0.051366;0.869564;0.073908;
0.141483;0.211967;1.315793;-0.501748;0.968801;-0.155099;
0.165734;0.114260;1.289215;-0.654420;0.648190;0.165511;
0.098319;-0.047423;1.073548;-0.738389;0.220709;0.089176;
-0.002897;-0.169374;0.818743;-0.532282;-0.405245;0.196046;
-0.069801;-0.144362;0.715409;0.032603;-1.038833;0.119710;
-0.011342;-0.160363;0.812624;0.666191;-1.038833;0.134977;
-0.080452;-0.147544;0.716438;0.849397;-0.580817;-0.162733;
-0.068432;-0.005402;0.845207;0.734893;0.205442;-0.193267;
0.020570;0.156678;1.083501;0.261611;0.571854;-0.292504;
0.115188;0.219901;1.294936;-0.036099;1.014602;-0.254336;
0.164777;0.148683;1.312507;-0.364343;1.029870;0.096809;
0.128327;0.222085;1.300794;-0.684954;0.869564;0.104443;
0.160552;0.148417;1.308274;-0.837626;0.686358;0.134977;
0.114486;-0.021487;1.110202;-0.677320;0.312312;0.142611;
0.016160;-0.143099;0.869175;-0.326175;-0.504482;0.119710;
-0.067819;-0.160752;0.721820;0.368481;-0.809825;0.104443;
-0.074048;-0.049444;0.785635;0.635657;-0.893795;-0.071130;
-0.007391;0.119169;1.010955;0.902832;-0.359443;-0.116931;
0.093043;0.219158;1.250226;0.452451;0.472618;-0.155099;
-0.004352;0.119186;1.018845;0.192909;0.777961;-0.216168;
0.096544;0.218937;1.256893;-0.081901;0.999335;-0.132199;
0.162420;0.180309;1.332550;-0.639153;0.808496;-0.002428;
0.139671;0.035132;1.198435;-0.723122;0.861931;0.188412;
0.052532;-0.106954;0.954082;-0.547549;0.464984;0.249481;
0.145067;0.046810;1.212414;-0.463580;-0.336543;0.333450;
0.051045;-0.111213;0.967977;-0.158237;-0.504482;0.134977;
-0.050522;-0.163935;0.747277;0.276878;-1.031199;-0.063496;
-0.083400;-0.104871;0.743745;0.834130;-0.695321;-0.147466;
-0.044032;0.054140;0.919004;0.582222;0.129106;-0.216168;
0.052642;0.188769;1.172212;0.231077;0.869564;-0.162733;
0.141826;0.216275;1.325914;-0.074267;1.182541;-0.094031;
0.166125;0.114872;1.279666;-0.471214;0.915366;0.051008;
0.132806;0.214938;1.314241;-0.875794;1.029870;0.073908;
0.157260;0.116039;1.288875;-0.662053;0.915366;0.188412;
0.117587;-0.023295;1.092809;-0.776557;0.449717;0.455588;
0.028562;-0.128420;0.847985;-0.394878;-0.015932;0.127343;
-0.061280;-0.150744;0.717645;-0.112435;-0.771657;0.134977;
-0.107302;-0.091744;0.736730;0.383748;-1.344176;0.142611;
-0.004464;-0.152191;0.730937;0.536420;-1.237306;-0.094031;
-0.073175;-0.128228;0.679058;0.719626;-0.870894;-0.086397;
-0.123945;-0.086952;0.736073;0.757794;-0.145703;-0.277237;
-0.129942;-0.011406;0.855036;0.574588;0.640557;-0.445176;
-0.107620;0.042893;1.011612;0.131840;1.503152;-0.353573;
-0.077674;0.094077;1.146425;0.231077;1.358114;-0.422275;
-0.033239;0.135725;1.247711;0.063138;1.495519;-0.407008;
0.025703;0.161350;1.321996;0.131840;1.442083;-0.399374;
0.071650;0.161641;1.356984;0.253977;1.319946;-0.399374;
-0.144803;0.006475;0.994860;0.147107;0.793228;-0.590214;
-0.132854;0.030783;1.051048;0.559321;0.335213;-0.574947;
-0.113166;0.046537;1.113597;0.437183;0.693992;-0.429908;
-0.099980;0.050876;1.133465;0.521153;0.190175;-0.605481;
-0.084170;0.070405;1.166588;0.589855;0.182541;-0.582580;
-0.116570;-0.083288;0.762469;0.498252;-0.489214;-0.269603;
-0.060638;0.083913;1.195809;0.131840;0.251244;-0.399374;
-0.130098;-0.086294;0.785284;0.643290;-0.206772;-0.529145;
-0.128315;-0.083108;0.797372;0.399015;-0.336543;-0.490977;
-0.120669;-0.079209;0.788464;0.360847;-0.206772;-0.414641;
-0.116906;-0.071021;0.802614;0.406649;-0.176237;-0.407008;
-0.114187;-0.072737;0.792819;0.414283;-0.794558;-0.277237;
-0.102710;-0.080369;0.783062;0.353214;-1.107535;-0.231435;
-0.076266;-0.065378;0.787088;0.261611;-1.168604;-0.208534;
-0.052285;-0.069383;0.767017;0.345580;-1.222039;-0.109298;
-0.022211;-0.065886;0.773381;0.292145;-1.886161;-0.040595;
0.019023;-0.051709;0.789621;0.261611;-1.771657;0.112076;
0.069512;-0.022487;0.803759;-0.020832;-1.947230;0.447954;
0.109171;-0.007760;0.846469;0.047870;-1.527382;0.234214;
0.148912;0.017306;0.912626;-0.097168;-1.061733;0.440321;
0.180584;0.045030;0.987289;-0.196404;-0.199138;0.478488;
0.190313;0.082517;1.085570;-0.318542;1.426816;0.089176;
-0.004056;0.053157;1.206220;-0.318542;1.861931;-0.193267;
-0.057894;0.029822;1.121496;0.024970;1.709259;-0.376473;
-0.079373;0.003883;1.034987;0.093672;0.335213;-0.254336;
-0.066728;-0.026166;0.937868;0.124206;-0.557917;-0.231435;
-0.018947;-0.032767;0.860961;0.154741;-1.420512;0.012840;
0.038683;-0.016696;0.835284;0.353214;-1.893795;0.134977;
0.102782;0.018692;0.876189;0.086038;-0.947230;0.287649;
0.133463;0.044076;0.994699;-0.005565;1.068038;-0.025328;
-0.001271;0.041953;1.180839;-0.043733;1.701625;-0.223802;
-0.042207;0.016610;1.099457;-0.112435;1.152007;-0.345939;
-0.013625;-0.008021;0.986459;-0.028466;-0.138069;-0.300137;
0.033080;-0.014078;0.900226;0.139473;-1.168604;-0.040595;
0.085335;0.018527;0.906346;0.208176;-1.519749;0.272382;
0.109759;0.052530;1.001106;0.108939;0.174908;0.051008;
0.062259;0.048968;1.099204;-0.150603;1.152007;-0.261970;
-0.021500;0.010927;1.041797;-0.463580;1.014602;-0.185634;
0.047185;0.011674;0.947882;-0.005565;-0.695321;0.173145;
0.098143;0.016899;0.919501;0.208176;-1.199138;0.104443;
0.091930;0.047998;1.000296;0.032603;0.281778;-0.063496;
0.022287;0.026278;1.080160;-0.173504;1.022236;-0.254336;
0.015182;-0.003683;1.004587;-0.135336;0.136740;0.020473;
0.096174;0.024499;0.945822;0.024970;-1.206772;0.264748;
0.098494;0.029168;0.974368;0.376115;-0.603718;0.066275;
0.019883;0.040130;1.051391;0.162374;0.907732;-0.300137;
-0.038179;0.030624;1.094078;-0.295641;0.480251;-0.086397;
0.105448;0.026551;0.955547;0.292145;-0.802191;0.058641;
0.101099;0.022463;0.974062;0.315046;-0.680054;0.264748;
-0.017621;0.021093;1.057448;-0.104801;1.144373;-0.124565;
-0.021133;0.020626;1.070634;-0.379611;0.464984;0.234214;
0.079421;0.016679;1.000645;0.215809;-0.870894;0.211313;
0.026807;0.027711;1.029239;0.330313;-0.046466;0.104443;
-0.030466;0.025731;1.067142;-0.356710;0.846663;-0.261970;
0.040141;0.030066;1.012543;-0.028466;-0.298375;-0.032962;
0.125518;0.028698;0.986270;0.444817;-0.832726;0.371618;
0.012415;0.004276;1.024771;0.360847;0.388648;-0.185634;
0.028405;0.026046;1.026785;-0.257473;0.266511;0.051008;
0.127105;0.019357;0.992533;0.131840;-1.038833;0.180779;
0.033497;0.038809;1.032438;-0.013198;0.464984;-0.239069;
-0.028087;0.037185;1.075680;-0.463580;0.533686;-0.216168;
0.060908;0.030567;1.028294;0.162374;-0.695321;0.211313;
0.045865;0.030684;1.036174;0.376115;-0.023565;0.096809;
-0.024245;0.023563;1.064992;-0.310908;0.953534;-0.032962;
0.056031;0.019638;1.013843;-0.120069;-0.206772;0.134977;
0.107674;0.032298;0.991464;0.261611;-0.527382;0.196046;
0.014205;0.027029;1.057986;-0.288007;1.022236;-0.452809;
0.086008;0.036759;1.018441;-0.234572;-0.038833;0.272382;
0.087682;0.021912;1.014570;0.414283;-0.702955;0.188412;
-0.022412;0.009080;1.035136;-0.020832;0.358114;0.051008;
0.007607;0.027404;1.038526;-0.318542;0.235977;-0.048229;
0.096685;0.026937;1.011583;0.559321;-0.672421;0.119710;
0.039621;0.024217;1.031332;-0.142969;0.274144;-0.170366;
0.049917;0.041925;1.024379;-0.303275;0.228343;-0.193267;
0.096915;0.017858;1.006796;0.582222;-0.702955;0.272382;
-0.034730;-0.001588;1.029902;-0.280374;0.548954;-0.521511;
0.023778;0.042128;1.024746;-0.219305;-0.229672;0.234214;
0.117215;0.021372;1.013265;0.673825;-0.695321;0.173145;
-0.026355;0.000254;1.028086;-0.471214;0.739793;-0.422275;
0.115041;0.035240;1.001665;-0.471214;-0.321275;0.447954;
0.010104;-0.013379;1.025463;0.696725;-0.168604;-0.139832;
-0.001416;0.055143;1.031199;-0.891061;0.220709;0.157878;
0.129394;0.045870;1.031205;0.391382;-0.481581;0.043374;
-0.009823;-0.030222;1.040139;0.070771;0.350480;-0.422275;
0.072027;0.088643;1.028314;-0.623885;-0.244940;0.394519;
0.069210;-0.011171;1.014073;1.017336;-0.008298;-0.200901;
0.062635;0.089727;1.016671;-1.005565;0.220709;0.104443;
0.061806;-0.005985;1.026549;1.040237;-0.160970;-0.269603;
-0.029285;0.012905;1.019155;-0.371977;0.304679;-0.269603;
0.115272;0.078757;1.026087;0.078405;-0.557917;0.104443;
-0.016955;-0.056874;1.041857;-0.173504;0.396282;-0.086397;
0.084419;0.097730;1.008269;-0.135336;-0.489214;0.425053;
-0.015984;-0.032198;1.025309;0.429550;0.220709;-0.353573;
0.107078;0.097808;1.038999;-0.662053;-0.328909;0.318183;
-0.018471;-0.042589;1.023161;0.421916;0.083305;-0.414641;
0.114846;0.087857;1.016159;-0.600985;-0.336543;0.386885;
-0.027154;-0.050786;1.024881;0.864664;0.495519;-0.658916;
0.086031;0.067253;1.019620;-0.028466;-0.183871;0.486122;
-0.005599;-0.039514;1.024124;0.391382;0.464984;-0.269603;
0.068695;0.071591;1.023605;0.147107;-0.306008;-0.078763;
0.023993;-0.004869;1.027990;-0.494114;0.419183;-0.155099;
0.043496;0.067628;1.036186;0.460084;-0.328909;-0.200901;
0.063597;0.007906;1.037076;-0.562817;0.281778;0.585359;
-0.030459;-0.018959;1.028239;0.750160;-0.046466;-0.613115;
0.089636;0.050383;1.021142;-0.501748;-0.244940;0.661695;
0.026274;0.003448;1.022258;0.047870;0.319946;-0.773420;
-0.002800;0.032361;1.028396;0.330313;-0.336543;-0.002428;
0.106802;0.025415;1.024211;-0.318542;0.060404;0.264748;
-0.021909;0.003286;1.020591;0.177641;0.319946;-0.620748;
-0.014706;0.024202;1.026637;0.315046;-0.206772;0.661695;
0.118222;0.053094;1.028699;-0.333809;0.167274;0.142611;
-0.021007;-0.002098;1.016111;0.223443;0.174908;-0.613115;
0.027151;0.039684;1.029908;0.353214;-0.374711;0.234214;
0.126323;0.026297;1.036762;-0.600985;0.358114;-0.025328;
0.034890;0.012982;1.028895;0.063138;0.258877;-0.284870;
-0.050456;0.010850;1.015391;0.544054;-0.565550;0.028107;
0.137993;0.043761;1.042086;-0.440679;0.106205;0.402153;
0.027417;0.010158;1.010356;-0.142969;0.480251;-0.200901;
-0.053378;0.005379;1.017722;0.597489;-0.344176;-0.116931;
0.126226;0.042953;1.042398;-0.097168;-0.084634;0.188412;
0.126052;0.022764;1.029351;-0.616252;0.503152;0.028107;
-0.047174;0.004833;1.026630;0.544054;-0.138069;-0.178000;
0.020092;0.014714;1.012771;0.414283;-0.237306;0.089176;
0.143891;0.033812;1.025596;-0.623885;0.266511;0.028107;
-0.031290;0.016719;1.019917;0.200542;0.075671;-0.445176;
-0.059171;0.015884;1.021716;0.818863;-0.496848;0.028107;
0.066540;0.018518;1.036046;-0.303275;-0.252573;0.119710;
0.112029;0.037144;1.025437;-0.517015;0.388648;0.058641;
-0.045962;0.022777;1.015873;0.223443;-0.183871;-0.200901;
-0.002918;0.012713;1.035711;0.544054;-0.351810;0.134977;
0.143266;0.028315;1.035316;-0.524649;0.159641;0.142611;
0.117033;0.031217;1.037192;-0.501748;0.235977;0.081542;
-0.022817;0.035406;1.019328;0.276878;0.174908;-0.032962;
-0.024630;0.009654;1.031680;0.452451;-0.336543;-0.155099;
0.114006;0.024242;1.037048;-0.104801;0.312312;0.051008;
0.084121;0.040237;1.029254;-0.371977;0.144373;0.127343;
-0.047077;0.011424;1.010052;0.185275;-0.160970;-0.101664;
-0.044321;0.008589;1.007108;0.566954;-0.359443;0.035740;
0.074712;0.009232;1.040931;0.009702;0.075671;0.043374;
0.113508;0.037919;1.023507;-0.501748;0.121473;0.081542;
0.021906;0.057015;1.032047;-0.219305;0.098572;0.058641;
-0.005301;0.038463;1.020357;0.246344;-0.283108;-0.200901;
-0.014804;0.002684;1.005725;0.315046;-0.260207;-0.086397;
0.067512;-0.006815;1.017545;0.047870;0.266511;-0.094031;
0.099901;0.037145;1.032376;-0.623885;0.205442;0.028107;
0.035345;0.050638;1.018168;-0.379611;0.129106;0.066275;
-0.008844;0.030742;1.020930;0.353214;0.014602;0.112076;
-0.002330;-0.003685;1.029350;0.284512;-0.275474;-0.315405;
0.025823;-0.013061;1.011713;0.093672;-0.038833;-0.162733;
0.054749;0.016042;1.022355;-0.226939;0.167274;0.089176;
0.073678;0.044943;1.035550;-0.120069;0.014602;-0.017695;
0.041103;0.052201;1.022686;-0.303275;0.075671;0.134977;
0.028201;0.028164;1.022154;-0.196404;0.235977;-0.094031;
0.016616;0.006138;1.021425;0.261611;0.174908;0.104443;
0.012609;0.002129;1.010520;0.421916;-0.069367;-0.254336;
0.015235;0.018249;1.020600;0.002069;-0.222039;-0.055863;
0.026742;0.009974;1.033640;0.024970;-0.290741;0.020473;
0.033687;0.019917;1.023584;-0.013198;-0.138069;-0.155099;
0.065811;0.033819;1.017621;-0.127702;-0.084634;0.142611;
0.047761;0.028143;1.022677;-0.142969;0.060404;0.051008;
0.058943;0.039773;1.030852;0.108939;-0.000665;0.180779;
0.063763;0.039693;1.026015;0.124206;0.174908;0.226580;
0.061913;0.032262;1.024164;0.032603;0.258877;0.112076;
0.051734;0.032810;1.028686;0.223443;-0.000665;0.096809;
0.048810;0.035948;1.036292;0.078405;0.396282;0.211313;
0.048327;0.048252;1.028862;0.078405;0.006969;-0.032962;
0.046902;0.032646;1.033520;0.032603;0.274144;0.058641;
0.047459;0.036218;1.025733;0.269244;-0.115169;-0.025328;
0.053177;0.039610;1.038860;0.055504;0.045137;-0.025328;
0.048199;0.025312;1.010871;0.330313;0.014602;0.012840;
0.047314;0.042820;1.027543;0.047870;0.144373;-0.071130;
0.066582;0.050189;1.034299;0.116573;-0.153337;0.081542;
0.043547;0.031847;1.023161;0.070771;0.289412;-0.071130;
0.026834;0.034247;1.025901;0.192909;-0.008298;-0.116931;
0.049063;0.037823;1.030193;0.131840;0.029870;-0.116931;
0.069188;0.052097;1.039514;-0.280374;0.129106;0.035740;
0.064673;0.042232;1.029988;-0.074267;-0.000665;0.127343;
0.056753;0.049916;1.031458;-0.150603;-0.000665;-0.086397;
0.051979;0.042361;1.030790;-0.204038;-0.130436;0.089176;
0.055166;0.052751;1.030496;-0.120069;-0.336543;-0.063496;
0.036109;0.033733;1.026761;-0.249840;-0.099901;0.012840;
0.060776;0.047648;1.029766;-0.204038;-0.038833;0.005206;
0.089342;0.058717;1.042103;-0.112435;-0.061733;0.035740;
0.084653;0.068244;1.059095;-0.333809;0.098572;-0.032962;
0.064258;0.053218;1.032349;-0.150603;0.006969;0.043374;
0.070950;0.063622;1.038235;-0.028466;0.090938;-0.094031;
0.076549;0.065033;1.049615;-0.333809;0.167274;-0.086397;
0.086020;0.057721;1.034930;-0.234572;0.235977;0.134977;
0.075712;0.054636;1.024685;-0.066633;-0.115169;-0.193267;
0.068694;0.053691;1.033399;-0.097168;0.251244;0.196046;
0.077714;0.052691;1.035229;-0.005565;0.060404;0.066275;
0.075097;0.054034;1.035702;0.078405;0.022236;-0.124565;
0.063854;0.034905;1.031832;-0.043733;0.152007;0.073908;
0.038292;0.035225;1.038339;-0.066633;0.037503;0.119710;
0.062369;0.039703;1.031390;0.162374;-0.054100;0.134977;
0.030978;0.012569;1.030305;0.360847;-0.252573;-0.010061;
0.020156;0.017814;1.024587;0.414283;-0.283108;-0.055863;
-0.002666;-0.011692;1.033153;0.467718;-0.115169;-0.300137;
0.019707;-0.001706;1.025033;0.292145;-0.214405;-0.109298;
0.012350;-0.009058;1.013296;0.177641;-0.015932;-0.109298;
0.017656;-0.000276;1.012764;-0.013198;-0.107535;-0.025328;
0.051455;0.032298;1.027939;-0.234572;0.052770;0.226580;
0.039137;0.025841;1.044100;-0.181137;0.006969;0.096809;
0.057559;0.051437;1.049638;-0.371977;0.106205;-0.010061;
0.071225;0.053433;1.040788;-0.486481;0.098572;-0.109298;
0.052997;0.046871;1.035775;-0.249840;0.129106;-0.048229;
0.029475;0.018255;1.007070;0.353214;-0.015932;-0.078763;
0.015624;0.013048;1.013664;0.322680;-0.344176;0.150244;
0.023069;-0.008119;1.025478;0.544054;-0.328909;0.241847;
0.024735;-0.016005;1.014107;0.192909;-0.206772;0.058641;
0.046355;-0.000011;1.019305;-0.265107;0.228343;-0.017695;
0.063917;0.030551;1.033976;-0.410145;0.365747;-0.086397;
0.049511;0.070606;1.036560;-0.524649;0.068038;0.073908;
0.037335;0.061250;1.037233;-0.142969;0.205442;-0.010061;
0.027161;0.031315;1.024392;0.330313;-0.176237;0.089176;
0.022453;-0.001308;1.009629;0.696725;-0.336543;0.005206;
0.046597;-0.007668;1.028516;0.330313;-0.099901;0.073908;
0.062787;0.025245;1.041730;-0.326175;0.213076;-0.170366;
0.031005;0.047932;1.014144;-0.356710;0.098572;-0.109298;
0.032624;0.064922;1.037219;-0.417778;-0.069367;-0.025328;
0.037495;0.043021;1.023728;0.162374;-0.031199;-0.025328;
0.041935;0.006736;1.011739;0.414283;-0.023565;0.104443;
0.046771;-0.014007;1.027936;0.055504;-0.138069;0.028107;
0.034169;0.002941;1.011328;-0.196404;-0.290741;-0.071130;
0.025658;0.026556;1.020623;-0.211672;-0.092268;-0.025328;
0.045540;0.029409;1.016533;-0.005565;0.159641;-0.010061;
0.049899;0.029568;1.012919;0.299779;-0.107535;0.150244;
0.060566;0.014869;1.022911;-0.112435;0.060404;0.211313;
0.037687;0.019497;1.031727;-0.219305;0.144373;-0.101664;
0.031239;0.039571;1.025306;-0.135336;-0.214405;0.081542;
0.053363;0.032357;1.042435;0.047870;0.014602;0.073908;
0.051041;0.005133;1.022144;0.269244;0.136740;-0.055863;
0.038132;0.019472;1.028545;-0.036099;-0.061733;0.119710;
0.027995;0.034006;1.022236;-0.234572;0.350480;-0.032962;
0.028683;0.033064;1.022232;0.047870;-0.260207;-0.078763;
0.052904;0.013966;1.019847;0.086038;-0.061733;0.058641;
0.044003;0.005787;1.023525;0.063138;-0.015932;-0.040595;
0.035772;0.031073;1.029415;-0.120069;0.113839;-0.139832;
0.029355;0.033496;1.016118;0.040237;-0.160970;0.081542;
0.027867;0.018750;1.012940;0.223443;-0.222039;-0.048229;
0.060027;0.023636;1.024012;-0.081901;0.090938;0.150244;
0.040149;0.013565;1.017943;-0.173504;-0.107535;0.035740;
0.048074;0.039156;1.024558;-0.059000;-0.138069;-0.063496;
0.015389;0.014206;1.010244;0.269244;-0.092268;-0.170366;
0.056566;0.022973;1.023462;0.116573;-0.115169;0.112076;
0.040361;0.018909;1.032737;-0.097168;-0.031199;-0.116931;
0.029754;0.033209;1.028625;0.009702;-0.145703;-0.063496;
0.025551;0.019683;1.000904;0.086038;-0.351810;-0.040595;
0.038697;0.017008;1.024839;0.131840;0.098572;0.104443;
0.055655;0.012998;1.027964;-0.066633;-0.031199;-0.063496;
0.022335;0.016947;1.007930;0.055504;-0.107535;-0.147466;
0.043836;0.041675;1.027477;-0.059000;0.083305;0.104443;
0.045956;0.017498;1.017592;0.284512;-0.023565;-0.025328;
0.043964;0.015052;1.023659;-0.013198;-0.099901;-0.048229;
0.035191;0.022129;1.036634;-0.066633;-0.214405;0.058641;
0.037723;0.028147;1.039700;-0.028466;0.464984;-0.055863;
0.050077;0.033253;1.031121;-0.089534;0.121473;-0.032962;
0.042846;0.030245;1.049612;-0.150603;-0.183871;-0.223802;
0.030099;0.026570;1.023629;0.147107;0.136740;0.173145;
0.044602;0.018942;1.020782;0.086038;-0.046466;0.005206;
0.040022;0.027640;1.030652;-0.204038;0.152007;-0.185634;
0.038938;0.023059;1.021006;0.070771;-0.107535;0.073908;
0.052547;0.022697;1.034682;0.124206;0.029870;-0.116931;
0.050351;0.029570;1.028374;0.070771;0.159641;-0.124565;
0.033459;0.016428;1.019116;0.086038;0.190175;0.012840;
0.040394;0.029178;1.034603;0.131840;-0.092268;0.142611;
0.037284;0.023524;1.041834;-0.081901;-0.199138;0.058641;
0.037736;0.031172;1.029690;-0.005565;0.106205;-0.071130;
0.045323;0.026646;1.028506;-0.028466;0.144373;-0.223802;
0.034692;0.026034;1.021725;-0.043733;-0.038833;-0.017695;
0.045595;0.023907;1.040486;0.124206;-0.077001;0.043374;
0.042112;0.021348;1.026912;0.055504;-0.077001;0.051008;
0.034193;0.024610;1.026111;0.139473;-0.084634;0.066275;
0.025126;0.026950;1.015962;-0.104801;0.090938;0.157878;
0.058478;0.043271;1.038252;-0.089534;0.068038;0.073908;
0.042430;0.028177;1.026035;0.162374;0.319946;-0.109298;
0.031695;0.023513;1.026060;0.276878;0.205442;-0.048229;
0.037209;0.024139;1.033994;0.246344;-0.031199;-0.124565;
0.038591;0.026683;1.036748;-0.196404;0.022236;-0.132199;
0.046931;0.028951;1.030769;0.032603;0.182541;0.150244;
0.054181;0.027346;1.030358;-0.028466;-0.015932;-0.101664;
0.050718;0.022009;1.010123;0.032603;0.037503;0.020473;
0.042108;0.015049;1.012843;0.437183;-0.046466;-0.200901;
0.026435;0.027795;1.019426;0.070771;0.022236;-0.071130;
0.039881;0.022140;1.021742;0.192909;0.022236;-0.055863;
0.049663;0.026090;1.026107;-0.196404;-0.260207;0.020473;
0.072076;0.029863;1.043400;-0.005565;0.365747;0.173145;
0.027039;0.026783;1.031681;-0.043733;-0.092268;-0.124565;
0.040878;0.031512;1.025816;-0.074267;0.090938;0.104443;
0.037485;0.023025;1.040358;0.162374;-0.061733;-0.055863;
0.036246;0.021310;1.027073;0.170008;-0.023565;-0.109298;
0.035862;0.021150;1.017257;0.215809;-0.023565;-0.002428;
0.049473;0.018221;1.022067;-0.043733;0.190175;0.218947;
0.035831;0.019957;1.019201;-0.081901;0.152007;0.134977;
0.038330;0.020128;1.022672;0.101306;0.075671;-0.086397;
0.033341;0.035861;1.031412;0.024970;-0.061733;-0.078763;
0.045496;0.033571;1.034739;-0.196404;0.083305;-0.246702;
0.036255;0.039469;1.035184;-0.150603;0.029870;-0.200901;
0.037969;0.028140;1.021557;-0.135336;-0.046466;0.005206;
0.030104;0.016343;1.024462;0.047870;-0.054100;0.165511;
0.035857;0.015795;1.017915;0.055504;-0.183871;0.104443;
0.036969;0.017143;1.023099;0.009702;0.129106;0.066275;
0.057773;0.029057;1.018664;-0.028466;0.052770;-0.216168;
0.047385;0.027527;1.015061;0.093672;-0.176237;-0.345939;
0.056778;0.026676;1.025972;0.078405;0.182541;0.287649;
0.041099;0.022193;1.021270;0.086038;-0.153337;0.142611;
0.043439;0.038952;1.025960;0.002069;-0.199138;-0.017695;
0.035614;0.026270;1.034983;0.063138;-0.023565;0.119710;
0.051350;0.031028;1.024732;0.055504;-0.054100;-0.025328;
0.045237;0.019585;1.029383;-0.081901;-0.160970;-0.124565;
0.052522;0.027555;1.033526;-0.242206;0.144373;-0.063496;
0.042510;0.030329;1.005959;-0.059000;-0.015932;0.134977;
0.018092;0.011564;1.020789;-0.043733;-0.008298;0.043374;
0.043665;0.034310;1.041345;0.131840;-0.168604;0.035740;
0.035683;0.026807;1.038180;-0.104801;0.014602;-0.124565;
0.037085;0.033081;1.028973;0.009702;-0.115169;-0.048229;
0.037368;0.017996;1.013309;-0.112435;-0.168604;-0.261970;
0.024736;0.016336;1.025121;0.223443;0.075671;0.272382;
0.034628;0.037627;1.048131;0.032603;0.090938;0.127343;
0.025512;0.034817;1.052865;-0.104801;0.243610;-0.086397;
0.038525;0.025417;0.999946;-0.196404;-0.160970;0.051008;
0.039236;0.019865;1.018267;0.284512;0.190175;-0.330672;
0.058291;0.010729;1.013991;0.093672;-0.183871;0.188412;
0.043471;0.012921;1.012831;0.070771;-0.015932;-0.063496;
0.037125;0.048937;1.029449;-0.181137;-0.000665;-0.139832;
0.046086;0.033007;1.044303;0.009702;-0.222039;0.020473;
0.072903;0.035790;1.029030;-0.219305;-0.138069;-0.032962;
0.087182;0.033771;1.043917;0.208176;0.129106;0.012840;
0.028855;0.001120;1.004360;-0.196404;0.098572;-0.002428;
0.054580;0.041696;1.026649;-0.020832;-0.008298;0.035740;
0.043403;0.037793;1.063952;0.185275;-0.046466;0.035740;
0.047291;0.040961;1.050812;-0.005565;0.106205;0.066275;
0.046787;0.027425;1.043742;-0.204038;0.297045;-0.078763;
0.010121;0.029445;1.036384;-0.211672;0.190175;0.051008;
0.031915;0.028383;1.024908;-0.127702;0.144373;0.043374;
0.028123;0.027405;1.037346;-0.089534;-0.000665;-0.132199;
0.078737;0.057901;1.038017;-0.158237;-0.328909;0.272382;
0.039910;-0.014359;1.009687;0.208176;0.304679;-0.246702;
0.009989;0.030926;1.021200;0.467718;-0.168604;-0.002428;
0.081220;0.039906;1.032886;-0.165870;0.113839;0.218947;
0.037612;0.006151;1.019516;-0.043733;-0.054100;-0.048229;
0.015011;0.019419;1.017916;0.253977;-0.260207;-0.017695;
0.012333;0.030023;1.035198;-0.028466;-0.306008;-0.071130;
0.096196;0.049042;1.041324;-0.196404;0.197809;-0.017695;
0.026790;0.000932;1.015118;0.024970;0.258877;-0.124565;
0.016416;0.021756;1.023120;0.223443;-0.435779;-0.178000;
0.027845;0.027126;1.035866;0.124206;-0.160970;0.272382;
0.048828;0.036644;1.016930;-0.448313;0.037503;0.112076;
0.081117;0.031222;1.056545;-0.181137;0.075671;0.020473;
0.008902;0.011919;1.008648;0.322680;0.060404;-0.055863;
0.019278;0.033689;1.029464;0.047870;-0.313642;-0.063496;
0.027377;0.030601;1.024875;-0.226939;-0.168604;0.051008;
0.088375;0.038681;1.042289;-0.303275;-0.008298;0.234214;
0.029494;0.009220;1.022878;0.093672;0.045137;-0.071130;
0.023135;0.029158;1.023568;0.360847;-0.130436;-0.139832;
0.021861;0.023003;1.023706;0.162374;-0.008298;-0.223802;
0.019386;0.029346;0.998505;-0.150603;0.159641;0.012840;
0.098810;0.032576;1.040386;-0.349076;0.144373;-0.010061;
0.011986;0.002890;0.997770;0.406649;0.213076;-0.124565;
0.032140;0.038626;1.041244;0.345580;-0.275474;0.051008;
0.032934;0.030346;1.039173;0.131840;-0.229672;-0.116931;
0.027167;0.032248;1.021463;-0.310908;0.083305;-0.078763;
0.078974;0.036762;1.059048;-0.387244;-0.046466;0.043374;
-0.002475;-0.000616;0.989177;0.200542;0.060404;0.058641;
0.033656;0.022701;1.047655;0.024970;-0.145703;-0.055863;
0.023926;0.030394;1.005206;0.086038;-0.168604;0.073908;
0.052885;0.030918;1.012000;-0.288007;-0.145703;0.295282;
0.060861;0.020765;1.041883;0.086038;0.274144;0.081542;
-0.000037;0.012060;0.997733;0.276878;-0.206772;-0.223802;
0.029356;0.026546;1.041274;0.215809;-0.107535;-0.147466;
0.040372;0.030525;1.009855;-0.059000;-0.084634;-0.017695;
0.085752;0.032352;1.051723;-0.303275;0.083305;0.226580;
0.035557;0.006437;1.029300;0.116573;0.106205;0.028107;
0.018425;0.027484;1.024703;0.238710;-0.252573;-0.017695;
0.025646;0.036350;1.057303;0.215809;-0.222039;-0.147466;
0.067329;0.040912;1.014067;0.009702;-0.061733;-0.002428;
0.098409;0.047072;1.049419;-0.288007;0.281778;0.150244;
0.026349;0.001656;1.016103;0.070771;0.006969;0.112076;
0.030045;0.023501;1.030695;0.078405;-0.191504;-0.071130;
0.021077;0.027337;1.022532;0.231077;-0.321275;0.005206;
0.031043;0.029129;1.011909;-0.028466;-0.069367;0.127343;
0.099060;0.035161;1.049746;-0.379611;0.152007;0.157878;
0.017403;0.002252;1.002988;0.460084;0.136740;-0.200901;
0.037276;0.025602;1.033771;0.406649;-0.023565;-0.063496;
0.031346;0.030148;1.030810;0.070771;-0.206772;-0.040595;
0.038769;0.025195;1.000682;-0.104801;0.182541;0.051008;
0.082648;0.020411;1.045620;-0.326175;-0.046466;0.073908;
0.045543;0.008251;1.020149;0.108939;0.060404;-0.261970;
0.013624;0.015459;1.001655;0.429550;0.022236;-0.170366;
0.038894;0.030465;1.027489;0.124206;-0.199138;-0.277237;
0.022796;0.027424;1.022802;-0.150603;-0.084634;0.020473;
0.082710;0.043724;1.039094;-0.204038;0.045137;-0.017695;
0.024698;0.018169;1.033975;-0.059000;0.174908;0.012840;
0.006911;0.001789;1.006020;0.116573;-0.191504;-0.094031;
0.037954;0.038146;1.039113;0.498252;-0.168604;-0.223802;
0.027442;0.032775;1.040111;0.086038;-0.115169;0.073908;
0.030367;0.029156;1.016069;-0.196404;0.068038;-0.101664;
0.085620;0.037809;1.058667;-0.219305;0.251244;0.127343;
0.052443;0.012602;1.045078;-0.135336;0.373381;0.012840;
0.014083;0.016627;1.013449;0.467718;0.045137;-0.017695;
0.032257;0.032921;1.034052;0.024970;-0.099901;-0.216168;
0.020179;0.034366;1.039541;0.238710;0.060404;-0.147466;
0.021261;0.032399;1.017948;-0.173504;0.159641;0.104443;
0.093167;0.043011;1.055907;-0.364343;0.258877;0.012840;
0.009347;0.007473;1.003194;0.162374;0.167274;-0.193267;
0.001642;0.007933;1.010203;0.345580;-0.138069;-0.155099;
0.031476;0.031233;1.054860;0.131840;-0.168604;-0.116931;
0.036763;0.026692;1.009748;0.032603;0.006969;-0.040595;
0.071243;0.049030;1.039743;-0.257473;0.197809;0.127343;
0.050272;0.012977;1.027642;-0.142969;0.006969;-0.071130;
0.018090;0.015289;1.025502;0.368481;-0.077001;-0.216168;
0.034193;0.024610;1.026111;0.284512;-0.153337;-0.025328;
0.034239;0.034912;1.047105;0.093672;-0.328909;-0.155099;
0.012638;0.026798;0.996656;0.040237;-0.061733;0.096809;
0.053728;0.012688;1.012974;0.040237;0.090938;0.310550;
0.018705;-0.008515;1.029579;0.208176;-0.023565;-0.193267;
0.029821;0.002312;0.999241;0.192909;-0.054100;-0.178000;
0.017949;-0.006970;1.004088;0.322680;0.090938;-0.193267;
0.063540;0.042466;0.999323;-0.265107;-0.092268;0.005206;
0.053163;0.042376;1.027865;-0.310908;-0.023565;0.096809;
0.027446;0.026003;1.010096;0.154741;-0.252573;0.066275;
0.037926;0.003438;1.016293;0.162374;-0.038833;0.203679;
0.026737;-0.007022;1.021622;0.177641;-0.069367;-0.338305;
0.035510;0.029402;1.015900;-0.059000;0.106205;-0.139832;
0.036190;0.035674;1.025810;-0.211672;-0.038833;-0.216168;
0.049871;0.038399;1.033646;-0.265107;-0.031199;0.157878;
0.035002;0.026579;1.024680;-0.120069;-0.321275;0.272382;
0.039549;0.018096;1.029771;-0.059000;-0.229672;0.066275;
0.034688;0.020450;1.023360;0.055504;-0.130436;-0.025328;
0.046237;0.023380;1.035583;-0.173504;0.167274;-0.246702;
0.042517;0.023849;1.029897;0.063138;0.136740;0.005206;
0.038079;0.027100;1.033559;-0.051366;0.159641;-0.132199;
0.037279;0.022573;1.026616;0.063138;-0.084634;0.005206;
0.044496;0.023500;1.032862;0.116573;0.121473;0.249481;
0.036122;0.023513;1.028084;-0.051366;-0.054100;0.119710;
0.049352;0.020890;1.021613;-0.020832;0.258877;-0.025328;
0.038807;0.024792;1.023237;-0.081901;-0.138069;-0.124565;
0.044519;0.022367;1.038731;0.147107;0.052770;-0.094031;
0.038871;0.029513;1.029191;0.124206;-0.015932;0.157878;
0.043684;0.023845;1.025744;-0.005565;-0.153337;0.081542;
0.039434;0.024035;1.036231;-0.043733;-0.145703;-0.040595;
0.039701;0.020344;1.032994;0.047870;-0.107535;0.127343;
0.034974;0.022591;1.018736;-0.097168;-0.222039;-0.010061;
0.039993;0.028999;1.023560;0.047870;0.174908;-0.231435;
0.035465;0.028910;1.032568;0.108939;-0.061733;-0.101664;
0.043123;0.027472;1.025544;0.093672;-0.099901;0.104443;
0.040735;0.022999;1.027652;0.047870;-0.046466;0.150244;
0.035321;0.021785;1.029274;0.116573;-0.077001;0.234214;
0.028809;0.023893;1.028231;0.139473;0.205442;0.043374;
0.041157;0.027603;1.024292;0.024970;0.075671;-0.254336;
0.040449;0.029237;1.038528;0.070771;-0.069367;-0.101664;
0.043276;0.024836;1.028205;0.223443;0.136740;-0.116931;
0.039687;0.021488;1.027860;0.055504;0.060404;0.165511;
0.040777;0.023043;1.030596;-0.059000;0.014602;0.066275;
0.041688;0.029756;1.019671;-0.036099;-0.069367;0.127343;
0.043328;0.027673;1.021871;-0.120069;-0.153337;-0.055863;
0.045361;0.027846;1.027052;-0.043733;0.037503;-0.048229;
0.038206;0.019784;1.032964;0.093672;-0.298375;-0.071130;
0.046358;0.027216;1.030736;0.131840;-0.160970;-0.071130;
0.041848;0.026664;1.024533;0.009702;0.029870;0.142611;
0.040028;0.026951;1.033585;0.047870;0.029870;0.096809;
0.037765;0.023056;1.024668;0.002069;0.228343;0.096809;
0.044282;0.025839;1.026763;0.093672;0.060404;-0.002428;
0.048049;0.022852;1.026773;0.040237;0.228343;-0.139832;
0.037115;0.024038;1.027370;0.002069;-0.069367;-0.063496;
0.044894;0.023194;1.027223;0.223443;-0.015932;0.150244;
0.041264;0.025844;1.020344;0.154741;-0.054100;0.089176;
0.038806;0.024096;1.025679;0.002069;-0.138069;0.127343;
0.041457;0.026978;1.030663;0.116573;-0.031199;-0.094031;
0.041200;0.023922;1.022522;-0.020832;0.144373;-0.010061;
0.033897;0.019196;1.023576;0.116573;-0.153337;-0.086397;
0.046008;0.030355;1.029796;0.040237;-0.000665;-0.010061;
0.041317;0.024974;1.027444;0.108939;-0.229672;0.066275;
0.042225;0.029598;1.023845;0.047870;-0.168604;0.119710;
0.036990;0.025545;1.030824;-0.059000;-0.008298;0.073908;
0.039218;0.024267;1.019311;0.009702;-0.084634;0.028107;
0.047783;0.024440;1.019436;0.108939;-0.237306;-0.261970;
0.038895;0.026740;1.022776;0.086038;-0.054100;-0.010061;
0.037669;0.019941;1.028790;-0.081901;-0.054100;-0.032962;
0.042887;0.021658;1.028889;-0.081901;-0.000665;-0.002428;
0.041129;0.020371;1.030072;-0.059000;-0.107535;0.028107;
0.038606;0.024595;1.027154;-0.051366;0.052770;0.020473;
0.038591;0.024599;1.044320;0.017336;-0.008298;-0.040595;
0.039780;0.023673;1.026913;0.116573;-0.191504;-0.124565;
0.043209;0.031986;1.033948;0.047870;0.098572;-0.124565;
0.033995;0.025576;1.026122;0.063138;0.014602;0.051008;
0.040050;0.027669;1.032615;-0.089534;0.235977;0.096809;
0.041058;0.026106;1.022307;0.002069;0.029870;-0.040595;
0.043812;0.023983;1.034821;-0.104801;0.121473;0.188412;
0.040635;0.020806;1.028109;-0.028466;0.014602;0.020473;
0.034985;0.024476;1.031025;0.040237;0.014602;-0.002428;
0.039725;0.028731;1.022817;0.070771;-0.054100;-0.010061;
0.039369;0.025819;1.024976;0.078405;0.052770;-0.025328;
0.036718;0.020156;1.030006;0.086038;0.006969;-0.010061;
0.040653;0.021984;1.025184;-0.142969;-0.107535;0.020473;
0.039755;0.020152;1.019504;0.002069;0.106205;0.150244;
0.038061;0.024049;1.024932;0.063138;-0.054100;-0.292504;
0.037321;0.022154;1.031270;-0.020832;0.090938;-0.086397;
0.044571;0.028447;1.020674;-0.005565;0.045137;-0.048229;
0.039351;0.020683;1.023920;-0.089534;0.090938;-0.010061;
0.036454;0.024777;1.030069;-0.036099;0.045137;0.043374;
0.032478;0.025223;1.023643;-0.142969;-0.183871;0.157878;
0.037722;0.018356;1.020185;-0.112435;0.022236;-0.002428;
0.043193;0.027084;1.032160;-0.142969;-0.145703;-0.101664;
0.046918;0.018472;1.031107;0.177641;-0.000665;-0.071130;
0.039169;0.017013;1.023619;0.024970;-0.023565;0.035740;
0.049536;0.019447;1.022331;0.101306;0.121473;0.112076;
0.046076;0.027397;1.027301;-0.036099;-0.145703;0.020473;
0.035075;0.016193;1.031151;-0.112435;0.022236;-0.063496;
0.041130;0.025488;1.029901;0.108939;-0.015932;-0.109298;
0.038099;0.024090;1.027630;-0.005565;-0.099901;0.043374;
0.039179;0.027489;1.023036;0.024970;-0.199138;0.134977;
0.039970;0.028743;1.022820;0.009702;-0.077001;0.058641;
0.042906;0.030271;1.017489;-0.020832;-0.206772;0.035740;
0.037947;0.026263;1.026679;0.070771;-0.000665;-0.025328;
0.040701;0.026457;1.030890;0.063138;0.022236;0.058641;
0.042521;0.035013;1.026381;0.002069;0.014602;-0.032962;
0.037409;0.020840;1.024386;0.101306;-0.077001;-0.101664;
0.043241;0.026421;1.019890;0.055504;0.060404;-0.025328;
0.043995;0.026246;1.022105;0.101306;-0.000665;-0.055863;
0.040990;0.027906;1.028953;0.116573;-0.023565;0.089176;
0.042660;0.027941;1.025789;0.055504;0.037503;-0.132199;
0.038276;0.023798;1.023705;-0.120069;0.045137;-0.002428;
0.037727;0.026510;1.027660;-0.188771;-0.092268;-0.094031;
0.041346;0.026396;1.024522;0.032603;0.083305;-0.048229;
0.039994;0.019693;1.020727;0.124206;0.022236;-0.010061;
0.041479;0.026075;1.035554;0.017336;0.113839;0.043374;
0.044085;0.019140;1.036226;-0.097168;0.075671;-0.017695;
0.036753;0.026237;1.028869;-0.036099;-0.084634;0.020473;
0.040561;0.024916;1.025961;0.101306;-0.099901;-0.055863;
0.043781;0.025108;1.028462;0.063138;-0.077001;-0.002428;
0.031006;0.027718;1.032487;0.086038;0.075671;0.058641;
0.047108;0.029122;1.025134;-0.165870;-0.054100;-0.025328;
0.039258;0.028037;1.026969;0.154741;-0.107535;0.020473;
0.036955;0.025508;1.028370;-0.150603;-0.183871;0.203679;
0.038428;0.029308;1.033351;0.185275;0.068038;0.051008;
0.046274;0.024790;1.015005;-0.066633;0.243610;-0.071130;
0.043699;0.028052;1.029974;0.101306;-0.023565;0.043374;
0.038193;0.022087;1.023679;-0.059000;-0.138069;0.020473;
0.040380;0.017984;1.019237;-0.081901;0.144373;0.203679;
0.044065;0.026320;1.027012;0.086038;-0.008298;-0.109298;
0.042917;0.028197;1.025797;-0.005565;-0.084634;0.081542;
0.040281;0.026489;1.017642;-0.013198;-0.046466;0.150244;
0.048109;0.029192;1.026621;-0.120069;0.075671;-0.086397;
0.041417;0.027167;1.026987;0.101306;-0.038833;-0.002428;
0.039122;0.028374;1.033838;0.086038;0.266511;0.043374;
0.043506;0.023674;1.031379;-0.074267;-0.099901;0.150244;
0.039082;0.028562;1.030162;-0.074267;0.113839;-0.025328;
0.044624;0.023619;1.023793;0.024970;0.006969;-0.002428;
0.041222;0.019756;1.020991;0.093672;0.029870;-0.063496;
0.043812;0.027226;1.023098;0.177641;-0.023565;0.005206;
0.039821;0.026980;1.036280;0.131840;0.090938;-0.101664;
0.040384;0.024264;1.015159;-0.036099;0.029870;0.165511;
0.037459;0.025547;1.029359;-0.043733;-0.061733;-0.048229;
0.040666;0.030841;1.030708;-0.104801;-0.031199;0.051008;
0.044616;0.028495;1.023863;0.024970;-0.015932;-0.101664;
0.038180;0.025568;1.028389;0.108939;-0.138069;0.043374;
0.036400;0.024488;1.027122;0.017336;-0.107535;-0.055863;
0.045173;0.021369;1.018128;0.078405;0.174908;0.066275;
0.041551;0.024975;1.026711;0.063138;-0.069367;-0.147466;
0.040902;0.023158;1.021281;0.124206;0.037503;-0.132199;
0.040639;0.020810;1.028355;0.070771;0.060404;0.089176;
0.038344;0.032019;1.035596;0.139473;-0.061733;-0.094031;
0.039991;0.025984;1.034306;0.108939;-0.038833;-0.025328;
0.044357;0.022888;1.024759;-0.020832;-0.160970;0.127343;
0.041425;0.021827;1.028626;0.154741;0.090938;0.051008;
0.039420;0.020758;1.028827;0.101306;0.045137;-0.055863;
0.046033;0.023875;1.036813;0.185275;-0.191504;0.043374;
0.035538;0.026188;1.029586;-0.097168;-0.038833;-0.002428;
0.035743;0.024304;1.033485;-0.036099;0.014602;0.104443;
0.034031;0.029109;1.034266;0.009702;0.121473;-0.025328;
0.038688;0.023988;1.035484;0.032603;0.106205;-0.010061;
0.037774;0.022371;1.027846;0.063138;0.129106;-0.239069;
0.043843;0.027260;1.025306;-0.028466;0.274144;0.020473;
0.042361;0.024859;1.032852;-0.028466;0.083305;0.035740;
0.039203;0.021935;1.026634;0.101306;0.045137;-0.032962;
0.035383;0.027895;1.030099;-0.051366;0.182541;-0.086397;
0.038907;0.025825;1.026931;-0.005565;0.060404;0.020473;
0.044278;0.026298;1.024808;-0.051366;-0.153337;0.051008;
0.042723;0.030326;1.021901;0.154741;0.045137;0.134977;
0.034939;0.025816;1.022706;-0.097168;0.014602;0.012840;
0.039884;0.025406;1.028411;0.032603;-0.038833;-0.094031;
0.041142;0.027355;1.024043;0.047870;-0.153337;0.020473;
0.045529;0.025921;1.028253;0.276878;-0.008298;0.073908;
0.038259;0.022157;1.028340;0.017336;-0.054100;0.058641;
0.043109;0.033500;1.020972;0.009702;0.228343;-0.178000;
0.043288;0.026240;1.024057;0.162374;-0.038833;-0.071130;
0.037934;0.019279;1.032708;-0.135336;-0.115169;-0.101664;