0.047917;0.063180;1.017303;-0.256351;0.134067;-0.016191;
0.041606;0.063167;1.020646;-0.042611;-0.262879;0.105947;
0.053863;0.054461;1.018241;0.048993;-0.308681;0.029611;
0.027786;0.047973;1.010911;0.064260;-0.087307;-0.176496;
0.042939;0.072862;1.012223;0.140596;-0.117841;0.075412;
0.021846;0.048783;1.002501;0.064260;-0.064406;-0.130695;
0.044039;0.046045;1.008661;-0.012076;-0.033872;0.151748;
0.036293;0.053915;1.022398;-0.042611;0.164602;0.151748;
0.052024;0.054496;1.026798;0.201664;0.172235;0.105947;
0.046968;0.052702;1.020815;-0.004443;-0.186543;-0.138328;
0.032832;0.052074;1.007854;0.178764;-0.194177;0.021977;
0.033354;0.063544;1.023722;-0.065511;-0.194177;0.121214;
0.034958;0.052810;1.017949;0.140596;0.011930;0.044878;
0.040955;0.055074;1.019538;0.056626;-0.056772;0.205183;
0.040581;0.048185;1.016490;0.026092;-0.209444;-0.207030;
0.049344;0.064133;1.010961;-0.057878;-0.072040;0.044878;
0.046005;0.061515;1.026570;-0.111313;-0.072040;0.021977;
0.042671;0.047937;1.009160;0.041359;-0.285780;0.189916;
0.028112;0.052725;1.018096;-0.012076;-0.117841;-0.016191;
0.048397;0.063889;1.014132;0.148229;0.027197;0.075412;
0.046330;0.051592;1.013679;0.018458;-0.140742;-0.008557;
0.034686;0.041127;1.003307;0.163496;-0.262879;-0.184130;
0.049501;0.069418;1.021830;-0.241084;0.072999;0.121214;
0.035731;0.060552;1.011206;0.110061;-0.117841;-0.023824;
0.046377;0.059076;1.008393;0.041359;-0.125475;0.044878;
0.025018;0.059639;1.017662;0.056626;-0.041505;-0.130695;
0.031375;0.064818;1.017337;0.102428;-0.018605;0.151748;
0.027438;0.052041;1.006796;0.140596;-0.125475;0.113580;
0.047497;0.045546;1.013117;0.033725;-0.163643;0.037244;
0.048531;0.063782;1.006285;-0.004443;0.118800;-0.000924;
0.049381;0.062319;1.020254;0.125328;-0.163643;0.044878;
0.058700;0.059979;1.012750;0.087160;0.088266;0.075412;
0.039553;0.050867;1.003027;0.117695;-0.049139;0.037244;
0.033112;0.060040;1.018273;0.033725;-0.026238;0.006710;
0.023701;0.043668;1.013488;0.201664;0.019563;0.037244;
0.047116;0.054231;1.008088;0.186397;-0.094940;0.090679;
0.042480;0.047751;1.013813;0.064260;-0.064406;-0.031458;
0.048032;0.055156;1.018414;-0.050244;-0.049139;0.250985;
0.051610;0.058493;1.018023;0.064260;-0.102574;-0.061992;
0.044228;0.043680;1.013044;0.148229;-0.293414;-0.023824;
0.035147;0.065564;1.022551;-0.286885;-0.087307;0.136481;
0.031427;0.063715;1.025169;0.102428;0.065365;-0.061992;
0.035480;0.054027;1.016012;0.003191;-0.262879;0.136481;
0.034084;0.044246;1.001873;0.155863;-0.285780;-0.229931;
0.048265;0.067010;1.011233;-0.111313;-0.094940;0.243351;
0.050254;0.051787;1.013983;0.132962;-0.133108;-0.031458;
0.045838;0.051335;1.014404;0.171130;0.072999;-0.092527;
0.036752;0.059948;1.016607;-0.012076;-0.079673;-0.016191;
0.047442;0.066204;1.025677;0.079527;-0.041505;0.098313;
0.037534;0.055844;1.016804;0.239832;0.011930;-0.191763;
0.019039;0.042971;1.014637;0.430672;-0.194177;-0.023824;
0.038336;0.056647;1.019034;-0.157114;-0.308681;0.128847;
0.038451;0.053044;1.022416;0.117695;-0.148376;0.113580;
0.058302;0.058201;1.025961;-0.103679;-0.049139;0.136481;
0.024704;0.043953;0.996095;0.026092;-0.194177;-0.291000;
0.038050;0.062404;1.013473;-0.004443;-0.323948;0.136481;
0.035130;0.056007;1.019224;-0.034977;-0.094940;0.006710;
0.028732;0.054260;1.004149;0.339069;-0.163643;-0.031458;
0.035419;0.059311;1.010693;0.048993;-0.156009;-0.039092;
0.044555;0.073071;1.004402;0.125328;-0.148376;0.212817;
0.046989;0.047144;1.024168;0.071893;-0.018605;-0.100160;
0.048551;0.041946;1.013570;0.140596;-0.010971;-0.069626;
0.042194;0.057929;1.010524;0.018458;-0.033872;-0.100160;
0.038457;0.043976;1.019096;0.171130;-0.110208;-0.016191;
0.032884;0.048867;1.005111;-0.080778;-0.041505;0.136481;
0.020615;0.043369;1.003140;0.201664;-0.110208;-0.291000;
0.035260;0.056359;1.009422;0.102428;-0.133108;0.037244;
0.037922;0.053442;1.018000;-0.004443;-0.217078;0.060145;
0.054366;0.047760;1.025263;-0.012076;-0.026238;0.128847;
0.039377;0.047685;1.019654;0.209298;-0.049139;-0.008557;
0.039081;0.056693;1.019780;-0.065511;-0.064406;0.037244;
0.044936;0.057646;1.015463;0.071893;-0.117841;-0.000924;
0.028860;0.050902;1.007535;0.018458;-0.041505;0.113580;
0.033226;0.052246;1.018407;0.010825;-0.270513;-0.031458;
0.030412;0.065948;1.014397;0.087160;-0.033872;-0.054359;
0.048284;0.070062;1.019860;-0.034977;-0.102574;-0.039092;
0.049023;0.045677;1.017064;0.148229;-0.270513;-0.031458;
0.048494;0.065615;1.015139;-0.164748;0.172235;-0.084893;
0.035286;0.060114;1.016098;0.018458;-0.018605;-0.084893;
0.033439;0.058267;1.012612;0.262733;-0.369750;-0.054359;
0.023742;0.045797;1.008860;0.239832;-0.201811;-0.039092;
0.044061;0.067926;1.004320;-0.004443;-0.140742;0.029611;
0.036054;0.036454;1.012823;0.140596;-0.056772;-0.023824;
0.046932;0.056834;1.003219;0.010825;-0.117841;0.083046;
0.043424;0.057530;1.012498;0.003191;-0.163643;-0.039092;
0.054790;0.059800;1.013428;0.041359;-0.010971;0.105947;
0.039021;0.055219;1.002347;0.102428;-0.087307;0.021977;
0.022960;0.046658;1.020387;0.056626;-0.163643;-0.069626;
0.032555;0.058090;1.020198;-0.012076;0.057731;0.098313;
0.031258;0.053765;1.012025;0.239832;-0.010971;0.014344;
0.051109;0.057762;1.019722;0.102428;-0.056772;0.090679;
0.042441;0.052594;1.011676;0.171130;-0.148376;-0.222298;
0.053492;0.063621;1.012239;-0.118946;-0.072040;0.159382;
0.044917;0.052973;1.012698;0.125328;-0.003337;0.052512;
0.021374;0.039491;1.019034;0.194031;0.050098;-0.100160;
0.031038;0.047736;1.017329;-0.080778;-0.217078;0.029611;
0.036733;0.059696;1.016112;0.048993;-0.148376;-0.077259;
0.039004;0.041956;1.012454;0.026092;-0.079673;0.090679;
0.038264;0.045641;1.016911;0.064260;0.065365;-0.000924;
0.054379;0.075443;1.017573;-0.034977;-0.186543;0.167015;
0.041142;0.036179;1.010439;0.201664;-0.018605;0.098313;
0.037943;0.050665;1.011339;0.171130;-0.133108;0.014344;
0.030960;0.068601;1.027440;-0.034977;-0.255246;-0.260466;
0.031248;0.057712;1.015270;0.064260;0.057731;-0.031458;
0.035741;0.057782;1.021956;0.003191;-0.331582;0.021977;
0.033876;0.043579;1.007010;0.026092;-0.049139;-0.138328;
0.047808;0.062832;1.010430;-0.012076;0.179869;0.067779;
0.038621;0.046005;1.024033;0.140596;-0.163643;-0.046725;
0.051250;0.066505;1.016908;0.026092;-0.156009;0.144115;
0.040833;0.045868;1.007142;0.018458;-0.194177;-0.145962;
0.036005;0.063163;1.022283;-0.034977;-0.033872;-0.084893;
0.028663;0.051405;1.009256;0.171130;-0.133108;-0.077259;
0.041497;0.047933;1.012821;0.125328;0.095899;0.044878;
0.031529;0.047993;1.016604;-0.012076;-0.110208;0.060145;
0.046039;0.064796;1.017300;-0.096046;-0.148376;0.113580;
0.047258;0.054847;1.016437;0.033725;-0.140742;0.052512;
0.033260;0.042281;1.020469;0.262733;-0.346849;0.037244;
0.046770;0.059711;1.017236;-0.164748;-0.102574;0.014344;
0.045263;0.065875;1.010193;0.102428;0.011930;-0.107794;
0.040122;0.050976;1.008677;0.064260;0.111167;0.098313;
0.041359;0.053383;1.019274;0.087160;0.164602;0.090679;
0.053280;0.060632;1.025434;0.110061;0.210403;-0.000924;
0.051429;0.057623;1.025855;0.010825;-0.064406;-0.023824;
0.034161;0.046665;1.017113;0.079527;-0.239979;0.128847;
0.028547;0.051764;1.017598;-0.065511;-0.217078;-0.054359;
0.050716;0.060623;1.016570;0.026092;-0.064406;-0.123061;
0.043294;0.057178;1.022300;0.071893;-0.003337;0.014344;
0.028472;0.049597;1.019772;0.346702;-0.094940;0.159382;
0.043467;0.067809;1.015100;-0.157114;-0.232345;0.060145;
0.040330;0.056083;1.023958;0.194031;-0.186543;-0.039092;
0.052604;0.057860;1.021461;0.094794;-0.301047;0.075412;
0.021194;0.048836;1.008377;0.041359;-0.323948;-0.008557;
0.031873;0.051586;1.011021;0.018458;-0.156009;0.037244;
0.034536;0.055408;1.013567;0.110061;-0.140742;-0.100160;
0.044667;0.041100;1.018652;0.194031;0.004296;-0.031458;
0.044659;0.062022;1.015523;0.064260;0.065365;-0.092527;
0.048972;0.064235;1.019295;0.163496;-0.362116;0.075412;
0.048333;0.051251;1.000215;-0.004443;-0.217078;0.021977;
0.024668;0.050440;1.006488;0.209298;0.019563;0.105947;
0.025830;0.064160;1.007194;-0.263985;-0.026238;0.121214;
0.021812;0.046661;1.007619;0.346702;-0.117841;-0.016191;
0.044597;0.057071;1.010546;-0.004443;-0.033872;0.037244;
0.044264;0.056733;1.005141;-0.141847;-0.209444;0.067779;
0.048030;0.060270;1.017998;-0.012076;-0.072040;0.075412;
0.044966;0.055343;1.007829;0.132962;-0.041505;0.006710;
0.043829;0.050492;1.013382;0.148229;-0.385017;0.113580;
0.043490;0.058759;1.013007;-0.034977;0.019563;0.113580;
0.037364;0.046375;1.020097;0.308535;-0.262879;-0.161229;
0.039062;0.058063;1.013424;-0.050244;-0.194177;0.029611;
0.032328;0.043211;1.020470;0.087160;-0.064406;0.113580;
0.052114;0.064575;1.015421;-0.172382;-0.056772;0.044878;
0.040280;0.054620;1.007261;0.033725;-0.102574;-0.275733;
0.052749;0.057301;1.016060;0.270367;0.019563;0.121214;
0.029752;0.047843;1.012163;-0.042611;-0.079673;-0.084893;
0.045122;0.070396;1.019820;-0.126580;-0.041505;0.159382;
0.036744;0.050865;1.012306;0.239832;-0.094940;-0.054359;
0.024838;0.039906;1.002414;0.201664;-0.102574;-0.100160;
0.044452;0.067631;1.016337;-0.241084;-0.033872;0.167015;
0.046557;0.057647;1.027012;0.125328;-0.018605;-0.000924;
0.049361;0.053009;1.034096;-0.042611;0.111167;0.174649;
0.027835;0.050362;1.024188;0.079527;-0.117841;-0.123061;
0.044784;0.062155;1.024355;0.102428;-0.194177;0.029611;
0.033263;0.055993;1.007672;-0.027343;-0.094940;-0.092527;
0.043146;0.055629;1.016880;0.132962;-0.110208;-0.039092;
0.024933;0.046997;1.020420;-0.057878;-0.133108;-0.123061;
0.041944;0.062565;1.011569;-0.027343;-0.140742;-0.092527;
0.049427;0.049103;1.016629;0.026092;0.141701;-0.069626;
0.045060;0.048241;1.022195;0.056626;-0.224711;0.136481;
0.042047;0.053600;1.015118;0.056626;-0.117841;0.144115;
0.043304;0.058348;1.018884;0.132962;-0.194177;-0.023824;
0.038154;0.048555;1.016461;0.018458;-0.156009;0.113580;
0.048611;0.048286;1.013418;0.033725;-0.110208;0.273886;
0.032660;0.055636;1.018693;-0.088412;-0.140742;0.121214;
0.015983;0.057129;1.009160;-0.004443;0.134067;0.014344;
0.033584;0.054928;1.017225;0.094794;0.134067;0.167015;
0.048023;0.041881;1.010864;0.171130;-0.033872;0.052512;
0.029849;0.043970;0.996904;0.010825;-0.232345;-0.077259;
0.027054;0.057480;1.013245;-0.042611;-0.049139;-0.061992;
0.039406;0.044453;1.015193;0.079527;-0.110208;-0.100160;
0.049909;0.041203;1.008184;-0.065511;-0.018605;-0.000924;
0.030474;0.048097;1.010460;0.209298;-0.072040;-0.061992;
0.035839;0.069743;1.022621;0.278000;-0.331582;-0.107794;
0.051620;0.072231;1.023862;0.056626;-0.148376;0.067779;
0.041472;0.038387;1.027150;0.278000;-0.201811;-0.069626;
0.041549;0.075657;1.007830;0.155863;0.019563;0.128847;
0.031612;0.011764;0.989350;0.270367;0.111167;-0.061992;
0.041007;0.045110;1.004681;-0.096046;-0.178910;0.037244;
0.020555;0.049830;1.011816;0.132962;-0.094940;-0.153595;
0.041094;0.048020;1.037094;0.216931;-0.072040;-0.191763;
0.050418;0.069880;1.033865;0.163496;-0.064406;-0.031458;
0.054513;0.034634;1.010606;0.255099;0.034831;0.289153;
0.045806;0.056667;1.029194;-0.363221;-0.239979;0.060145;
0.042765;0.054332;1.029607;-0.034977;0.118800;-0.077259;
0.039166;0.073312;1.039150;-0.195282;-0.110208;-0.092527;
0.043592;0.080281;1.034165;0.262733;0.118800;-0.268099;
0.027527;0.045147;1.001793;0.201664;0.134067;-0.229931;
0.058914;0.045998;1.006174;0.361970;0.065365;0.098313;
0.040814;0.018392;0.995462;-0.233450;0.065365;0.235718;
0.046196;0.041235;1.022845;-0.401389;-0.201811;0.182283;
0.009896;0.028008;0.988297;0.400138;-0.354482;-0.023824;
0.047979;0.044866;1.015076;0.705481;-0.194177;-0.107794;
0.058998;0.027939;1.004687;0.690214;-0.133108;-0.031458;
0.047616;0.088674;0.994128;-0.309786;0.218037;0.266252;
0.038444;0.036277;1.009421;-0.622763;-0.331582;0.060145;
0.027668;0.022708;0.983813;-0.004443;-0.102574;0.052512;
0.024315;0.022393;0.990137;0.209298;-0.049139;0.090679;
0.016226;0.055478;0.978486;-0.050244;-0.148376;0.037244;
0.040958;0.031116;1.015022;0.079527;-0.156009;-0.222298;
0.024926;0.043728;1.013506;0.018458;-0.385017;-0.130695;
0.049814;0.024572;0.988078;0.423038;-0.087307;-0.115427;
0.027159;0.013589;0.978769;0.354336;-0.018605;0.067779;
0.033375;0.030029;0.982039;0.094794;-0.369750;0.220450;
0.031682;0.029775;1.020756;-0.164748;-0.186543;0.113580;
0.048271;0.045141;0.999390;-0.118946;0.164602;-0.092527;
0.028993;0.050117;1.020277;-0.042611;-0.178910;-0.031458;
0.025604;0.066736;1.017528;-0.157114;0.156968;0.128847;
0.037839;0.090578;1.023688;-0.431923;0.065365;-0.115427;
0.047447;0.062020;1.022919;-0.057878;0.095899;0.029611;
0.035829;0.056949;1.031509;-0.103679;-0.033872;0.037244;
0.072743;0.026118;1.051938;0.003191;0.164602;-0.054359;
0.029571;0.060913;1.006220;0.056626;-0.125475;-0.008557;
0.037103;0.045863;1.002430;-0.180015;-0.102574;-0.031458;
0.063455;0.053611;1.062260;0.071893;-0.209444;0.067779;
0.042407;0.078837;1.005681;0.110061;0.210403;-0.092527;
0.037922;0.046666;0.987740;0.117695;-0.201811;-0.107794;
0.044340;0.050094;1.034718;-0.302152;0.095899;-0.161229;
0.047775;0.023447;0.967680;0.361970;0.050098;0.258618;
0.041611;0.043401;1.019378;-0.019710;-0.079673;0.220450;
0.037721;0.062358;1.062021;-0.233450;0.027197;-0.207030;
0.045799;0.075004;0.999053;0.110061;-0.239979;-0.069626;
0.019810;0.056523;1.005036;-0.164748;0.034831;0.334954;
0.025744;0.062408;0.970630;0.132962;-0.247612;0.075412;
0.017170;0.028050;0.983742;-0.401389;0.088266;-0.184130;
0.059976;0.077780;1.025533;0.468840;-0.224711;0.250985;
0.023266;0.049032;0.998110;-0.630397;-0.278147;-0.016191;
0.046265;0.033122;0.984228;0.392504;-0.125475;-0.161229;
0.066383;0.068125;1.027691;0.071893;-0.217078;0.052512;
0.073604;0.054152;1.015084;0.003191;0.065365;0.144115;
0.056079;0.064118;1.021111;0.148229;0.103533;0.212817;
0.049039;0.095722;1.038390;-0.248717;0.134067;-0.153595;
0.046429;0.065427;1.025897;0.125328;0.011930;0.029611;
0.055000;0.076553;1.041629;0.232199;-0.201811;0.342588;
0.039197;0.062648;1.043410;-0.157114;0.042464;-0.168863;
0.046927;0.020568;1.024272;0.071893;0.187502;-0.222298;
0.045228;0.062612;1.037610;-0.447191;-0.033872;-0.069626;
0.060832;0.038865;1.029149;-0.080778;-0.056772;0.083046;
0.022861;0.034001;1.022163;-0.195282;0.072999;-0.008557;
0.027427;0.055755;1.010773;0.300901;-0.064406;0.052512;
0.026660;0.021297;1.041405;-0.111313;-0.507154;0.281519;
0.032927;0.045187;1.003341;0.178764;-0.270513;-0.245198;
0.051266;0.059070;1.008463;0.194031;-0.026238;-0.184130;
0.058532;0.054276;1.057295;0.102428;-0.171276;0.205183;
0.043724;0.033658;1.029811;-0.355588;0.164602;0.205183;
0.055280;0.086585;1.026330;-0.034977;-0.133108;-0.130695;
0.045096;0.050577;0.998198;0.552809;-0.163643;-0.031458;
0.039571;0.078324;0.996560;-0.164748;-0.346849;0.144115;
0.027450;0.018341;1.019794;-0.103679;0.057731;-0.222298;
0.029083;0.057860;0.999057;0.468840;-0.026238;0.060145;
0.005918;0.069171;0.998892;-0.111313;0.034831;0.151748;
0.015777;0.048334;1.025459;-0.149481;0.027197;0.189916;
0.022870;0.048183;1.008147;-0.149481;0.027197;-0.252832;
0.066471;0.070054;1.009083;-0.019710;-0.201811;0.144115;
0.055941;0.061903;1.037016;-0.118946;-0.362116;0.167015;
0.045353;0.072729;1.028685;-0.118946;0.164602;-0.046725;
0.046080;0.058546;1.006420;0.415405;-0.156009;-0.077259;
0.014201;0.055564;0.991210;0.033725;-0.308681;-0.054359;
0.036320;0.009283;1.021260;0.094794;-0.125475;-0.268099;
0.045902;0.076041;1.002993;0.201664;-0.056772;0.067779;
0.028619;0.074392;1.014249;0.445939;-0.484253;0.365489;
0.027628;0.051568;1.040877;-0.668565;-0.094940;-0.008557;
0.012893;0.037304;1.014223;-0.065511;0.309640;-0.222298;
0.060056;0.006425;0.997033;0.476473;0.004296;0.205183;
0.045796;0.069420;1.000688;-0.370855;-0.125475;-0.084893;
0.039909;0.044936;0.996325;0.087160;0.202770;-0.138328;
0.082558;0.063101;1.030790;0.201664;-0.156009;0.312054;
0.053816;0.089764;1.015075;-0.202916;0.072999;0.228084;
0.036434;0.062213;1.039441;-0.034977;0.164602;-0.061992;
0.052169;0.066257;1.013484;-0.088412;-0.163643;-0.016191;
0.057017;0.047380;1.023823;-0.202916;0.004296;0.037244;
0.038089;0.060360;1.023743;-0.218183;0.095899;-0.199397;
0.054538;0.072119;1.023167;0.445939;0.248571;0.075412;
0.045271;0.050996;1.009732;0.048993;-0.430818;0.167015;
0.033234;0.068531;1.014965;-0.004443;0.042464;-0.054359;
0.043522;0.059470;0.994626;-0.088412;0.439411;0.098313;
0.032189;0.056308;0.999324;-0.233450;-0.110208;-0.229931;
0.034924;0.050689;1.023067;0.209298;-0.178910;-0.207030;
0.032866;0.066071;1.014679;0.392504;0.134067;-0.054359;
0.029458;0.058224;0.989259;-0.485359;-0.117841;0.037244;
0.032394;0.075160;1.037855;0.163496;-0.033872;-0.092527;
0.026851;0.044711;1.007662;0.339069;0.027197;0.105947;
0.034290;0.045858;1.011463;-0.126580;-0.255246;-0.061992;
0.024553;0.052421;1.008968;0.201664;-0.270513;0.029611;
0.025849;0.045549;0.984609;0.178764;0.187502;-0.000924;
0.012547;0.066475;0.992571;-0.370855;-0.133108;-0.123061;
0.008858;0.024634;0.977689;0.079527;-0.087307;-0.229931;
0.018098;0.041306;0.986890;0.774183;0.431777;0.075412;
0.019423;0.087522;0.991994;0.064260;-0.339215;0.182283;
0.027658;0.051331;1.007525;-0.317420;-0.430818;-0.130695;
0.037692;0.023422;0.999660;0.407771;0.256205;0.121214;
0.047816;0.042181;1.049120;0.270367;-0.239979;-0.046725;
0.029058;0.073898;1.012286;-0.195282;-0.125475;-0.390237;
0.074184;0.082673;1.046650;0.728382;0.080632;0.052512;
0.027600;0.052427;0.999202;-0.584595;-0.049139;-0.046725;
0.028950;0.028640;0.985143;-0.172382;-0.018605;-0.436038;
0.025311;0.072234;0.994063;0.858153;0.340174;0.144115;
0.024236;0.061851;0.987766;-0.363221;-0.201811;-0.161229;
0.027378;0.018226;0.978349;-0.210549;0.248571;-0.092527;
0.024762;0.047278;1.006689;-0.096046;-0.125475;-0.115427;
0.041898;0.088118;1.025427;-0.416656;-0.186543;-0.214664;
0.055765;0.089171;1.034957;-0.042611;0.072999;0.052512;
0.035353;0.058814;1.044035;0.354336;0.034831;-0.008557;
0.046184;0.082174;1.038398;-0.554061;-0.362116;-0.145962;
0.050544;0.015529;0.984034;0.514641;-0.056772;0.296786;
0.048780;0.087315;1.031153;-0.126580;-0.117841;0.021977;
0.047232;0.064589;1.015842;0.094794;-0.018605;-0.069626;
0.046335;0.061405;1.051585;0.255099;-0.400284;0.182283;
0.039689;0.085226;1.035162;0.033725;-0.064406;-0.275733;
0.027845;0.030062;0.952289;0.621512;-0.293414;0.273886;
0.028233;0.015341;0.961399;-0.004443;-0.087307;-0.291000;
0.027951;0.066262;0.993768;-0.737267;-0.087307;-0.321534;
0.062500;0.037256;1.013455;0.270367;-0.087307;0.083046;
0.049346;0.069502;1.028204;0.048993;-0.201811;0.098313;
0.043532;0.053938;1.033536;-0.034977;0.164602;0.113580;
0.042221;0.059637;1.061065;0.316168;-0.140742;0.327321;
0.001852;0.047470;1.029172;-0.057878;-0.133108;-0.207030;
0.051104;0.056366;1.024360;0.308535;-0.293414;0.304420;
0.041245;0.032776;0.993961;0.056626;-0.110208;-0.413137;
0.031533;0.082404;1.002146;-0.378488;-0.224711;-0.168863;
0.011885;0.011336;0.941491;0.407771;0.080632;0.365489;
-0.000011;0.022746;0.961105;-0.447191;-0.209444;-0.222298;
0.039892;0.067275;1.023869;0.384870;-0.110208;0.281519;
0.047328;0.086336;1.035777;0.278000;-0.377383;0.205183;
0.019633;0.048668;1.001977;-0.218183;-0.377383;0.021977;
0.090214;0.037506;1.056030;0.239832;-0.049139;0.090679;
0.055961;0.081947;1.057415;-0.103679;-0.369750;0.021977;
0.028076;0.060816;1.004480;-0.241084;0.347808;-0.061992;
0.047683;0.060188;1.047173;0.331435;-0.354482;0.243351;
0.019675;0.074585;1.057529;0.125328;-0.262879;-0.168863;
0.091939;0.058781;1.071567;0.590977;-0.163643;0.006710;
0.047510;0.066471;0.993313;0.155863;0.027197;0.228084;
0.060618;0.076963;0.966923;0.392504;0.004296;0.128847;
0.004843;0.064794;0.952712;-0.180015;0.210403;0.060145;
0.031008;0.082324;0.981538;0.407771;-0.262879;-0.199397;
0.033520;0.053024;1.037549;-0.157114;-0.110208;0.044878;
0.012007;0.016891;1.021760;-0.149481;0.019563;-0.130695;
0.031968;0.000019;0.985261;0.323802;-0.041505;0.296786;
0.016483;0.058515;0.968480;-0.080778;-0.209444;-0.092527;
0.054854;0.044500;1.000455;0.384870;-0.094940;0.273886;
0.039901;0.045873;1.010562;-0.325053;-0.049139;0.044878;
0.052186;0.075581;1.017543;-0.141847;0.095899;0.342588;
0.058751;0.036555;1.028105;-1.027343;0.172235;-0.168863;
0.079717;0.052387;1.058059;0.789451;0.431777;0.113580;
0.036720;0.047132;1.024022;-0.271618;-0.400284;-0.199397;
0.084905;0.060599;1.069041;0.346702;0.523380;0.426557;
-0.024672;0.090048;0.993857;-0.332687;-0.232345;-0.153595;
0.055052;0.068192;1.002764;0.575710;0.034831;-0.023824;
-0.019770;0.088201;1.001501;-0.172382;-0.644559;-0.107794;
0.052073;0.043331;0.979555;0.300901;0.447044;-0.100160;
-0.011777;0.064070;0.991946;-0.202916;-0.591124;-0.061992;
0.056865;0.058822;0.989411;0.346702;0.401243;-0.092527;
-0.006014;0.091009;1.014734;-0.126580;-0.476620;0.052512;
0.037206;0.040143;0.994256;0.239832;-0.094940;0.136481;
0.047128;0.024490;1.025067;-0.134214;-0.476620;0.373122;
0.030463;0.030167;1.001372;0.415405;-0.026238;-0.306267;
0.045281;0.023802;1.017429;0.255099;-0.468986;0.258618;
0.021114;0.034791;0.998363;-0.057878;0.485212;-0.352069;
0.051555;0.034047;1.047338;0.209298;-0.392650;0.197550;
0.026010;0.055084;1.053412;-0.241084;0.172235;-0.352069;
0.056171;0.079874;1.098830;0.369603;-0.293414;0.243351;
0.029337;0.042339;1.037580;-0.149481;0.103533;-0.268099;
0.071202;0.052037;1.062347;0.262733;-0.430818;0.151748;
0.027884;0.066247;1.043547;-0.309786;0.179869;-0.207030;
0.026754;0.094904;1.056453;0.278000;-0.010971;0.205183;
0.027747;0.037505;1.045825;-0.080778;-0.140742;-0.069626;
0.033526;0.085854;1.065491;0.361970;-0.041505;0.067779;
0.043060;0.045805;1.045917;-0.363221;-0.102574;0.105947;
0.050123;0.040311;1.063839;0.560443;-0.728528;0.426557;
0.028467;0.056581;1.030663;-0.431923;0.439411;-0.214664;
0.046359;0.053340;1.100758;0.461206;-0.675093;0.296786;
0.023044;0.028810;0.999775;0.224565;-0.163643;-0.069626;
0.022123;0.076267;0.997018;-0.134214;-0.194177;-0.123061;
0.049808;0.021284;0.963018;0.339069;0.179869;-0.184130;
0.024846;0.063664;1.026791;-0.141847;-0.629292;0.411290;
0.036612;0.036727;0.962319;0.842886;0.057731;0.128847;
0.000478;0.116799;1.023048;-0.981542;-0.217078;-0.321534;
0.090073;0.042453;1.027654;0.781817;0.393609;0.052512;
-0.000168;0.109387;1.001597;-0.699099;-0.476620;-0.252832;
0.081541;0.037663;1.028444;0.346702;0.256205;0.167015;
0.032322;0.007426;1.057959;-0.340320;-0.606391;-0.199397;
0.045997;0.045674;1.010155;0.094794;0.462312;0.197550;
0.035936;0.070310;1.027781;-0.332687;-0.232345;-0.222298;
0.049417;0.042586;1.021194;0.522275;0.088266;0.258618;
0.013842;0.075240;1.021163;-0.821236;0.050098;-0.313901;
0.071729;-0.005186;0.998011;1.552809;-0.110208;0.121214;
0.050986;0.100205;1.021562;-1.164748;0.134067;-0.107794;
0.023383;0.059197;1.043135;1.186397;-0.041505;0.182283;
0.049223;0.091941;1.029264;-1.355588;-0.285780;-0.145962;
0.025337;0.043511;1.081435;0.919222;-0.049139;-0.069626;
0.033803;0.043945;0.982002;-0.431923;0.271472;-0.145962;
-0.014723;0.073421;0.957219;-0.157114;-0.232345;-0.344435;
0.088190;0.010775;1.001419;0.568076;0.218037;0.060145;
0.023632;0.055950;1.036961;-0.508259;-0.484253;-0.184130;
0.083034;0.079870;1.042321;-0.164748;0.279105;0.167015;
0.028697;0.045436;1.051593;-0.225817;-0.377383;0.052512;
0.072683;0.025803;1.030353;1.148229;-0.178910;0.434191;
0.020849;0.133384;1.005922;-1.241084;-0.102574;-0.000924;
0.020287;0.070029;1.010144;1.064260;0.179869;0.021977;
0.061368;0.094507;1.014270;-1.019710;-0.087307;-0.283366;
0.024166;0.047680;1.070198;1.484107;-0.209444;0.098313;
0.044512;0.095151;1.030961;-0.828870;0.256205;0.052512;
-0.005819;0.115604;0.995231;-0.347954;-0.186543;-0.291000;
0.086023;0.030249;1.006576;0.278000;0.103533;-0.023824;
0.038010;0.027759;1.062504;-0.279252;-0.774330;-0.138328;
0.062508;0.054237;1.007571;-0.462458;0.271472;0.067779;
0.047458;0.046701;1.042560;-0.164748;0.088266;-0.321534;
0.061789;-0.021160;0.988810;1.300901;0.111167;0.067779;
0.045854;0.109952;1.004711;-0.821236;0.011930;-0.031458;
0.029436;0.037096;1.045597;1.064260;0.363075;0.067779;
0.036366;0.070733;1.021908;-1.034977;-0.041505;-0.214664;
0.032496;0.000391;1.059821;1.132962;-0.301047;0.189916;
0.066138;0.041334;0.996646;0.041359;0.050098;-0.000924;
0.001901;0.120295;1.007180;-0.317420;-0.552956;-0.123061;
0.049475;0.071243;1.013273;-0.302152;0.179869;0.228084;
0.053746;0.022516;1.051861;0.247466;-0.362116;0.006710;
0.077183;0.000723;1.000627;1.018458;0.118800;0.174649;
0.035375;0.118365;1.031413;-0.805969;-0.117841;-0.084893;
0.013410;0.062960;1.033239;0.896321;0.004296;0.090679;
0.052131;0.066660;0.990929;-1.004443;-0.308681;-0.046725;
0.021675;-0.010890;1.040867;0.705481;-0.446085;-0.115427;
0.093331;0.000805;1.019739;0.132962;0.393609;0.021977;
0.049729;0.016622;1.028668;0.087160;-0.094940;-0.306267;
0.050280;-0.011052;0.950784;1.110061;-0.125475;0.510527;
0.018051;0.129687;1.029370;-0.828870;-0.049139;0.067779;
0.023252;0.100473;1.048637;0.697847;0.027197;0.174649;
0.034250;0.088834;0.999335;-0.737267;-0.064406;0.006710;
0.012972;0.082243;0.985695;-0.180015;-0.209444;-0.405504;
0.073885;0.058874;1.037226;-0.622763;0.309640;0.235718;
0.035898;0.040264;1.023911;-0.744901;0.218037;-0.298634;
-0.000495;-0.006349;0.956998;1.117695;-0.064406;0.212817;
0.036920;0.089131;0.960387;-0.393756;0.011930;0.075412;
0.002255;0.071807;1.007952;-0.027343;-0.667459;-0.329168;
0.084074;0.047176;1.037201;0.354336;0.004296;0.182283;
0.052616;0.142364;1.082277;-1.202916;0.134067;0.006710;
0.013742;0.059858;1.087393;0.957389;-0.323948;0.052512;
0.103079;0.065713;1.075259;-0.439557;0.347808;0.281519;
-0.002393;0.095086;1.014845;0.048993;-0.285780;-0.474206;
-0.002600;0.001317;0.954627;1.323802;0.103533;0.067779;
0.049728;0.120307;0.982846;-1.363221;0.088266;0.006710;
-0.022027;0.048013;0.978080;0.682580;-0.583490;-0.558176;
0.067418;0.005171;1.003740;0.507008;-0.392650;0.105947;
0.069111;0.141622;1.093781;-1.210549;-0.087307;0.296786;
0.017191;0.003085;1.111875;1.094794;-0.736162;-0.039092;
0.115348;0.028850;1.047678;-0.691465;0.019563;0.189916;
0.067061;0.156994;1.067736;-0.706733;0.004296;0.067779;
0.016241;-0.014403;1.085859;1.728382;-0.270513;-0.138328;
0.092687;0.037881;1.056806;-1.355588;0.332541;0.296786;
0.023058;0.061881;1.027475;0.552809;0.531014;-0.558176;
-0.029409;-0.015342;1.038851;1.201664;-0.591124;0.105947;
0.084162;0.139409;1.075816;-1.744900;0.347808;0.197550;
0.010704;0.037697;1.031853;1.491741;-0.293414;-0.321534;
0.000027;-0.026313;0.940285;0.835252;-0.217078;-0.199397;
0.076064;0.170053;0.962854;-1.508259;0.248571;0.357855;
0.026641;0.038386;0.941848;1.903954;-0.125475;-0.458939;
-0.014507;-0.004777;0.927150;0.377237;-0.461353;0.113580;
0.085180;0.184025;0.954358;-0.775435;0.172235;0.365489;
0.013650;-0.023843;0.981221;1.980290;-0.537688;-0.512374;
0.015683;0.008827;0.923853;0.224565;-0.476620;0.418924;
0.095065;0.165050;0.957902;-1.096046;0.317273;0.228084;
-0.002599;-0.010825;0.907368;2.171130;-0.728528;-0.306267;
-0.014040;0.032680;0.936283;-0.225817;-0.766696;0.296786;
0.090525;0.179603;0.967857;-0.889939;0.256205;0.518160;
0.013543;-0.033708;0.990640;1.636779;-0.484253;-0.382603;
-0.007429;0.042322;0.957116;0.094794;-0.072040;-0.008557;
0.082783;0.194215;0.975807;-1.027343;0.401243;0.418924;
-0.012351;-0.045424;0.924628;1.461206;-0.194177;-0.733748;
-0.034148;0.025934;0.992300;0.224565;-0.224711;-0.268099;
0.091982;0.127448;1.082374;-1.935740;0.744754;0.342588;
0.071232;0.030231;1.088514;1.461206;0.042464;-0.443672;
-0.038870;-0.031980;1.049509;-0.302152;-0.644559;-0.336801;
0.054522;0.071600;0.987357;-0.760168;0.202770;0.396023;
0.092267;0.010689;1.032374;0.819985;0.508113;0.235718;
-0.015092;0.001624;0.933365;1.079527;-0.629292;-0.588710;
-0.007448;0.188868;0.992349;-1.515893;-0.530055;0.151748;
0.100336;0.136933;1.069634;-0.126580;0.225670;0.174649;
0.063671;-0.085273;1.050437;1.323802;-0.308681;-0.115427;
-0.035437;0.010011;1.008235;-1.141847;-0.156009;-0.611611;
-0.031009;0.186954;0.955694;-0.767801;-0.094940;0.418924;
0.111048;0.055826;0.921230;1.308535;-0.079673;0.762435;
0.053343;-0.061675;0.997175;0.445939;-0.293414;-0.443672;
-0.039344;0.103208;1.110074;-2.286885;-0.209444;-0.542908;
-0.027714;0.148647;0.993193;-0.057878;-0.186543;0.105947;
0.117369;-0.043703;0.913008;1.957389;-0.278147;0.693733;
0.133953;-0.155450;1.003333;0.423038;0.210403;-0.191763;
-0.023060;0.139083;0.973748;-2.409023;-0.148376;-0.275733;
-0.010291;0.217790;1.113622;-0.157114;-0.270513;-0.474206;
-0.001089;-0.044580;0.995914;2.713115;-0.965169;0.487626;
0.125946;-0.094453;0.915336;0.728382;0.103533;0.609763;
0.106461;0.137886;1.030744;-1.370855;0.469945;-0.321534;
-0.037040;0.195233;1.059457;-1.332687;-0.201811;-0.260466;
-0.046565;0.081715;1.013533;0.598611;-0.293414;-0.313901;
0.072706;-0.018525;1.100824;1.575710;-0.507154;0.632664;
0.130840;0.009308;0.942660;0.186397;0.225670;0.602130;
0.155283;0.018694;1.054719;-0.973908;0.431777;-0.390237;
-0.031053;0.192349;1.042334;-0.844137;-0.446085;-0.535275;
-0.013061;0.140597;1.112462;0.140596;-0.316314;-0.726114;
0.062184;-0.031127;1.090683;2.178763;-0.598757;0.434191;
0.121583;-0.039008;0.936923;0.514641;0.072999;0.747168;
0.174505;0.008540;1.030077;-0.996809;0.324907;0.243351;
-0.020760;0.169277;0.963430;-1.790702;0.355441;-0.657412;
-0.029717;0.147249;1.122376;0.278000;-0.728528;-0.184130;
-0.105583;0.044211;0.994739;2.018458;-0.812498;-0.016191;
0.122395;-0.040513;0.948192;0.468840;0.088266;0.479992;
0.179367;-0.004759;1.021370;-0.302152;0.263838;0.655565;
0.060016;0.134068;0.989568;-2.126580;0.607350;-0.535275;
-0.030343;0.165906;1.099587;-0.210549;-0.064406;-0.718481;
-0.103508;0.113532;1.027164;1.178764;-0.797230;-0.046725;
0.018119;-0.055137;1.044587;2.407771;-0.820131;0.182283;
0.130604;-0.059297;0.953676;0.018458;-0.133108;0.838771;
0.165343;0.010973;0.976034;-1.447191;0.614983;0.220450;
-0.043866;0.187390;0.961403;-1.752534;0.805823;-0.749015;
-0.006942;0.150464;1.150456;0.293267;-0.232345;-0.413137;
-0.169989;0.048576;1.006395;1.224565;-0.774330;-0.268099;
0.017866;-0.104083;0.965157;1.995557;-0.614024;0.052512;
0.124228;-0.056348;0.959759;-0.263985;0.179869;0.365489;
0.177667;0.034660;0.971158;-0.874672;1.004296;0.151748;
0.009668;0.217118;1.000359;-1.775435;1.065365;-0.657412;
-0.048726;0.161939;1.055374;-0.813603;0.408877;-1.107794;
-0.084349;0.036908;1.109943;1.262733;-1.423185;-0.451305;
-0.131406;0.044270;1.000995;1.957389;-1.331582;-0.382603;
-0.013983;-0.104232;0.960289;2.155863;-1.415551;0.563962;
0.138447;-0.080714;1.014291;1.323802;-0.812498;0.617397;
0.186877;0.022433;0.954682;-1.012076;0.569182;0.487626;
0.227218;0.116883;0.961285;-1.798336;1.439411;0.701366;
0.130087;0.121471;1.047271;-1.134214;1.363075;-0.428405;
-0.005805;0.237956;0.992595;-0.630397;0.798189;-0.260466;
-0.079579;0.122235;0.975643;-0.134214;-0.041505;-0.871153;
-0.105708;0.028495;0.987398;0.606244;-1.163643;-0.764282;
-0.092533;-0.025028;1.069202;1.606244;-1.682727;-0.687946;
-0.110982;0.042664;1.108177;1.652046;-1.881200;-0.207030;
-0.160083;0.095773;1.101140;0.774183;-1.591124;-0.283366;
-0.173499;0.124456;1.072675;-0.111313;-1.545322;-0.092527;
-0.179362;0.159292;1.056669;-0.576962;-1.224711;-0.069626;
-0.193898;0.117979;0.996519;-0.645664;-0.942269;0.044878;
-0.145429;0.080720;0.972144;0.071893;-0.759063;0.373122;
-0.105827;0.054163;0.958833;0.102428;-0.110208;0.304420;
-0.062582;-0.039249;0.929645;1.033725;-0.461353;0.640298;
0.243400;0.091049;1.076394;1.285634;0.019563;0.441824;
0.274251;0.122295;1.077040;0.415405;0.996663;0.846405;
0.279789;0.132215;1.053231;-0.821236;1.370709;0.770069;
0.279742;-0.014673;0.977776;-1.363221;1.737121;0.418924;
0.289423;-0.047112;0.978178;-1.370855;1.882159;0.357855;
0.268302;-0.041679;0.969375;-1.027343;2.042464;0.105947;
0.278362;-0.022313;0.993585;-0.111313;1.660785;0.220450;
0.283872;-0.075891;0.996073;0.484107;1.202770;0.174649;
0.275566;-0.088856;0.970264;0.568076;1.363075;-0.222298;
0.123323;0.034471;1.038800;0.713115;1.126434;-0.031458;
0.105728;0.023201;1.043291;0.392504;0.561548;-0.168863;
0.106208;0.042039;1.029349;0.140596;0.683686;-0.145962;
0.117466;0.062131;1.049173;-0.317420;-0.117841;-0.252832;
0.114639;0.052320;1.037710;-0.622763;-0.400284;-0.329168;
-0.132158;0.103011;0.951812;-0.996809;-0.446085;-0.527641;
-0.119267;0.100757;0.955150;-0.683832;-0.209444;-0.397870;
-0.123316;0.098807;0.951877;-0.332687;-0.110208;-0.603977;
-0.091633;0.114149;0.962603;-0.401389;-0.232345;-0.313901;
-0.065814;0.145286;0.989416;-0.706733;-0.186543;-0.451305;
-0.068182;0.137339;0.987305;-0.164748;0.492846;-0.405504;
-0.012222;0.120415;1.029051;-0.225817;0.156968;-0.283366;
0.015577;0.142594;1.053554;0.003191;0.225670;-0.031458;
0.046165;0.110305;1.044937;-0.294519;0.309640;-0.420771;
0.084439;0.063844;1.059028;-0.218183;0.019563;-0.359702;
0.125925;0.028477;1.053954;-0.233450;0.088266;-0.245198;
0.171984;0.017208;1.047823;-0.805969;0.271472;-0.138328;
-0.021938;0.122542;0.989463;-0.286885;0.210403;-0.313901;
0.056681;0.074958;1.026917;-0.088412;0.347808;-0.107794;
0.108634;0.055648;1.051896;-0.057878;0.263838;-0.061992;
0.156970;-0.009173;1.044039;-0.141847;0.630251;-0.031458;
0.235067;-0.065482;1.019318;0.148229;0.973762;0.296786;
0.259375;-0.098466;1.000547;-0.118946;0.775289;0.312054;
0.176320;0.008750;1.055364;-0.286885;0.935594;0.357855;
0.250131;-0.081604;1.034256;-1.263985;1.370709;0.296786;
0.268837;-0.105093;0.982684;-0.729633;1.355441;0.380756;
0.248539;-0.056048;0.969130;-1.187649;1.492846;0.396023;
0.243814;0.014222;1.056156;-0.271618;1.553915;0.090679;
0.203429;0.034611;1.033319;0.659680;1.416510;0.815870;
0.259528;0.010345;1.038913;0.743649;1.477579;0.808237;
0.199014;0.025336;1.047344;1.484107;1.072999;0.449458;
0.237323;0.010309;1.060176;1.560443;1.134067;0.663199;
0.135314;0.015458;0.998969;1.934489;0.851625;0.426557;
-0.013846;0.034935;0.906157;1.774183;0.790556;0.266252;
-0.140488;0.161497;0.994721;1.560443;0.233304;0.029611;
-0.082399;0.149890;0.975515;1.827618;-0.255246;0.128847;
-0.170955;0.177927;1.069565;1.850519;-0.575856;-0.306267;
-0.149341;0.101351;1.080040;0.598611;-1.316314;-0.397870;
-0.089046;0.115842;1.003617;-0.813603;-0.995704;-0.474206;
0.064249;0.031507;0.964107;-1.401389;-0.919368;-0.497107;
0.240752;-0.012097;1.050336;-1.935740;-0.308681;-0.039092;
0.271126;-0.061820;1.033860;-1.416656;0.729487;0.312054;
0.181297;-0.017943;1.030525;0.575710;1.019563;0.800603;
-0.003538;0.028752;0.949862;1.041359;0.790556;0.495260;
0.037347;0.024443;0.970243;1.293267;0.622617;0.655565;
-0.090994;0.232285;1.003564;1.827618;0.225670;0.495260;
-0.182889;0.133420;1.032701;2.453573;-0.232345;-0.184130;
-0.085486;0.099657;1.035801;0.522275;-1.056772;-0.260466;
0.068158;-0.010871;0.970904;-0.798336;-0.743795;-1.069626;
0.090907;0.025314;0.969300;-1.554061;-0.323948;-0.298634;
0.243718;-0.105475;1.006598;-2.340320;0.508113;-0.153595;
0.249671;-0.035507;1.070721;0.522275;0.408877;0.747168;
0.012237;0.000321;0.971008;0.736015;0.676052;0.609763;
-0.133930;0.254840;1.037858;1.995557;0.187502;0.655565;
-0.157051;0.158729;1.027305;2.041359;-0.453719;0.388389;
-0.162353;0.168331;1.034726;0.041359;-0.476620;-0.245198;
0.038388;0.106692;1.006519;-0.676198;-0.346849;-0.611611;
0.258199;-0.182482;0.960565;-2.286885;-0.094940;-0.550542;
0.290195;-0.044336;1.117024;-0.225817;0.202770;-0.168863;
-0.040599;-0.034741;0.948659;0.270367;0.263838;0.479992;
-0.141877;0.349534;1.088164;2.255099;-0.041505;0.960908;
-0.142777;0.190880;1.027975;0.545176;-0.552956;0.350221;
0.182273;-0.007009;0.990972;-0.485359;-0.201811;-0.184130;
0.322841;-0.189068;1.047460;-2.424290;0.187502;-0.832985;
0.042010;-0.087677;0.956665;0.858153;0.072999;-0.329168;
-0.088914;-0.062964;0.928926;0.560443;0.477579;0.273886;
-0.180165;0.369238;1.078343;1.491741;-0.476620;0.983809;
-0.049958;0.202322;1.036571;-1.202916;-0.537688;0.457092;
0.269977;-0.197262;0.944333;-1.424290;-0.385017;-0.665046;
0.224698;-0.107655;1.054360;0.919222;0.309640;-0.962756;
-0.147445;0.179230;1.013517;1.010825;0.195136;0.113580;
-0.142723;0.347313;1.106021;1.667313;-0.568223;0.884573;
-0.106117;0.230714;1.029810;-1.118946;-0.507154;0.457092;
0.254048;-0.122871;0.982951;-1.630397;-0.301047;-0.626878;
0.245892;-0.139057;1.071125;1.155863;0.019563;-0.749015;
-0.138436;0.151921;1.000006;1.598611;0.103533;0.510527;
-0.190881;0.328778;1.081282;0.942122;-0.652192;0.861672;
0.161522;0.110498;1.043144;-1.347954;0.011930;0.502893;
0.314702;-0.270959;1.009126;-1.660931;0.111167;-0.894053;
0.243932;-0.151953;1.062572;1.262733;-0.010971;-0.932221;
-0.161604;0.178365;1.017962;1.812351;-0.209444;0.533428;
-0.159054;0.294652;1.025818;-0.744901;-0.499521;1.052512;
0.245570;-0.011504;1.024665;-2.080778;-0.270513;-0.008557;
0.243483;-0.214993;1.037619;0.720748;0.263838;-1.245198;
-0.182122;0.182534;1.003999;1.858153;0.302006;0.037244;
-0.147939;0.311578;1.046330;0.835252;-0.705627;1.174649;
0.040114;0.260576;1.054390;-2.271618;-0.514788;0.823504;
0.337791;-0.265166;0.978395;-0.584595;0.500479;-1.153595;
-0.075755;-0.138242;0.905705;1.926855;0.302006;-0.764282;
-0.180560;0.401174;1.079537;0.545176;-0.743795;1.273886;
0.132086;0.156729;1.051000;-1.867038;-0.598757;0.686099;
0.301255;-0.247619;1.015895;-0.500626;0.302006;-1.153595;
-0.199443;0.097299;0.967449;1.995557;0.592083;-0.749015;
-0.166568;0.364402;1.052473;0.644412;-0.858299;1.396023;
0.273401;-0.100775;0.979378;-2.042610;-0.644559;0.693733;
0.323107;-0.288876;0.989613;0.270367;0.462312;-1.581076;
-0.093855;-0.055097;0.933139;2.323802;0.111167;-0.535275;
-0.170770;0.376286;1.079069;-0.073145;-0.644559;1.594496;
0.261214;0.023410;1.026375;-3.065511;-0.346849;0.487626;
0.175276;-0.271257;0.966190;1.094794;0.531014;-1.588710;
-0.200185;0.314606;1.076530;2.636779;0.202770;-0.184130;
0.005423;0.302983;1.085166;-1.202916;-0.682727;1.289153;
0.316129;-0.271628;1.008646;-2.905206;0.156968;-0.268099;
0.178373;-0.294927;0.954365;2.407771;0.469945;-1.527641;
-0.220610;0.308640;1.069532;1.972657;-0.346849;1.044878;
0.073813;0.283737;1.059619;-2.309786;-0.858299;1.449458;
0.306081;-0.316333;0.985539;-0.500626;0.439411;-1.275733;
-0.173501;0.104375;0.999063;2.812351;0.416510;-1.054359;
-0.021751;0.417325;1.125431;-0.645664;-0.385017;1.792970;
0.308439;-0.233732;0.991187;-3.256351;-0.323948;0.052512;
-0.126714;-0.123271;0.897597;1.858153;0.836357;-2.023824;
-0.194024;0.250703;1.037189;1.659680;-0.667459;1.052512;
0.110405;0.338867;1.074181;-3.378488;-0.720895;1.739534;
0.250317;-0.301479;1.002374;0.522275;0.240937;-1.497107;
-0.201438;0.171869;1.005532;3.728382;-0.033872;-0.787183;
0.070006;0.413960;1.108293;-2.034977;-0.896467;2.090679;
0.264733;-0.313158;0.989412;-1.660931;-0.010971;-0.718481;
-0.216491;0.108007;1.006352;3.736016;0.691319;-1.367336;
0.057958;0.463128;1.126247;-0.943374;-0.659826;1.915107;
0.283857;0.030887;1.029257;-3.042610;-0.117841;0.151748;
-0.031372;-0.286350;0.866910;2.659680;1.156968;-2.130695;
-0.121221;0.370364;1.076990;0.117695;-0.736162;1.487626;
0.280095;0.000166;1.041754;-4.202916;-0.583490;0.892206;
-0.059452;-0.276914;0.871553;2.552809;0.775289;-2.054359;
-0.057229;0.421682;1.107089;1.522275;-0.438452;1.182283;
0.167010;0.373494;1.087504;-4.485359;-0.736162;1.220450;
0.138746;-0.372178;0.920802;1.644412;0.859258;-2.000924;
-0.160026;0.229737;1.041536;2.285634;-0.468986;0.212817;
0.230482;0.206786;1.081079;-4.141847;-0.873566;1.487626;
-0.020147;-0.347948;0.868872;1.613878;0.492846;-2.077259;
-0.141762;0.340796;1.073571;2.377237;-0.308681;0.670832;
0.249658;-0.008084;1.062046;-4.202916;-0.812498;1.563962;
0.110416;-0.334164;0.913104;2.384871;0.889793;-1.947488;
-0.182674;0.174082;1.011470;2.224565;-0.484253;0.487626;
0.249913;0.202687;1.086690;-4.271618;-1.094940;1.189916;
-0.087360;-0.284286;0.876690;2.766550;0.950861;-2.069626;
-0.035022;0.388239;1.097355;0.621512;-0.507154;1.525794;
0.243159;-0.110865;1.057273;-3.851771;-0.781963;0.869305;
-0.195086;-0.037006;0.938095;4.071893;0.790556;-1.802450;
0.186549;0.401389;1.113444;-2.134213;-0.873566;2.212817;
0.034392;-0.325385;0.881009;-0.897572;0.332541;-1.138328;
-0.155462;-0.034888;0.968851;3.980290;-0.247612;-0.252832;
0.192975;0.385906;1.083393;-4.737267;-1.026238;1.487626;
0.061178;-0.300277;0.892299;1.934489;1.080632;-2.031458;
-0.084235;0.237006;1.071409;1.201664;-0.690360;1.105947;
0.265538;0.066164;1.085420;-3.241084;-0.239979;0.586863;
-0.180860;-0.090037;0.932377;4.094794;0.737121;-2.077259;
0.190265;0.370641;1.082152;-1.905206;-0.644559;2.021977;
0.257925;-0.032618;1.074313;-0.706733;0.546281;-1.245198;
-0.159468;-0.017020;0.970279;3.819985;0.164602;-0.481840;
0.229749;0.330731;1.089980;-4.302153;-0.835398;1.281519;
-0.057324;-0.269902;0.877325;2.697848;1.256205;-2.084893;
0.024562;0.328614;1.107635;-0.638030;-0.392650;1.960908;
0.210789;-0.117847;1.019929;-1.928107;-0.003337;-0.283366;
-0.168872;0.025466;0.972479;3.789451;0.042464;-0.550542;
0.256990;0.249997;1.097532;-4.569328;-0.865933;2.006710;
-0.142158;-0.184250;0.913657;2.163496;1.202770;-2.145962;
-0.101562;0.124096;1.043039;0.667313;-0.369750;1.418924;
0.251759;0.132223;1.113894;-2.195282;-0.094940;-0.031458;
-0.178112;-0.075194;0.938027;4.285634;0.523380;-1.191763;
0.233372;0.333401;1.077074;-4.302153;-0.980437;2.121214;
-0.060178;-0.224828;0.884805;2.293267;1.164602;-2.100160;
0.069846;0.297514;1.115182;0.590977;-0.835398;1.754802;
0.130627;-0.141583;0.978720;-2.080778;-0.354482;-0.016191;
-0.123864;0.049698;0.997012;4.071893;0.416510;-1.016191;
0.242186;0.134754;1.101779;-4.210549;-0.972803;1.563962;
-0.038822;-0.239122;0.870188;3.026092;1.134067;-2.260466;
0.047994;0.248486;1.102389;-1.477725;-1.033872;2.289153;
0.144210;-0.112181;1.010728;-0.729633;0.324907;-0.932221;
-0.132538;0.037998;0.975630;2.758916;-0.171276;0.128847;
0.229521;0.163740;1.091720;-3.874671;-0.927001;1.105947;
-0.188115;-0.087047;0.927413;4.148229;0.905060;-1.947488;
0.260084;0.320529;1.092225;-3.225816;-1.247612;2.373122;
0.093175;-0.110094;0.988700;0.926855;1.057731;-1.993290;
-0.102672;0.057354;1.000366;1.117695;-0.820131;1.266252;
0.236906;0.079023;1.109477;-2.164748;-0.423185;0.128847;
-0.177845;-0.023742;0.954717;3.819985;0.179869;-1.092527;
0.244028;0.231514;1.127242;-4.080779;-0.781963;1.373122;
-0.196281;-0.081675;0.955330;3.903954;1.050098;-2.168863;
0.234571;0.300879;1.083240;-4.012076;-1.247612;2.182282;
-0.156439;-0.130352;0.912030;1.293267;1.378342;-2.207031;
0.182304;0.279190;1.073354;-0.538794;-1.201811;1.724267;
0.190479;0.029655;1.087992;-0.744901;0.637884;-0.749015;
-0.131997;-0.004943;0.988501;2.903954;-0.133108;-0.199397;
0.247756;0.187783;1.125433;-2.706733;-0.530055;0.739534;
-0.172452;-0.070010;0.940389;3.911588;0.355441;-1.397870;
0.287925;0.274363;1.111077;-4.164748;-1.125475;1.892206;
-0.182300;-0.077989;0.927382;3.690214;1.057731;-2.466573;
0.292130;0.277369;1.085677;-4.149481;-1.117841;2.464725;
-0.018912;-0.145972;0.888989;1.949756;1.141701;-2.237565;
0.287170;0.280582;1.105271;-2.386122;-1.232345;2.220450;
0.006170;-0.143005;0.925926;1.171130;1.614983;-1.894053;
0.038060;0.126420;1.056826;0.728382;-0.888834;1.174649;
0.048185;-0.066147;0.974967;-0.622763;0.760021;-0.878786;
-0.014996;0.095312;1.022026;2.216931;-0.728528;0.304420;
0.073103;-0.026129;1.011949;-1.935740;-0.308681;-0.031458;
-0.029535;0.070136;1.049409;2.606245;-0.247612;-0.291000;
0.019732;-0.020561;0.985524;-2.523526;-0.614024;0.625031;
-0.187346;-0.069019;0.974523;2.972657;0.011930;-0.962756;
0.295105;0.235958;1.128767;-2.874671;-0.614024;1.113580;
-0.171616;-0.056351;0.971743;2.797084;0.149335;-1.199397;
0.259457;0.204585;1.135407;-2.729633;-0.354482;1.373122;
-0.112278;-0.044318;1.015183;2.804718;0.248571;-1.000924;
0.142680;0.108896;1.029121;-2.546427;-0.087307;0.892206;
0.004642;0.041214;1.059283;2.926855;0.065365;-0.894053;
0.283100;0.233949;1.097425;-2.271618;-0.010971;0.716634;
-0.141393;-0.067350;0.986725;2.499374;-0.171276;-0.466572;
0.152973;0.152898;1.036528;-0.920473;0.660785;-0.428405;
0.029996;0.024200;1.079259;1.278000;-1.201811;0.128847;
-0.066881;-0.022641;0.895494;-0.874672;1.164602;-0.313901;
0.241894;0.119767;1.061095;-0.851771;-1.667459;1.228084;
-0.220569;-0.066413;0.911803;1.652046;2.050098;-1.420771;
0.310609;0.232532;1.075970;-3.332687;-2.163643;1.999076;
-0.191272;-0.062089;0.893645;3.751283;1.508113;-1.901687;
0.302362;0.170085;1.050669;-3.622763;-1.675093;2.037244;
-0.180850;-0.130458;0.969554;3.484107;0.843991;-1.481840;
0.127471;0.185104;1.005490;-2.233450;0.393609;0.479992;
0.144034;-0.017820;1.113127;1.568076;-1.438452;0.136481;
-0.214273;0.012883;0.894898;1.224565;2.126434;-1.077259;
0.313382;0.180633;1.068880;-2.485358;-2.591124;1.487626;
-0.227305;0.031281;0.895716;3.308535;1.989029;-1.687946;
0.309930;0.178822;1.073218;-3.256351;-1.476620;1.502893;
-0.089087;-0.130054;0.993914;2.789451;0.195136;-0.672679;
-0.045645;0.154628;0.910386;-0.653298;1.584449;-0.458939;
0.308586;0.041218;1.104551;-0.844137;-2.667459;1.334954;
-0.240950;-0.036283;0.905576;2.507008;2.714220;-1.588710;
0.203375;0.218327;1.059528;-2.523526;-1.980437;1.533428;
0.170847;-0.080130;1.131730;2.858153;0.599716;-0.848252;
0.095078;0.253494;1.004552;-1.409023;1.309640;-0.298634;
0.274547;-0.059909;1.154585;-0.958641;-2.873566;1.594496;
-0.275205;0.045150;0.919269;2.804718;2.057731;-1.871153;
0.236656;0.213178;1.081015;-2.279252;-1.362116;1.174649;
0.143494;-0.093413;1.181419;1.484107;-1.148376;0.197550;
-0.261448;0.099995;0.872443;-0.057878;2.424144;-1.321534;
0.337494;0.119577;1.082068;-2.409023;-2.949902;1.907473;
-0.024950;-0.098565;1.051683;2.171130;2.256205;-1.596343;
0.205002;0.171321;1.040476;-1.401389;0.538647;0.121214;
0.192987;-0.093603;1.154409;0.659680;-2.010971;0.800603;
-0.297273;0.131937;0.874605;1.507008;2.920327;-1.794817;
0.271867;0.141750;1.047863;-1.943374;-2.606391;1.838771;
0.174561;-0.086398;1.157930;1.644412;0.721853;-0.886420;
0.019707;0.191475;0.929996;0.071893;2.050098;-0.832985;
0.364941;-0.023225;1.146593;-1.889939;-3.316314;1.861672;
-0.272928;0.018341;0.912291;1.621512;1.622617;-1.443672;
-0.041095;0.163834;0.924807;-0.683832;0.927961;-0.161229;
0.453697;-0.050935;1.175651;-1.729633;-3.278147;2.113580;
-0.208907;0.001107;0.973028;1.682580;2.385976;-1.947488;
-0.234741;0.158944;0.846949;0.308535;0.989029;-0.527641;
0.447481;-0.005336;1.112713;-1.874671;-3.621658;1.938008;
0.053648;-0.029414;1.085927;1.400138;1.973762;-1.619244;
0.054712;0.120364;0.953246;0.896321;0.874525;-0.291000;
0.501102;0.007997;1.180858;-2.378488;-3.385017;2.121214;
-0.181887;0.035077;1.006275;1.461206;2.370709;-1.916954;
-0.328178;0.116176;0.832250;1.316168;1.172235;-0.642145;
0.417381;0.033213;1.080476;-2.393755;-3.789597;2.365489;
0.306576;0.011410;1.208063;0.171130;1.508113;-1.061992;
-0.250250;0.115080;0.832850;2.247466;2.828724;-1.336801;
0.465925;0.041659;1.097473;-1.599862;-3.461353;2.197550;
0.252863;0.002477;1.208396;-0.928107;-0.018605;-0.229931;
-0.422993;0.107475;0.901891;3.209298;3.454678;-2.229931;
-0.111242;0.068668;0.867254;-0.088412;-1.789597;1.243351;
0.552902;0.058959;1.159774;-3.034977;-3.270513;2.021977;
-0.455571;0.103802;0.891811;1.621512;2.660785;-2.153595;
-0.210794;0.076318;0.852710;2.415405;2.172235;-0.939855;
0.550832;0.049884;1.129205;-1.783068;-3.400284;2.380756;
0.343677;0.024473;1.211722;-2.027343;-0.560589;0.144115;
-0.399585;0.049912;0.922967;3.507008;3.653151;-2.581076;
-0.378137;0.066978;0.783743;1.545176;0.324907;0.342588;
0.621767;0.062870;1.250314;-3.271618;-3.995704;2.541061;
-0.124745;-0.001316;1.097044;-0.576962;1.340174;-1.023824;
-0.577940;0.077010;0.831077;3.873420;3.469945;-2.458939;
-0.113436;0.055464;0.787580;1.720748;0.378342;0.037244;
0.566638;0.113782;1.111476;-3.393755;-4.056772;2.403656;
0.502286;0.055335;1.280877;-1.576962;0.500479;-0.512374;
-0.569724;0.061940;0.823618;3.736016;3.805823;-2.512374;
0.058506;0.066821;0.845852;1.644412;-0.018605;0.296786;
0.639276;0.123266;1.153352;-3.386122;-4.026238;2.426557;
0.386767;0.046144;1.284743;-1.958641;-0.072040;-0.352069;
-0.365124;0.004379;1.014017;3.361970;3.645518;-2.390237;
0.181740;0.076316;0.887710;2.812351;1.424144;-0.535275;
0.703347;0.130008;1.185993;-3.111313;-4.407917;2.472359;
0.296544;0.000298;1.265631;-2.767801;-0.728528;0.418924;
-0.463633;0.007704;0.983485;2.629145;3.630251;-2.550542;
-0.533877;0.059488;0.753223;2.781817;1.294373;-0.520008;
0.690018;0.100241;1.229021;-1.935740;-3.697994;2.487626;
0.209752;0.004609;1.230375;-3.668565;-2.232345;1.327321;
-0.507517;0.018991;0.933001;2.110061;3.141701;-2.443672;
-0.476265;0.055537;0.725538;3.705481;2.202770;-1.458939;
0.299688;0.083768;0.907149;-1.164748;-3.530055;2.495260;
0.702590;0.110447;1.218312;-3.989175;-2.530055;1.617397;
-0.550801;0.055807;0.926300;1.690214;2.767655;-2.275733;
-0.414322;0.058528;0.758830;3.949756;2.935594;-1.855885;
0.380470;0.106972;0.960130;0.056626;-2.247612;1.922740;
0.697479;0.123750;1.244917;-4.012076;-3.346849;1.823504;
0.117522;-0.014852;1.221671;-0.073145;1.668419;-1.596343;
-0.536958;0.026811;0.914795;3.613878;3.622617;-2.352069;
0.431914;0.094607;0.995012;1.171130;-0.415551;0.869305;
0.668333;0.098156;1.241679;-4.172381;-3.843032;2.342588;
0.026062;-0.021710;1.188395;-0.966275;0.760021;-0.932221;
-0.560319;0.060020;0.912248;3.598611;3.874525;-2.634511;
-0.352502;0.065540;0.750246;1.965023;0.363075;0.083046;
0.623276;0.089743;1.265929;-2.912839;-4.041505;2.479992;
-0.069898;-0.014008;1.131724;-1.836504;0.126434;-0.451305;
-0.562963;0.075274;0.896983;2.774184;3.561548;-2.374969;
-0.271773;0.050516;0.772999;3.064260;1.897426;-1.100160;
0.505070;0.112524;1.045110;-0.928107;-3.148376;2.273885;
0.673332;0.067123;1.270726;-3.882305;-2.949902;1.518160;
-0.066211;-0.031022;1.139867;1.102428;2.378342;-2.054359;
-0.605508;0.080004;0.860646;3.758916;2.981395;-1.978023;
0.581231;0.109938;1.083427;0.346702;-2.049139;1.571596;
0.603300;0.079606;1.289285;-4.302153;-3.003337;2.014344;
-0.164589;-0.010334;1.129452;0.110061;1.752388;-1.695580;
-0.606174;0.054189;0.831080;3.361970;3.752388;-2.558176;
-0.207247;0.048132;0.763091;1.194031;-0.545322;0.678466;
0.526025;0.106006;1.063704;-3.080778;-3.934635;2.731901;
-0.247486;-0.006536;1.113126;-1.821236;0.370709;-0.657412;
-0.605014;0.081635;0.836890;2.987924;3.706586;-2.642145;
-0.082261;0.050063;0.798734;2.445939;1.004296;-0.092527;
0.606229;0.127257;1.135285;-1.737267;-3.682727;2.464725;
0.509001;0.059701;1.273679;-3.905206;-2.148376;1.342588;
-0.237670;-0.007511;1.046551;1.293267;2.531014;-2.199397;
-0.595050;0.088792;0.843266;3.713115;3.134067;-1.726114;
-0.124571;0.033921;0.818742;0.384870;-2.407917;1.609763;
0.441134;0.042012;1.289134;-4.103679;-3.537688;1.968542;
-0.321665;-0.008753;1.039455;-0.187649;1.683686;-1.428404;
-0.598723;0.077186;0.811657;3.827619;4.065365;-2.489473;
-0.023503;0.050334;0.823114;1.804718;-0.064406;0.052512;
0.680599;0.119369;1.150204;-3.111313;-4.018604;2.739534;
0.451230;0.036238;1.260747;-2.737267;-0.423185;-0.107794;
-0.337017;0.008970;1.052001;3.026092;4.050097;-2.817718;
0.079541;0.064346;0.874070;2.377237;0.996663;-0.344435;
0.672529;0.107371;1.156781;-2.928107;-3.781963;2.625031;
0.371936;0.014572;1.258571;-3.233450;-1.362116;0.602130;
-0.387412;0.006802;1.020111;2.400138;3.302006;-2.680313;
-0.539819;0.066415;0.813808;2.888687;1.843991;-0.970389;
0.719311;0.131071;1.206098;-1.263985;-3.446085;2.518160;
0.284638;0.015386;1.252929;-3.821237;-2.575856;1.464725;
-0.430533;0.002572;0.973091;1.316168;2.614983;-2.176496;
-0.504266;0.057893;0.779859;3.682580;3.034831;-1.573443;
0.165139;0.072792;0.901892;-0.584595;-3.041505;2.075412;
0.680249;0.112081;1.186876;-3.844137;-3.217078;1.838771;
-0.495144;0.006682;0.933978;0.697847;2.347808;-1.733748;
-0.455173;0.044260;0.734992;3.842886;3.355441;-1.916954;
0.253430;0.076944;0.927237;0.766550;-2.033872;1.174649;
0.709383;0.089777;1.216147;-3.660931;-3.537688;2.350221;
0.197159;-0.024715;1.217264;-0.622763;1.279105;-1.115427;
-0.520174;0.028947;0.955771;3.690214;3.790556;-2.565809;
0.372862;0.101493;0.977598;1.629145;-0.156009;0.396023;
0.701394;0.086941;1.232177;-3.752534;-3.988070;2.487626;
0.113991;-0.024684;1.194259;-1.485359;0.271472;-0.573443;
-0.556429;0.036930;0.921041;3.392504;3.592083;-2.832985;
-0.398730;0.066878;0.761380;2.300901;0.782922;-0.084893;
0.353537;0.091765;0.993367;-2.065511;-3.927001;2.731901;
0.012689;-0.003658;1.183317;-3.057878;-1.362116;0.487626;
-0.585256;0.038150;0.899561;2.300901;3.072999;-2.413137;
-0.352342;0.054088;0.767002;3.285634;2.279105;-1.260466;
0.394185;0.086970;0.997798;0.209298;-2.354482;1.640298;
0.675658;0.101960;1.227370;-4.164748;-3.255246;1.960908;
0.072513;-0.003054;1.176574;0.980290;2.416510;-1.741382;
-0.270288;0.054542;0.759836;3.896321;3.553915;-2.000924;
0.465103;0.088450;1.031441;0.186397;-2.514788;1.983809;
0.616841;0.071911;1.251356;-3.691465;-3.110208;1.876939;
-0.052443;-0.024726;1.141380;0.125328;2.057731;-1.603977;
-0.586739;0.053164;0.880630;3.812351;3.813457;-2.298634;
-0.332120;0.050529;0.756693;1.438305;-0.911734;0.609763;
0.601815;0.054843;1.267815;-3.805969;-3.965169;2.594496;
-0.112927;-0.021847;1.104515;-1.607496;0.607350;-0.344435;
-0.593690;0.051094;0.861865;2.972657;3.798189;-2.756649;
-0.241485;0.042135;0.783361;2.972657;1.294373;-0.779550;
0.519778;0.090674;1.035928;-2.164748;-4.026238;2.617397;
0.619910;0.092195;1.261258;-3.981542;-2.530055;1.479992;
-0.114005;-0.027290;1.153220;1.071893;2.515747;-2.229931;
-0.593138;0.045623;0.886315;3.881054;2.989029;-1.985656;
0.614528;0.112239;1.097420;0.308535;-1.781963;1.716634;
0.574947;0.045498;1.284709;-3.928107;-2.927001;1.815870;
-0.183692;-0.006153;1.111585;0.094794;1.912693;-1.626878;
-0.580955;0.056571;0.843979;3.652046;3.645518;-2.329168;
-0.155648;0.073795;0.763461;0.980290;-0.850666;0.815870;
0.536874;0.120523;1.036604;-3.210549;-3.896467;2.296786;
-0.226399;-0.011329;1.098888;-1.477725;0.393609;-0.672679;
-0.595842;0.051701;0.826777;3.071893;3.721853;-2.657412;
-0.114657;0.062843;0.779332;2.499374;1.126434;-0.168863;
0.592804;0.113801;1.075800;-1.263985;-3.667459;2.457092;
0.570680;0.036826;1.289426;-3.783069;-2.041505;0.953275;
-0.204271;-0.020895;1.088274;1.774183;3.057731;-2.237565;
-0.614478;0.061731;0.840881;3.468840;2.798189;-1.901687;
0.632366;0.116567;1.117845;0.270367;-2.705627;1.823504;
0.526678;0.038719;1.264062;-4.057878;-2.644559;1.655565;
-0.249442;0.000556;1.087453;0.453573;2.233304;-1.832985;
-0.607279;0.071908;0.812440;3.850519;3.225670;-2.161229;
-0.101991;0.060619;0.802285;0.178764;-2.171276;1.678466;
0.461197;0.031080;1.275282;-3.943374;-3.743795;2.342588;
-0.324435;-0.003597;1.051262;-0.271618;1.576815;-1.489473;
-0.579105;0.062109;0.816131;3.812351;3.843991;-2.703214;
0.013299;0.082403;0.827044;1.896321;0.080632;0.205183;
0.643122;0.124071;1.145571;-3.683832;-3.896467;2.334954;
0.428852;0.032059;1.265764;-1.660931;0.248571;-0.611611;
-0.541729;0.069849;0.804758;3.461206;3.668419;-2.397870;
0.135281;0.072946;0.843843;2.132962;0.363075;0.365489;
0.685066;0.138739;1.176542;-3.195282;-4.301047;2.670832;
0.340506;-0.000265;1.265021;-1.538794;0.271472;-0.542908;
-0.406576;0.007172;0.974969;3.423038;3.843991;-2.596344;
0.256458;0.073899;0.908844;2.270366;1.027197;-0.145962;
0.672179;0.110084;1.193844;-3.012076;-4.232345;2.594496;
0.212799;0.003475;1.242908;-2.317420;-0.423185;-0.000924;
-0.461651;0.015719;0.974801;2.751283;3.790556;-2.420771;
-0.469002;0.054428;0.742545;2.766550;1.553915;-0.634511;
0.245501;0.074848;0.926849;-1.447191;-3.957536;2.357855;
0.139006;-0.010164;1.221064;-4.057878;-2.308681;1.350221;
-0.528404;0.033749;0.944444;1.148229;2.515747;-2.046725;
-0.437571;0.057411;0.742544;3.674947;3.072999;-1.726114;
0.342083;0.084477;0.949204;-0.080778;-2.896467;1.945641;
0.720884;0.096632;1.247062;-4.111313;-3.476620;2.136481;
0.147109;-0.010719;1.189292;-0.370855;1.294373;-1.145962;
-0.529680;0.031511;0.912024;3.590977;3.592083;-2.680313;
0.391880;0.113035;0.987109;1.232199;-0.957536;1.037244;
0.694631;0.101367;1.240873;-3.928107;-3.820131;2.647931;
0.057631;-0.005332;1.186874;-1.118946;0.653151;-0.573443;
-0.562764;0.046874;0.904911;3.537542;3.714220;-2.626878;
-0.387517;0.035484;0.744653;2.262733;0.393609;0.006710;
0.658218;0.097826;1.235891;-3.546427;-4.239978;2.785336;
-0.039677;-0.031979;1.153471;-3.157114;-0.980437;0.312054;
-0.594745;0.023104;0.902395;1.629145;3.011930;-2.420771;
-0.344982;0.064688;0.767261;3.728382;2.981395;-1.382603;
0.404867;0.105768;0.997487;-0.202916;-2.545322;1.907473;
0.648955;0.093700;1.234473;-4.241084;-3.186543;1.953275;
0.081303;0.000622;1.199067;0.010825;1.874525;-1.458939;
-0.305839;0.059302;0.752780;3.774184;2.958495;-1.733748;
0.460781;0.106462;1.026982;0.300901;-2.430818;1.701366;
0.627258;0.070208;1.250499;-3.836504;-3.079673;1.838771;
-0.004307;-0.026005;1.144742;0.812351;1.843991;-1.565809;
-0.566788;0.050530;0.901474;3.613878;3.332541;-1.939855;
0.502760;0.121167;1.060406;1.224565;-1.507154;0.983809;
0.610712;0.079063;1.260692;-3.737267;-4.064406;2.609763;
-0.078784;-0.022635;1.138093;-1.691465;-0.026238;-0.489473;
-0.601968;0.063316;0.874922;2.438306;3.485212;-2.520008;
-0.297858;0.056144;0.794290;3.278000;1.584449;-1.077259;
0.516514;0.125111;1.051095;-1.141847;-3.392650;2.533427;
0.634514;0.090254;1.263644;-3.882305;-2.308681;1.075412;
-0.061722;-0.014911;1.143107;1.568076;2.927961;-2.352069;
-0.210142;0.061553;0.790464;3.819985;2.897426;-1.695580;
0.557500;0.108805;1.067625;0.064260;-2.270513;1.747168;
0.589802;0.065202;1.282508;-3.836504;-3.278147;1.983809;
-0.169646;-0.004000;1.112307;0.789451;2.179869;-1.924588;
-0.573471;0.069389;0.845498;3.850519;2.966128;-2.023824;
-0.180246;0.058777;0.751368;0.377237;-1.606391;1.396023;
0.512650;0.034944;1.252283;-3.844137;-3.728528;2.266252;
-0.251517;-0.004546;1.078767;-0.645664;1.156968;-1.176496;
-0.593380;0.069287;0.837612;3.216932;3.851625;-2.520008;
-0.112894;0.060661;0.791096;2.590977;0.859258;-0.176496;
0.592947;0.114668;1.101563;-2.042610;-4.171276;2.548695;
0.556920;0.050312;1.290163;-2.828870;-1.232345;0.518160;
-0.229784;-0.010289;1.097874;2.438306;3.477579;-2.474206;
-0.015638;0.051667;0.821528;3.430672;2.256205;-1.359702;
0.638727;0.123161;1.131027;-0.874672;-3.499521;2.273885;
0.452761;0.033363;1.275931;-3.737267;-2.262879;1.350221;
-0.343658;0.016732;1.020877;1.568076;2.851625;-2.260466;
-0.550380;0.056301;0.773541;3.361970;2.660785;-1.573443;
0.165065;0.074373;0.927171;-1.317420;-3.690360;2.487626;
0.148692;0.014825;1.197042;-3.416656;-2.163643;1.548695;
-0.524896;0.050701;0.907957;1.621512;2.843991;-2.260466;
-0.303410;0.038274;0.791008;2.751283;1.843991;-1.145962;
0.512450;0.115981;1.090876;-2.126580;-3.942269;2.479992;
0.481153;0.038629;1.241590;-2.760168;-1.339215;1.006710;
-0.336079;0.020771;0.988183;3.048993;3.683686;-2.527641;
0.230597;0.078628;0.968380;1.942122;0.630251;-0.275733;
0.621007;0.082559;1.231953;-3.767801;-3.713261;2.167015;
-0.046631;-0.005245;1.103491;0.003191;1.302006;-1.329168;
-0.532639;0.114317;0.848447;3.392504;3.141701;-1.947488;
0.019808;0.055693;0.880207;-0.347954;-2.346849;1.579229;
0.618855;0.063608;1.176227;-3.515893;-2.988070;1.930374;
-0.498728;0.076092;0.890306;2.102428;3.034831;-2.359702;
-0.146300;0.049224;0.820127;2.186397;2.317273;-1.199397;
0.548466;0.071268;1.149100;-2.065511;-4.094940;2.228084;
0.249019;0.037490;1.214736;-1.722000;-0.346849;0.098313;
-0.449574;0.059320;0.897871;3.125329;3.332541;-2.313901;
-0.197292;0.081846;0.818896;0.285634;-0.675093;0.724267;
0.372700;0.028097;1.230333;-3.256351;-3.125475;2.060145;
-0.423969;0.036531;0.939101;1.148229;2.225670;-1.894053;
-0.307171;0.067352;0.824973;2.522275;1.927961;-1.107794;
0.492129;0.052454;1.098737;-1.867038;-3.614024;2.533427;
0.345544;0.017248;1.194723;-1.798336;-0.728528;0.304420;
-0.425261;0.087568;0.932222;3.194031;3.599716;-2.642145;
0.433744;0.058358;1.061701;-0.088412;-1.896467;1.411290;
0.381331;0.035080;1.229086;-2.989175;-3.285780;1.999076;
-0.376654;0.068605;0.925035;1.942122;2.805823;-2.016191;
-0.193989;0.065423;0.869220;1.575710;1.363075;-0.687946;
0.498128;0.024946;1.098423;-2.393755;-3.881200;2.296786;
0.094593;-0.008307;1.110356;-0.012076;1.218037;-0.993290;
-0.422855;0.126430;0.880343;2.262733;2.996663;-1.733748;
0.161282;0.072320;1.017083;-1.660931;-3.308681;2.121214;
-0.133312;0.007972;1.026188;0.270367;0.302006;-0.481840;
-0.299529;0.104088;0.861417;1.743649;2.416510;-1.260466;
0.429600;0.025662;1.107514;-2.012076;-3.346849;2.235718;
0.092769;-0.017118;1.097206;0.522275;0.721853;-0.680313;
-0.359141;0.157622;0.834619;1.331435;2.233304;-1.260466;
0.377343;-0.025713;1.169048;-2.134213;-3.552956;1.915107;
0.184434;-0.046052;1.183669;1.377237;0.668419;-1.092527;
0.005512;0.149175;0.935310;0.377237;1.859258;-0.909321;
0.375023;-0.038262;1.168833;-1.638030;-3.010971;1.808237;
-0.269551;0.053360;0.928541;1.827618;2.546281;-2.023824;
0.022690;0.152390;0.965273;-1.073145;-0.843032;0.815870;
0.379859;-0.071825;1.158360;-0.370855;-1.881200;1.067779;
-0.264250;0.060746;0.932647;1.529909;2.920327;-1.863519;
0.398757;0.032578;1.115760;-2.034977;-2.339215;1.647931;
-0.129734;-0.066156;1.013392;1.659680;-0.072040;-0.642145;
-0.095662;0.159622;0.917350;-0.157114;2.309640;-1.260466;
0.378844;-0.018213;1.126264;-1.836504;-3.110208;1.938008;
-0.220451;-0.010410;0.973923;2.590977;1.950861;-1.764282;
0.119056;0.209731;1.000088;-1.706733;0.057731;0.334954;
0.243151;-0.064497;1.144754;1.209298;-1.965169;0.197550;
-0.254080;0.079672;0.875440;0.583344;2.561548;-1.489473;
0.310923;-0.032948;1.127048;-2.439557;-2.812498;1.739534;
-0.245721;-0.012207;0.900463;2.888687;1.660785;-1.642145;
0.254997;0.224477;1.059124;-2.531160;-0.255246;0.892206;
-0.001842;-0.104569;1.064920;2.415405;-1.125475;-0.298634;
-0.140343;0.083592;0.867058;-0.462458;2.042464;-1.245198;
0.315634;0.055886;1.066855;-2.172381;-2.949902;1.762435;
-0.206452;-0.078357;0.932183;3.071893;1.943228;-1.810084;
0.283373;0.290275;1.097020;-3.599862;-1.568223;1.831137;
-0.086877;-0.097350;1.022621;3.560443;1.103533;-1.634511;
0.018096;0.097105;0.967837;-2.874671;-0.331582;0.945641;
-0.165279;-0.096974;1.007535;3.064260;-0.568223;-0.825351;
-0.166030;-0.089726;0.870551;-1.187649;1.042464;-0.291000;
0.281211;0.192496;1.069576;-1.027343;-1.614024;1.396023;
-0.027432;-0.024167;0.944586;0.827618;1.668419;-1.382603;
0.197015;0.153406;1.092825;-2.378488;-1.659826;1.861672;
-0.141344;-0.126745;0.858103;2.056626;1.859258;-1.749015;
0.240167;0.233860;1.049486;-3.050244;-1.797230;1.915107;
-0.193402;-0.133536;0.883014;2.423038;1.729487;-1.825351;
0.258823;0.247833;1.059763;-2.966275;-1.697994;2.220450;
-0.202536;-0.119143;0.897316;1.522275;1.546281;-1.840618;
0.301098;0.252333;1.060919;-2.309786;-1.682727;2.060145;
0.035997;-0.103686;0.948745;0.934489;1.378342;-1.878786;
0.050936;0.124188;1.095476;0.239832;-1.171276;1.563962;
0.078040;-0.081961;0.961674;-0.905206;0.843991;-0.756649;
-0.036449;0.079497;1.028603;2.171130;-0.644559;0.548695;
0.163494;-0.011499;1.046795;-1.828870;-0.476620;0.319687;
-0.130118;0.008097;0.990433;3.743649;0.065365;-0.993290;
0.244840;0.159998;1.135778;-4.118947;-0.843032;1.457092;
-0.114699;-0.188289;0.879658;3.201664;1.149335;-2.436038;
0.075553;0.265021;1.074575;-2.752534;-1.354482;2.250985;
0.093176;-0.182478;0.939830;-0.393756;0.553915;-1.596343;
-0.116282;0.076117;1.011481;2.507008;-0.407917;0.823504;
0.265081;0.091101;1.125501;-3.546427;-0.957536;1.113580;
-0.174818;-0.057469;0.955742;4.033725;0.851625;-1.718481;
0.210768;0.344580;1.082801;-3.012076;-1.117841;2.304420;
0.222731;-0.095439;1.045927;-0.195282;0.698953;-1.634511;
0.009703;0.310991;1.102018;2.369603;-0.438452;0.533428;
0.253049;0.290023;1.096831;-3.561694;-0.682727;0.808237;
-0.109269;-0.194492;0.887737;3.079527;1.103533;-1.947488;
0.042010;0.377435;1.120852;-1.492992;-0.789597;2.067779;
0.234463;-0.184007;1.018813;-1.844137;0.332541;-0.466572;
-0.159466;0.032759;0.973209;4.155863;0.317273;-0.794817;
0.244778;0.295476;1.080118;-3.615129;-0.751429;2.136481;
0.249449;-0.172775;1.020416;0.132962;0.859258;-1.642145;
-0.169334;0.017344;0.985597;3.239832;-0.415551;0.014344;
0.200165;0.365623;1.072902;-4.096045;-0.919368;2.021977;
0.073997;-0.348658;0.892514;1.194031;0.668419;-1.871153;
-0.123733;0.256184;1.046114;3.003191;-0.178910;0.182283;
0.245986;0.101277;1.050095;-4.256351;-0.934635;1.670832;
0.203053;-0.330542;0.954689;1.468840;0.836357;-1.909321;
-0.170822;0.145209;1.015143;2.995558;-0.552956;0.243351;
0.189938;0.316111;1.072037;-4.172381;-0.644559;1.609763;
0.089705;-0.352772;0.875757;1.407771;0.599716;-1.657412;
-0.190100;0.254855;1.041474;3.132962;-0.262879;0.167015;
0.255835;0.161600;1.074898;-3.531160;-0.934635;1.976176;
0.293085;-0.264146;1.013087;0.606244;0.737121;-1.581076;
-0.157146;0.049285;0.995552;3.514642;0.057731;-0.451305;
0.060673;0.445111;1.101992;-2.836504;-0.697994;2.090679;
0.286248;-0.300753;0.999707;-0.554061;0.225670;-0.932221;
-0.157669;0.085505;0.989940;3.713115;0.614983;-1.100160;
0.047902;0.429325;1.081474;-1.470091;-0.446085;1.983809;
0.317693;-0.296577;1.014682;-2.714366;-0.323948;0.167015;
0.084921;-0.337536;0.883267;2.705481;0.943228;-1.771916;
-0.184964;0.343042;1.070047;1.140596;-0.652192;1.342588;
0.185715;0.203243;1.036497;-3.538794;-0.606391;1.373122;
0.222898;-0.343060;0.966805;0.873420;0.439411;-1.718481;
-0.196378;0.249066;1.049884;2.926855;0.378342;-0.275733;
0.010031;0.373131;1.048241;-1.454824;-0.629292;1.495260;
0.229666;0.068457;1.026826;-2.569328;-0.346849;-0.161229;
0.214654;-0.276371;0.986538;1.896321;0.485212;-1.718481;
-0.195927;0.294402;1.047606;2.102428;-0.209444;0.563962;
-0.069431;0.338985;1.060349;-1.508259;-0.743795;1.258618;
0.308974;-0.261580;0.985640;-2.370855;-0.125475;-0.489473;
0.011469;-0.170993;0.911617;1.926855;0.393609;-1.458939;
-0.211125;0.356487;1.075757;2.003191;-0.583490;0.663199;
0.023971;0.219102;1.039090;-1.424290;-0.644559;1.052512;
0.307629;-0.273178;0.963628;-2.126580;0.263838;-0.626878;
-0.003141;-0.107177;0.922636;1.285634;0.515747;-1.008557;
-0.100591;0.036592;0.956936;1.705481;0.004296;0.487626;
-0.168498;0.331999;1.043637;1.041359;-0.804864;0.983809;
0.089594;0.147092;1.015680;-1.256351;-0.346849;0.258618;
0.308329;-0.252714;0.960257;-1.813603;0.179869;-0.848252;
0.072598;-0.103189;0.978699;0.789451;0.294373;-0.634511;
-0.148006;0.329944;1.102751;0.636779;0.126434;0.289153;
-0.143909;0.369190;1.139182;1.491741;-0.446085;1.090679;
-0.111959;0.186737;1.026146;-0.683832;-0.781963;0.273886;
0.228684;-0.079571;0.976844;-1.218183;-0.178910;-0.588710;
0.264753;-0.145138;1.059534;-0.683832;0.095899;-0.581076;
0.020626;-0.025761;0.943283;0.659680;0.355441;0.121214;
-0.125922;0.334967;1.072730;1.400138;0.240937;0.739534;
-0.164678;0.147843;1.008157;1.606244;-0.552956;0.525794;
-0.149070;0.158796;1.038945;-0.409023;-0.598757;-0.298634;
0.084720;0.066619;0.997032;-0.660931;-0.468986;-0.710847;
0.223450;-0.138979;0.983018;-2.118946;-0.010971;-0.771916;
0.261691;-0.038386;1.084337;0.339069;0.256205;0.174649;
0.052751;-0.021608;0.954344;0.552809;0.614983;0.563962;
-0.081938;0.197593;1.001962;1.041359;0.210403;0.869305;
-0.088182;0.154363;0.983835;1.987924;-0.217078;0.426557;
-0.139587;0.260142;1.052567;1.583344;-0.781963;-0.008557;
-0.155007;0.134526;1.066463;0.194031;-0.697994;-0.733748;
-0.093672;0.064675;0.970684;-1.042611;-0.781963;-0.894053;
0.016376;0.057956;0.980731;-1.187649;-0.514788;-0.489473;
0.138837;0.027849;1.034756;-1.073145;-0.087307;0.075412;
0.244851;-0.027780;1.047959;-1.966275;0.836357;0.289153;
0.281676;-0.065966;1.015313;-1.584595;0.775289;0.571595;
0.252461;0.007474;1.032640;-1.699099;1.462312;0.533428;
0.267708;-0.069463;0.988825;-0.431923;1.508113;0.502893;
0.269039;-0.015537;1.021261;-0.401389;1.630251;0.655565;
0.300347;0.045064;1.077760;0.636779;1.492846;0.617397;
0.279010;0.057987;1.098734;0.064260;1.676052;0.472359;
0.271942;0.002946;1.025249;-0.111313;1.500479;0.510527;
0.279536;0.023567;1.043312;-0.286885;1.721853;0.609763;
0.305012;0.067852;1.070065;-0.645664;1.729487;0.579229;
0.268971;0.086530;1.049227;-0.935740;1.691319;0.075412;
0.284050;0.130666;1.066757;-1.164748;1.973762;0.159382;
0.268682;-0.048280;0.966832;-0.981542;1.523380;0.205183;
0.287162;-0.037721;0.994467;-0.737267;1.889793;0.021977;
0.287180;-0.040250;1.004975;-0.057878;1.454678;0.060145;
0.273012;-0.069239;1.037212;0.926855;1.454678;-0.153595;
0.264218;-0.070101;1.040753;0.934489;1.050098;-0.061992;
-0.048522;0.152349;1.032187;0.560443;0.332541;-0.581076;
-0.120434;0.126826;0.974640;0.010825;-0.415551;-0.497107;
-0.157084;0.080708;0.959717;0.216931;-0.400284;-0.886420;
-0.164570;-0.021895;0.953706;0.911588;-1.323948;-0.611611;
-0.142715;-0.060041;1.007656;1.552809;-1.949902;-0.420771;
-0.175633;-0.023282;1.063388;1.705481;-1.736162;-0.504740;
-0.181391;0.057504;1.071836;0.522275;-1.812498;-0.077259;
-0.217974;0.103752;1.020492;-0.187649;-1.537688;-0.153595;
-0.186293;0.015967;0.947082;0.125328;-0.911734;0.083046;
-0.066032;-0.056409;0.934741;0.255099;-0.804864;0.457092;
0.100886;-0.059613;0.980714;0.102428;0.019563;0.777702;
0.288683;0.124497;0.978699;-1.630397;1.240937;0.884573;
0.290287;0.079646;1.041337;-1.157114;1.637884;0.235718;
0.254837;0.031977;1.066870;-0.256351;1.439411;-0.115427;
0.106819;0.121743;1.042776;0.285634;0.462312;-0.634511;
-0.111478;0.037885;1.015408;0.797084;-0.423185;-0.726114;
-0.114542;0.009322;1.090477;1.682580;-1.476620;-0.703214;
-0.184202;0.059316;1.037982;1.476473;-1.499521;-0.665046;
-0.192021;0.015363;0.941351;1.056626;-1.224711;0.029611;
-0.058963;-0.048632;0.959967;0.781817;-0.759063;0.281519;
0.125939;-0.013407;1.023674;-0.317420;-0.255246;0.586863;
0.161229;0.065681;0.945872;-1.905206;1.004296;0.571595;
0.238442;0.112532;0.993751;-1.805969;1.195136;0.602130;
0.097538;0.168087;1.058521;-0.332687;1.011930;0.037244;
-0.064908;0.187810;0.976559;-0.164748;0.317273;-0.947488;
-0.084973;0.053906;1.056723;1.545176;-1.148376;-0.451305;
-0.109717;0.036240;1.098048;2.110061;-1.217078;-0.695580;
-0.169318;0.043176;0.984746;1.568076;-1.392650;0.434191;
-0.045269;-0.062650;0.956280;1.041359;-0.323948;0.060145;
0.151711;-0.029334;1.016207;-0.752534;0.034831;1.159382;
0.245260;0.087041;1.029034;-1.569328;1.248571;0.602130;
0.174893;0.127353;1.068101;-1.462458;1.302006;0.006710;
-0.040314;0.233292;0.987868;-0.912840;0.691319;-1.046725;
-0.048001;0.079633;1.059829;1.064260;-0.957536;-0.687946;
-0.095042;0.023446;1.108370;1.881054;-1.530055;-0.382603;
-0.128025;-0.009352;0.990700;1.865786;-1.079673;-0.061992;
0.080128;-0.082831;1.029372;0.987924;-0.560589;0.609763;
0.182776;0.076731;0.963504;-1.973908;0.737121;0.586863;
0.227047;0.093565;1.069087;-1.859404;1.263838;0.083046;
0.016222;0.196230;1.017559;-1.439557;0.660785;-0.703214;
-0.058322;0.136794;1.068360;0.858153;-0.629292;-0.687946;
-0.112009;0.062782;1.086630;1.300901;-1.133108;-0.367336;
-0.117813;-0.041278;0.974197;2.194031;-0.751429;0.258618;
0.158629;-0.016910;0.958613;-0.057878;-0.484253;1.060145;
0.148574;-0.014895;0.912398;-1.157114;0.561548;0.770069;
0.097124;0.172296;1.030621;-2.241084;0.813457;-0.176496;
-0.043730;0.179000;1.038282;-1.172382;0.431777;-0.878786;
-0.074363;0.097554;1.089141;1.048993;-0.804864;-0.428405;
-0.102397;-0.064726;0.987072;2.667313;-1.033872;-0.039092;
0.130429;-0.068232;1.027601;1.048993;-0.751429;0.709000;
0.109048;-0.022201;0.944100;-0.386122;0.721853;0.449458;
0.149055;0.098764;1.048927;-1.645664;0.698953;-0.374969;
-0.050513;0.181725;0.996538;-0.874672;-0.079673;-0.657412;
-0.035910;0.167791;1.096838;0.865786;-0.522421;-0.283366;
0.103613;-0.060048;1.076383;2.201664;-0.781963;0.304420;
0.102140;-0.022816;0.941541;0.636779;0.179869;0.602130;
0.165594;0.076637;1.031430;-1.241084;0.408877;-0.130695;
-0.029766;0.164093;1.039735;-1.004443;-0.117841;-0.619244;
-0.064395;0.134837;0.987077;0.667313;0.118800;-0.344435;
0.073845;-0.022265;1.108142;1.384870;-0.125475;0.495260;
0.096148;-0.028531;0.971044;0.499374;0.011930;0.144115;
-0.014629;0.133512;0.948039;-1.615130;-0.026238;-0.535275;
-0.008773;0.182040;1.064080;-0.515893;-0.041505;-0.413137;
0.093311;0.017639;1.121750;1.736015;-0.140742;0.579229;
0.095559;-0.042852;0.960529;0.949756;0.294373;0.357855;
0.028372;0.047097;0.948375;-0.874672;-0.453719;-0.466572;
-0.023595;0.161966;1.124883;-1.317420;-0.423185;-0.588710;
-0.002006;0.043350;0.993255;1.201664;0.233304;0.052512;
0.078580;-0.125153;0.957131;1.209298;0.195136;0.426557;
-0.027020;0.052755;0.934919;-0.722000;-0.125475;-0.451305;
-0.019393;0.232142;1.057546;-1.256351;-0.583490;-0.061992;
0.090816;0.063503;1.098349;0.148229;0.218037;0.342588;
0.079793;-0.120628;1.013124;1.316168;0.126434;0.189916;
-0.012733;0.053350;0.995700;-1.386122;-0.346849;-0.420771;
0.007498;0.261265;1.025736;-0.996809;0.225670;0.189916;
0.094567;0.063340;0.922822;2.003191;0.195136;0.556328;
-0.023481;-0.086578;0.880959;0.659680;-0.377383;-0.504740;
-0.027252;0.133830;1.062873;-1.286885;0.141701;-0.329168;
0.089107;0.162998;1.122575;-1.370855;0.630251;0.434191;
0.072769;-0.110846;1.055589;2.224565;-0.354482;-0.153595;
-0.051420;-0.016310;1.096151;-1.271618;-0.728528;-0.123061;
0.017986;0.112801;0.957765;-1.111313;0.088266;-0.046725;
0.087509;0.037308;1.000814;1.552809;0.279105;0.090679;
-0.005709;-0.051564;0.949891;1.323802;-1.293414;-0.199397;
0.002166;0.087680;0.925787;-1.508259;0.004296;0.243351;
0.097281;0.221934;0.972737;0.094794;0.240937;0.479992;
0.001588;-0.059412;0.939091;2.423038;-0.484253;-0.573443;
0.023180;0.012565;0.904396;-0.844137;-0.667459;0.380756;
0.111203;0.239073;0.964846;-0.638030;0.141701;0.533428;
0.010123;-0.083002;0.931513;2.407771;-0.621658;-0.680313;
-0.021393;-0.019522;0.958962;0.354336;-0.156009;-0.130695;
0.055658;0.188572;0.996674;-1.164748;0.614983;0.312054;
0.014955;0.017449;0.966145;2.140595;-0.339215;-0.321534;
0.016869;-0.064217;0.892892;0.690214;-0.446085;0.334954;
0.091925;0.202151;0.954472;-1.088412;0.263838;0.418924;
0.001470;0.010028;0.953340;1.560443;-0.743795;-0.161229;
-0.014322;-0.022284;0.912921;0.568076;-0.209444;0.167015;
0.059425;0.131600;0.972604;-1.332687;-0.003337;0.083046;
-0.009522;0.006267;0.949206;1.300901;-0.827765;-0.229931;
0.063625;0.003959;1.016911;-0.225817;-0.163643;0.350221;
0.062617;0.158405;1.095894;-1.034977;0.095899;0.182283;
0.011863;0.000787;1.105635;1.346702;-0.094940;-0.115427;
0.103134;0.049457;1.046824;-1.416656;0.477579;0.121214;
0.038208;0.089565;1.036675;0.117695;-0.178910;-0.405504;
-0.011376;-0.056774;0.928891;1.690214;-0.194177;0.044878;
0.052365;0.114332;0.982307;-1.760168;0.302006;0.144115;
-0.005283;0.020063;0.978648;0.682580;-0.812498;-0.092527;
0.080648;-0.013940;1.020326;-0.134214;-0.522421;0.342588;
0.069788;0.165075;1.077946;-1.195282;0.225670;0.174649;
0.026248;0.027902;1.078033;1.728382;-0.621658;0.197550;
0.054567;0.116791;1.010084;-1.180015;0.553915;0.189916;
0.035134;0.070666;1.021399;0.117695;-0.430818;-0.451305;
0.045076;-0.011558;0.983808;1.674947;-0.102574;0.075412;
0.072721;0.113755;1.025991;-1.744900;0.126434;0.044878;
0.024745;0.016829;1.042294;1.690214;-0.278147;-0.084893;
0.057420;0.083340;0.997132;-0.164748;0.332541;0.258618;
0.019636;0.125460;1.035216;0.079527;-0.522421;-0.268099;
0.077524;0.016902;1.022446;1.575710;-0.301047;0.250985;
0.065446;0.129079;1.047935;-1.714366;-0.110208;0.044878;
0.007527;0.096422;1.057183;1.079527;-0.110208;0.136481;
0.036691;0.086857;1.006207;-0.378488;0.225670;-0.016191;
0.000193;0.120934;1.023349;-0.485359;-0.507154;-0.207030;
0.092032;0.037893;1.026145;0.705481;-0.049139;0.357855;
0.023156;0.132247;1.054492;-1.615130;0.279105;-0.298634;
0.012316;0.108647;1.060371;0.957389;0.050098;0.197550;
0.045203;0.051600;0.984236;-0.737267;0.370709;-0.138328;
-0.001844;0.027247;1.008718;-0.027343;-0.789597;-0.237565;
0.080516;-0.007576;1.005703;0.797084;0.126434;0.052512;
0.048943;0.033968;1.016893;0.064260;-0.568223;-0.008557;
0.063968;-0.037146;0.971934;1.346702;-0.072040;0.289153;
0.034448;0.127700;1.056303;-0.935740;-0.072040;0.014344;
0.035785;0.128593;1.079876;0.842886;-0.407917;0.250985;
0.026216;0.086856;0.990609;-0.447191;0.210403;-0.123061;
-0.005094;0.109585;0.998097;-0.309786;-0.629292;-0.229931;
0.073594;0.034137;1.013567;0.224565;0.538647;0.136481;
0.035816;0.057168;1.029795;-0.034977;-0.156009;-0.184130;
0.065655;0.060413;1.019476;0.453573;0.065365;0.350221;
0.004944;0.090774;1.012434;-0.699099;-0.026238;-0.077259;
0.020079;0.019780;0.975325;1.140596;-0.056772;0.067779;
0.047765;0.066512;1.012199;-0.485359;-0.125475;-0.077259;
0.035441;-0.010389;1.063139;1.010825;-0.209444;0.113580;
0.040644;0.088973;1.038173;-0.607496;0.584449;-0.329168;
0.002027;0.039953;1.014597;0.094794;-0.476620;-0.092527;
0.053285;0.013371;0.977420;0.468840;-0.140742;0.098313;
0.022635;0.083786;1.026316;-0.141847;-0.400284;-0.100160;
0.061911;0.058075;1.022087;0.400138;0.256205;0.258618;
0.026632;0.065677;1.025129;-0.233450;-0.751429;-0.168863;
0.071765;0.054649;1.021931;0.117695;0.271472;0.327321;
0.050973;0.063698;1.042857;-0.386122;-0.239979;-0.321534;
0.066689;0.038410;1.011815;0.079527;0.309640;0.037244;
0.062566;0.036882;1.037973;-0.187649;-0.354482;-0.061992;
0.053558;0.026466;1.005324;0.583344;0.042464;0.243351;
0.023274;0.088816;1.001141;-0.599862;0.057731;-0.252832;
0.077325;-0.004009;1.010123;1.377237;-0.148376;0.350221;
0.030010;0.083899;0.992582;-1.004443;0.072999;-0.130695;
0.083749;0.045901;1.017561;1.621512;-0.247612;0.266252;
0.030559;0.086070;0.989188;-1.111313;0.057731;-0.291000;
0.064512;0.033430;0.995036;1.575710;-0.331582;0.250985;
0.029088;0.073679;0.997080;-1.302153;0.011930;-0.313901;
0.030704;0.013879;0.986916;1.354336;-0.522421;0.189916;
0.016294;0.064858;0.986225;-1.141847;0.393609;-0.199397;
0.066855;0.023451;1.005224;1.400138;-0.255246;0.060145;
0.027871;0.047525;0.945922;-0.729633;0.027197;-0.008557;
0.050968;0.029479;1.020044;1.140596;-0.293414;0.182283;
0.051612;0.071972;1.005957;-0.714366;-0.133108;0.060145;
0.062675;0.068394;1.041865;0.331435;-0.232345;0.350221;
0.036266;0.060606;0.996256;-0.500626;-0.003337;-0.084893;
0.064958;0.085576;1.059067;-0.187649;-0.049139;0.182283;
0.050095;0.058355;0.996665;-0.599862;-0.224711;-0.092527;
0.071706;0.100443;1.053003;-0.363221;0.363075;0.075412;
0.070535;0.044177;1.077427;-0.538794;-0.278147;-0.359702;
0.065361;0.068033;1.024732;0.354336;0.309640;0.426557;
0.063814;0.029069;1.049893;-0.141847;-0.583490;-0.016191;
0.075109;0.063818;1.037806;0.575710;0.729487;0.472359;
0.033618;0.033803;1.023049;-0.523527;-0.644559;-0.291000;
0.033878;0.064241;0.969056;0.377237;0.309640;0.037244;
0.014478;0.045878;1.028592;-0.225817;-0.484253;0.312054;
0.032968;0.020555;0.985819;0.010825;-0.003337;-0.054359;
0.068231;0.071382;1.044439;0.339069;-0.568223;0.609763;
0.016825;0.077475;0.980286;-0.241084;0.088266;-0.222298;
0.046524;0.020655;1.048544;0.560443;-0.407917;-0.061992;
0.040675;0.033844;1.002306;-0.034977;0.218037;-0.061992;
0.035473;0.067246;0.986042;-0.462458;-0.239979;0.205183;
0.051160;0.028739;1.018810;-0.248717;-0.094940;-0.115427;
0.048038;0.074027;1.041984;-0.019710;-0.133108;0.083046;
0.024989;0.072159;1.006808;0.087160;-0.247612;-0.039092;
0.028692;0.016527;0.991340;0.087160;-0.316314;-0.222298;
0.040698;0.066441;1.014060;0.400138;-0.308681;0.304420;
0.016279;0.090500;1.056731;-0.332687;-0.018605;-0.336801;
0.065318;0.012167;1.022449;0.575710;-0.369750;0.243351;
0.032201;0.060955;0.983452;-0.569328;0.088266;-0.161229;
0.047759;0.092340;1.028023;0.400138;0.080632;0.319687;
0.016460;0.068280;0.986278;-0.454824;0.065365;-0.428405;
0.040823;0.096561;1.005916;-0.019710;-0.323948;-0.138328;
0.044245;0.064879;1.029046;0.194031;-0.026238;0.334954;
0.012897;0.065980;1.075209;-0.263985;-0.049139;0.090679;
0.047262;0.043208;1.004007;-0.439557;-0.102574;-0.077259;
0.039429;0.004239;1.016081;-0.401389;-0.117841;-0.123061;
0.078409;0.054130;1.081852;-0.218183;-0.194177;0.021977;
0.033720;0.044145;1.029821;-0.027343;0.050098;0.014344;
0.050462;0.030847;1.032073;0.132962;-0.102574;-0.222298;
0.046428;0.002096;0.962446;0.713115;-0.117841;0.273886;
0.055282;0.085466;1.067020;-0.454824;-0.217078;-0.100160;
0.041295;0.063047;0.979688;-0.034977;-0.094940;0.464725;
0.035355;0.095058;1.004591;0.163496;-0.247612;0.075412;
0.056154;0.072790;1.013636;-0.439557;-0.140742;-0.527641;
0.021597;0.036855;0.954015;0.590977;-0.201811;0.075412;
0.030125;0.045174;0.994964;-0.149481;-0.224711;-0.069626;
0.029199;0.053758;0.967856;0.652046;-0.362116;0.243351;
0.046036;0.073172;1.023306;0.346702;-0.323948;0.266252;
0.058535;0.082411;1.047159;-0.424290;-0.224711;-0.245198;
0.026542;0.014106;0.949096;0.568076;0.126434;-0.084893;
0.015257;0.035420;0.960280;-0.554061;-0.117841;-0.260466;
0.056275;0.072939;1.040369;0.010825;0.095899;-0.016191;
0.009490;0.067135;0.981012;-0.019710;-0.278147;0.067779;
0.024275;0.061681;1.009589;-0.279252;-0.285780;-0.191763;
0.091994;0.039745;1.053145;0.667313;-0.232345;0.380756;
0.070243;0.067575;1.044167;0.148229;-0.140742;0.189916;
0.028442;0.044198;1.000566;0.140596;-0.186543;0.396023;
0.050070;0.047224;1.053149;0.346702;0.065365;0.411290;
0.010338;0.030779;0.993002;-0.004443;-0.102574;-0.268099;
0.051490;0.030677;0.999961;0.499374;-0.316314;0.250985;
0.019475;-0.000814;0.986298;0.026092;-0.163643;-0.359702;
0.050695;0.070621;1.033635;-0.447191;-0.087307;-0.352069;
0.062309;0.009828;0.988777;0.346702;0.072999;0.113580;
0.041103;0.071741;1.025177;0.499374;-0.346849;0.159382;
0.050901;0.054296;1.016726;0.522275;-0.453719;0.083046;
0.049561;0.032970;1.030129;0.140596;0.118800;0.296786;
0.022456;0.058994;1.065924;0.270367;-0.407917;-0.245198;
0.041070;0.030772;1.024582;-0.141847;-0.217078;0.205183;
0.025866;0.067655;0.979045;0.094794;-0.217078;0.052512;
0.045598;0.087608;1.011494;-0.034977;-0.247612;-0.016191;
0.065852;0.078754;1.022688;0.247466;0.187502;-0.084893;
0.024086;0.037730;0.972455;0.132962;-0.125475;-0.291000;
0.040928;0.098083;1.026538;-0.057878;-0.194177;-0.039092;
0.037142;0.051003;0.986811;0.484107;0.034831;0.037244;
0.051974;0.027005;1.031058;0.407771;-0.102574;-0.061992;
0.035169;0.085126;1.026514;-0.225817;-0.186543;-0.123061;
0.019524;0.040403;0.987142;0.537542;0.065365;0.159382;
0.039724;0.038481;1.005793;0.354336;-0.285780;0.006710;
0.019536;0.078125;1.016136;-0.042611;-0.186543;-0.191763;
0.034262;0.065135;1.012723;0.438305;0.179869;-0.023824;
0.037558;0.038377;0.972165;0.224565;-0.186543;-0.077259;
0.032171;0.057467;1.012092;0.132962;-0.339215;-0.077259;
0.030698;0.080890;1.018296;0.690214;-0.018605;0.144115;
0.041104;0.066105;0.972618;0.171130;-0.308681;0.212817;
0.045975;0.043315;0.998840;-0.233450;-0.430818;-0.061992;
0.050385;0.061215;1.007991;0.178764;-0.133108;-0.107794;
0.043110;0.048871;1.038606;-0.065511;-0.201811;0.212817;
0.027653;0.013191;1.017025;-0.202916;-0.301047;-0.237565;
0.036330;0.050923;1.017696;0.354336;0.027197;0.105947;
0.039652;0.096598;1.046116;0.468840;0.027197;0.228084;
0.034699;0.065566;1.007341;-0.523527;-0.079673;-0.039092;
0.030102;0.045400;1.010661;0.056626;0.179869;-0.107794;
0.043849;0.042868;1.042453;0.339069;0.027197;0.151748;
0.017964;0.047726;1.026707;-0.164748;-0.270513;0.159382;
0.037439;0.072270;1.023416;-0.034977;0.156968;-0.039092;
0.056641;0.077928;1.013227;0.774183;0.210403;0.021977;
0.043893;0.087980;0.992348;-0.111313;-0.171276;-0.100160;
0.034921;0.029041;1.009756;-0.073145;0.309640;-0.130695;
0.039130;0.049080;1.032667;0.331435;0.134067;-0.039092;
0.029739;0.050127;0.984731;-0.034977;-0.064406;0.220450;
0.038234;0.081870;0.993405;-0.050244;-0.194177;0.128847;
0.025100;0.043450;1.027482;-0.057878;0.134067;-0.115427;
0.044489;0.051857;1.021258;0.346702;-0.003337;0.144115;
0.036663;0.002430;1.035142;0.171130;-0.247612;-0.184130;
0.030418;0.045738;1.032985;-0.088412;0.202770;-0.016191;
0.029095;0.037639;0.999990;0.117695;-0.056772;-0.016191;
0.055261;0.065152;1.011060;0.491741;-0.178910;0.327321;
0.018105;0.027623;1.018570;-0.286885;-0.018605;0.144115;
0.027175;0.063364;0.964534;0.316168;-0.239979;-0.298634;
0.046642;0.044436;0.989793;-0.057878;-0.270513;0.052512;
0.053997;0.089032;1.031252;0.331435;-0.346849;0.304420;
0.029277;0.034107;1.008033;0.033725;-0.148376;0.167015;
0.037709;0.076074;1.066389;-0.393756;-0.018605;-0.245198;
0.043141;0.058617;0.987497;0.423038;-0.033872;0.067779;
0.047615;0.049168;1.027149;-0.340320;-0.201811;0.266252;
0.041305;0.008241;1.050496;-0.080778;-0.110208;-0.306267;
0.052500;0.061707;1.018082;-0.057878;0.164602;-0.061992;
0.053038;0.067111;1.002229;0.094794;-0.301047;0.167015;
0.051088;0.031712;1.039206;0.102428;-0.201811;0.044878;
0.049245;0.049873;1.036746;0.445939;-0.224711;-0.184130;
0.039991;0.037145;1.030544;-0.019710;-0.308681;0.044878;
0.031097;0.041041;1.009386;-0.027343;-0.033872;-0.046725;
0.036015;0.063637;1.021309;0.125328;0.218037;0.159382;
0.015567;0.094642;1.025147;-0.164748;-0.041505;-0.191763;
0.024980;0.094739;1.034110;-0.225817;0.065365;-0.184130;
0.011674;0.036537;0.998990;-0.302152;-0.148376;-0.245198;
0.028847;0.062299;1.020207;0.484107;0.034831;0.098313;
0.026985;0.077409;1.009120;0.026092;0.164602;-0.016191;
0.028922;0.074949;1.034860;-0.439557;0.149335;-0.008557;
0.026363;0.052838;1.014885;-0.256351;-0.094940;-0.107794;
0.047544;0.025806;0.996646;0.484107;-0.072040;0.021977;
0.067580;0.029326;1.038179;0.316168;-0.369750;0.029611;
0.031752;0.042150;0.999602;0.224565;-0.033872;-0.100160;
0.048904;0.102335;1.040936;-0.256351;0.019563;-0.115427;
0.029122;0.087251;1.041908;0.117695;-0.369750;-0.222298;
0.038275;0.001188;0.977521;-0.027343;0.042464;0.105947;
0.042380;0.025537;0.995343;0.346702;-0.018605;0.197550;
0.024424;0.063925;1.012566;-0.355588;0.011930;-0.016191;
0.039128;0.064177;1.014495;-0.202916;-0.148376;-0.252832;
0.024669;0.016014;1.003046;0.560443;-0.072040;-0.145962;
0.046849;0.005559;0.981384;0.835252;-0.140742;0.189916;
0.051541;0.070794;1.059643;-0.012076;-0.072040;0.319687;
0.043278;0.070889;1.026422;-0.088412;0.095899;-0.023824;
0.052160;0.086500;1.030944;-0.325053;-0.316314;-0.023824;
0.044499;0.038371;1.015913;0.415405;-0.110208;0.029611;
0.053174;0.012364;1.009283;0.400138;0.042464;0.144115;
0.042732;0.057328;1.034555;-0.248717;-0.064406;0.151748;
0.037654;0.080417;1.046589;-0.363221;-0.003337;-0.061992;
0.043116;0.054207;1.019802;0.270367;-0.087307;-0.061992;
0.023038;0.036701;0.989100;0.400138;-0.018605;-0.252832;
0.033981;0.072325;1.038817;0.079527;-0.316314;-0.031458;
0.019841;0.032595;1.002482;-0.325053;0.027197;-0.000924;
0.045478;0.033301;1.016098;-0.172382;0.050098;0.090679;
0.023631;0.056858;1.015395;-0.034977;-0.018605;-0.123061;
0.027972;0.050258;1.016587;0.262733;-0.026238;-0.184130;
0.027174;0.067841;1.021245;0.071893;-0.308681;-0.245198;
0.034505;0.066091;1.027454;-0.271618;-0.094940;-0.054359;
0.008740;0.048025;0.993966;-0.347954;-0.270513;0.090679;
0.035779;0.026641;1.009488;0.125328;-0.232345;0.128847;
0.042867;0.045560;0.995886;0.194031;0.004296;-0.077259;
0.029514;0.058999;1.008888;0.216931;-0.163643;-0.397870;
0.015652;0.049359;1.012475;0.132962;0.011930;-0.168863;
0.045957;0.056579;1.022574;0.094794;0.072999;-0.023824;
0.045077;0.043142;1.023592;0.316168;-0.072040;0.250985;
0.045106;0.069433;1.003867;0.003191;-0.415551;0.128847;
0.062100;0.067315;1.002851;0.155863;-0.148376;0.128847;
0.032787;0.041561;1.005984;-0.088412;-0.041505;-0.268099;
0.027965;0.047914;1.006253;-0.042611;0.034831;-0.214664;
0.047334;0.032570;0.993063;0.255099;-0.056772;-0.283366;
0.039937;0.038922;1.001879;0.308535;-0.056772;0.289153;
0.041293;0.052850;1.016323;-0.103679;0.011930;0.327321;
0.042886;0.038610;1.004123;0.071893;0.027197;0.083046;
0.035684;0.079829;1.029387;-0.118946;-0.125475;0.151748;
0.034757;0.069373;1.034371;0.033725;-0.041505;-0.275733;
0.046449;0.058014;1.035844;0.132962;-0.110208;-0.344435;
0.034315;0.057044;1.009419;-0.149481;-0.117841;-0.138328;
0.051473;0.041837;1.013120;0.033725;-0.026238;0.136481;
0.045970;0.051939;1.022016;0.384870;0.011930;0.289153;
0.032699;0.056373;1.018950;-0.012076;-0.072040;0.197550;
0.035113;0.055525;1.019707;0.216931;-0.079673;0.075412;
0.035963;0.058464;1.017800;-0.012076;-0.064406;-0.168863;
0.049520;0.065248;1.020053;-0.042611;-0.033872;-0.046725;
0.047512;0.044616;0.999371;0.125328;0.103533;-0.054359;
0.040852;0.041236;1.007075;0.079527;0.172235;-0.023824;
0.049931;0.054259;1.017447;-0.065511;-0.110208;0.266252;
0.049377;0.067914;1.036274;-0.294519;0.072999;0.189916;
0.031379;0.038757;1.002245;0.247466;-0.201811;0.037244;
0.043484;0.053868;1.011955;0.087160;-0.125475;-0.069626;
0.041298;0.053550;1.014126;0.117695;0.080632;-0.130695;
0.054366;0.062627;1.008068;0.148229;0.019563;0.098313;
0.039657;0.042135;1.005845;0.163496;0.019563;-0.084893;
0.039740;0.062228;1.012514;-0.126580;-0.140742;0.189916;
0.039737;0.051760;1.013588;0.171130;-0.148376;0.136481;
0.041409;0.053187;1.005540;0.064260;-0.125475;0.083046;
0.050059;0.059262;1.008939;0.125328;-0.209444;-0.145962;
0.042565;0.057612;1.021069;-0.141847;-0.278147;-0.107794;
0.034902;0.056013;1.020447;0.033725;-0.217078;0.067779;
0.037846;0.056141;1.002589;-0.096046;-0.049139;0.098313;
0.032148;0.038597;1.005442;0.361970;-0.194177;0.037244;
0.027744;0.057930;1.008357;-0.103679;-0.079673;0.159382;
0.041645;0.066222;1.012599;0.178764;-0.110208;0.258618;
0.043454;0.051287;1.019028;0.163496;-0.041505;-0.123061;
0.037580;0.043788;1.009027;0.178764;-0.247612;-0.100160;
0.047283;0.073950;1.022355;-0.202916;0.111167;0.014344;
0.037773;0.046543;1.013484;0.018458;-0.156009;0.021977;
0.052173;0.045098;1.017101;-0.027343;0.027197;0.044878;
0.035208;0.047479;1.019346;0.194031;-0.163643;0.052512;
0.042821;0.059953;1.013505;0.201664;0.080632;0.151748;
0.025642;0.054439;1.009993;-0.042611;-0.087307;-0.130695;
0.033760;0.054865;1.012322;-0.088412;-0.247612;-0.054359;
0.020927;0.052527;1.011615;0.003191;-0.064406;-0.077259;
0.039869;0.069105;1.015558;-0.103679;-0.262879;0.151748;
0.045476;0.049575;1.011921;0.110061;0.088266;0.113580;
0.057233;0.055490;1.010702;0.171130;-0.018605;0.128847;
0.040345;0.057953;1.018345;-0.210549;-0.171276;-0.039092;
0.037797;0.060529;1.019573;0.117695;-0.148376;0.014344;
0.040911;0.051763;1.009926;0.140596;0.057731;-0.252832;
0.019935;0.036191;1.014797;0.056626;-0.117841;-0.222298;
0.034662;0.062978;1.013924;-0.157114;-0.178910;0.113580;
0.032020;0.060355;1.026845;0.209298;-0.117841;0.075412;
0.045477;0.048187;1.017050;0.132962;-0.072040;0.189916;
0.038689;0.059092;1.018338;0.079527;-0.072040;0.060145;
0.046828;0.061859;1.013835;-0.118946;-0.079673;0.098313;
0.046991;0.051335;1.027417;0.232199;0.019563;-0.245198;
0.057350;0.057005;1.013914;0.056626;-0.072040;0.121214;
0.031026;0.065410;1.025678;0.003191;0.057731;-0.031458;
0.034746;0.053065;1.019421;0.132962;-0.110208;0.060145;
0.026895;0.044526;1.011584;0.232199;-0.049139;0.006710;
0.042530;0.043615;1.014245;0.239832;-0.041505;0.037244;
0.038714;0.064235;1.019885;0.102428;-0.010971;-0.031458;
0.048929;0.060714;1.028807;-0.012076;-0.194177;0.029611;
0.056536;0.055958;1.011680;0.071893;-0.140742;-0.031458;
0.046462;0.050093;1.010716;-0.027343;-0.239979;-0.046725;
0.031660;0.053481;1.024778;-0.218183;-0.156009;0.075412;
0.030997;0.059548;1.008182;0.171130;-0.316314;0.174649;
0.041949;0.052800;1.010691;0.285634;-0.156009;-0.000924;
0.023719;0.034844;1.010172;0.270367;-0.064406;-0.123061;
0.030051;0.057219;1.018924;-0.195282;-0.033872;0.098313;
0.038977;0.054960;1.018282;0.186397;-0.308681;-0.115427;
0.056269;0.055691;1.010937;0.155863;-0.110208;0.174649;
0.045777;0.047562;1.023421;0.041359;-0.094940;-0.016191;
0.054081;0.067940;1.022364;0.026092;-0.003337;0.197550;
0.029882;0.050550;1.030350;0.216931;0.050098;-0.115427;
0.047592;0.050997;1.018838;-0.210549;0.034831;0.098313;
0.026423;0.059640;1.013023;0.010825;0.019563;-0.161229;
0.033467;0.061096;1.022707;0.026092;-0.178910;-0.153595;
0.038517;0.061476;1.015183;0.117695;-0.148376;0.266252;
0.046812;0.045332;1.017518;0.270367;-0.148376;-0.046725;
0.050807;0.061416;1.020506;-0.118946;-0.056772;-0.000924;
0.046107;0.053014;1.028409;0.041359;-0.278147;0.113580;
0.047790;0.050031;1.018826;0.033725;-0.110208;0.098313;
0.037990;0.050484;1.015506;0.132962;-0.224711;-0.054359;