0.043701;-0.010099;1.021819;0.005741;0.261102;0.127191;
0.047336;-0.029717;1.035563;0.051542;0.108430;-0.262122;
0.057729;-0.000744;1.031717;0.196580;0.009193;-0.170519;
0.029948;0.031776;1.030079;0.013374;0.352705;0.005053;
0.033280;0.041626;1.042530;0.028641;0.054995;0.035588;
0.026138;0.043347;1.050546;-0.040061;0.276369;0.096657;
0.024285;0.000542;1.030280;0.097344;0.062629;0.027954;
0.039839;-0.014648;1.023659;0.303450;0.032094;0.081389;
0.061981;-0.005103;1.036373;0.127878;-0.097677;-0.353725;
0.026183;0.022196;1.020813;0.005741;0.306903;-0.132351;
0.042342;0.044610;1.033138;-0.085862;-0.112944;-0.002580;
0.032697;0.048956;1.045571;-0.062962;0.039728;0.134824;
0.015364;0.008619;1.028554;-0.017160;0.001560;0.188260;
0.065186;-0.019582;1.035963;0.196580;0.077896;0.058489;
0.047386;0.006598;1.017699;0.112611;-0.082409;-0.139985;
0.025810;0.010886;1.015494;-0.040061;0.261102;-0.124718;
0.034743;0.041690;1.042061;-0.208000;0.268735;0.073756;
0.019127;0.040054;1.031762;-0.154565;0.093163;0.119557;
0.009962;0.024853;1.022828;-0.001893;0.062629;0.081389;
0.044519;-0.025094;1.027498;0.135512;0.123697;-0.071282;
0.055448;-0.003018;1.033859;-0.032427;-0.006073;-0.361359;
0.026229;0.032942;1.021950;0.104977;0.154232;-0.056015;
0.031640;0.042994;1.024625;-0.230901;-0.044241;0.027954;
0.030898;0.048087;1.042100;-0.246168;0.085529;0.035588;
0.025221;0.002859;1.018802;-0.017160;-0.204547;0.195893;
0.070629;-0.017180;1.032152;0.127878;-0.067142;-0.056015;
0.037158;0.008020;1.015368;0.143145;0.123697;-0.262122;
0.028009;0.018439;1.024708;0.127878;0.352705;-0.086550;
0.042624;0.044430;1.036573;0.089710;0.238201;0.104290;
0.013940;0.033716;1.032332;-0.124030;-0.021341;0.157725;
0.020638;0.016671;1.028256;0.204214;0.116064;0.142458;
0.055142;-0.024026;1.032078;0.028641;0.146598;-0.056015;
0.050047;0.002271;1.013015;0.211847;-0.112944;-0.056015;
0.033571;0.008863;1.018272;0.051542;0.360339;0.089023;
0.032088;0.039730;1.033412;0.051542;0.238201;0.027954;
0.028859;0.044181;1.031715;0.005741;0.085529;0.089023;
0.012093;0.028607;1.022422;-0.162198;-0.028975;0.264595;
0.050160;-0.019465;1.026924;0.104977;0.108430;0.005053;
0.058353;-0.003145;1.032182;0.104977;0.039728;-0.162885;
0.046413;0.003777;1.028189;0.127878;0.406140;-0.155252;
0.033904;0.039206;1.024848;-0.024794;0.230567;-0.071282;
0.024445;0.041897;1.057122;-0.055328;0.116064;-0.078916;
0.021657;0.002800;1.026597;-0.055328;-0.059509;0.058489;
0.035604;-0.008167;1.030805;0.021008;-0.174012;0.035588;
0.069785;-0.011269;1.039092;0.181313;0.032094;-0.178153;
0.028648;0.020689;1.009546;0.051542;0.001560;-0.139985;
0.038952;0.047054;1.044896;0.059176;0.238201;-0.094183;
0.040070;0.046536;1.039019;-0.208000;0.093163;0.066122;
0.015123;0.020234;1.023325;-0.116397;0.024461;0.066122;
0.056227;-0.031087;1.029048;-0.009527;0.245835;-0.002580;
0.065385;-0.019852;1.033510;0.188947;0.001560;0.066122;
0.034858;0.003872;1.022877;-0.001893;0.299270;-0.193420;
0.033565;0.047492;1.042619;-0.085862;0.154232;-0.193420;
0.016391;0.040130;1.046192;-0.078229;0.222934;0.081389;
0.015894;0.036122;1.023566;-0.017160;0.016827;0.111924;
0.040041;-0.023275;1.033346;0.211847;0.245835;-0.101817;
0.056971;-0.003354;1.039270;0.242382;-0.074776;-0.056015;
0.025272;0.029424;1.017962;0.127878;0.077896;-0.056015;
0.027840;0.042934;1.033153;-0.085862;0.054995;-0.017847;
0.033038;0.050460;1.047314;-0.192733;0.146598;0.287496;
0.019546;0.004648;1.026594;0.097344;-0.120577;0.119557;
0.064857;-0.025960;1.034395;-0.185099;-0.028975;0.020321;
0.068733;-0.013942;1.043207;0.013374;0.093163;-0.216321;
0.022022;0.020608;1.026125;0.104977;0.230567;-0.162885;
0.037683;0.045095;1.048528;-0.185099;-0.051875;0.035588;
0.023186;0.035257;1.023657;-0.124030;-0.067142;0.226428;
0.011029;0.016614;1.022723;0.082076;0.108430;0.058489;
0.055313;-0.022703;1.021800;0.204214;-0.097677;-0.101817;
0.056500;0.011279;1.024273;0.295817;0.070262;-0.132351;
0.032899;0.045176;1.019525;0.295817;0.047361;0.012687;
0.033503;0.043004;1.035932;-0.062962;0.367972;0.073756;
0.024351;0.048999;1.042755;-0.223267;0.047361;0.172992;
0.025685;-0.008537;1.021585;-0.040061;0.062629;0.180626;
0.041881;-0.021899;1.038051;-0.085862;-0.006073;-0.124718;
0.058823;-0.003607;1.032427;0.196580;0.009193;-0.178153;
0.027596;0.021278;1.020084;-0.032427;0.398507;-0.071282;
0.032150;0.054219;1.040490;-0.269069;0.238201;0.020321;
0.027967;0.048418;1.041082;-0.185099;0.184766;0.020321;
0.016255;0.006485;1.029762;0.257649;0.001560;0.089023;
0.060346;-0.028830;1.036496;0.272916;-0.051875;-0.208687;
0.042916;0.004699;1.019325;0.356886;0.116064;-0.285023;
0.031643;0.013456;1.021989;0.242382;0.100797;-0.086550;
0.037757;0.044692;1.037243;-0.246168;0.009193;-0.071282;
0.027412;0.049020;1.033971;-0.139298;-0.112944;0.249328;
0.013763;0.026324;1.027562;0.150779;-0.044241;0.005053;
0.050769;-0.022114;1.027139;-0.017160;-0.067142;-0.048382;
0.054667;-0.009378;1.034981;0.188947;0.138965;-0.216321;
0.028160;0.032774;1.020749;-0.093496;0.390873;-0.048382;
0.038591;0.050645;1.041510;-0.032427;0.284003;-0.002580;
0.024791;0.050359;1.034199;-0.055328;-0.090043;0.096657;
0.022796;0.005799;1.027883;0.173680;0.215301;0.073756;
0.067930;-0.017778;1.033576;0.173680;0.001560;-0.101817;
0.044229;0.009950;1.007159;0.288183;0.177133;-0.147618;
0.029584;0.018141;1.015653;0.158412;0.085529;-0.033114;
0.045393;0.045798;1.037613;-0.299603;0.138965;0.134824;
0.027805;0.032895;1.030310;-0.299603;0.154232;0.035588;
0.016326;0.018416;1.028465;0.173680;-0.128211;0.096657;
0.059301;-0.022209;1.025788;0.089710;0.299270;-0.139985;
0.050176;0.005904;1.027783;0.082076;0.100797;0.012687;
0.038173;0.008801;1.015394;-0.093496;0.482476;-0.033114;
0.028854;0.041163;1.042215;-0.062962;0.284003;0.035588;
0.024959;0.046349;1.042971;-0.078229;0.192400;0.157725;
0.020166;0.031785;1.029695;0.257649;0.146598;0.027954;
0.037042;-0.014405;1.032942;0.127878;0.100797;-0.048382;
0.067955;-0.009835;1.043256;0.188947;0.001560;-0.201053;
0.024286;0.014946;1.014795;0.120244;0.200033;-0.162885;
0.032234;0.040330;1.023860;0.196580;0.360339;-0.124718;
0.037377;0.053629;1.049629;-0.169832;-0.021341;-0.078916;
0.015303;0.012047;1.029829;-0.055328;0.253469;0.119557;
0.024531;0.006134;1.028403;0.204214;0.116064;0.050855;
0.062174;-0.019107;1.028326;0.021008;-0.044241;-0.162885;
0.034627;0.011077;1.016112;0.272916;0.146598;-0.292656;
0.030948;0.044414;1.040821;0.188947;0.345071;-0.010214;
0.034893;0.045789;1.038445;-0.108763;0.032094;-0.147618;
0.012212;0.029893;1.026611;0.051542;0.154232;0.104290;
0.033834;-0.021555;1.038187;0.204214;0.154232;-0.056015;
0.066209;-0.016013;1.026466;0.158412;0.032094;-0.155252;
0.048911;0.004411;1.029950;0.043908;0.192400;-0.139985;
0.022833;0.040033;1.034757;0.036275;0.100797;-0.086550;
0.033167;0.052916;1.048087;-0.093496;0.100797;-0.002580;
0.035834;0.059523;1.040864;-0.154565;0.024461;0.264595;
0.024952;0.001663;1.021233;0.066809;0.032094;-0.033114;
0.063278;-0.024043;1.037343;0.043908;0.032094;-0.117084;
0.069011;-0.004840;1.031082;-0.047695;0.184766;-0.300290;
0.041061;0.028195;1.014981;-0.108763;0.207667;-0.117084;
0.034664;0.051143;1.038519;-0.108763;0.314537;0.012687;
0.010592;0.035260;1.032307;-0.108763;0.016827;0.096657;
0.021643;0.022325;1.028107;0.097344;0.116064;0.073756;
0.061541;-0.026023;1.024293;0.104977;-0.265616;-0.193420;
0.047473;0.006691;1.023832;0.288183;0.062629;-0.094183;
0.037324;0.037740;1.030025;0.173680;0.245835;-0.124718;
0.037225;0.054625;1.034683;-0.284336;-0.051875;0.203527;
0.035005;0.056143;1.045953;-0.230901;-0.212180;0.218794;
0.028147;0.001132;1.024458;0.005741;0.085529;0.058489;
0.048336;-0.007559;1.030259;-0.001893;-0.166379;-0.010214;
0.065390;-0.006118;1.039105;-0.047695;0.093163;-0.208687;
0.029962;0.017831;1.026688;-0.009527;0.116064;-0.170519;
0.038213;0.048637;1.038778;-0.154565;0.146598;0.058489;
0.017343;0.031072;1.040434;0.005741;-0.036608;0.157725;
0.021492;0.016815;1.018461;0.074443;-0.051875;0.188260;
0.066807;-0.024717;1.029536;0.005741;0.261102;-0.025481;
0.045413;0.005562;1.020109;0.043908;-0.074776;-0.269756;
0.044038;0.026524;1.024317;0.097344;0.169499;-0.025481;
0.043348;0.050498;1.032257;-0.085862;0.322171;-0.063649;
0.030982;0.051653;1.035532;-0.322504;0.016827;-0.025481;
0.033348;-0.003675;1.028631;0.097344;0.268735;0.073756;
0.048431;-0.015605;1.029898;-0.078229;0.009193;-0.078916;
0.063834;0.008374;1.034879;0.120244;0.054995;-0.185786;
0.026714;0.035528;1.030578;-0.017160;0.184766;-0.132351;
0.036210;0.045716;1.045819;-0.101130;0.062629;-0.048382;
0.034934;0.050718;1.041950;0.066809;0.047361;0.165359;
0.023037;0.009532;1.032355;0.051542;0.100797;0.058489;
0.066891;-0.019510;1.035253;0.188947;-0.181646;0.081389;
0.071452;-0.011238;1.035683;0.036275;0.070262;-0.124718;
0.036511;0.019008;1.018706;0.089710;0.207667;-0.155252;
0.048182;0.057653;1.038806;-0.169832;0.154232;-0.139985;
0.025480;0.044533;1.033633;-0.192733;-0.028975;0.012687;
0.028146;0.037643;1.020329;0.036275;0.116064;0.134824;
0.056919;-0.017369;1.031219;-0.116397;-0.128211;0.043221;
0.056783;0.000171;1.030736;0.097344;0.100797;-0.178153;
0.024853;0.035288;1.020248;0.013374;0.062629;-0.208687;
0.034546;0.039856;1.033939;-0.001893;0.367972;0.066122;
0.033865;0.053607;1.042958;-0.101130;0.268735;0.043221;
0.026932;0.005042;1.029157;0.112611;0.085529;0.111924;
0.038808;-0.002876;1.031908;0.059176;-0.074776;-0.040748;
0.074045;-0.002605;1.033884;0.204214;-0.128211;-0.124718;
0.030866;0.022914;1.021135;0.021008;0.184766;-0.239221;
0.041386;0.049010;1.037112;-0.055328;0.108430;-0.033114;
0.047827;0.061732;1.052347;-0.192733;0.100797;0.096657;
0.023109;0.027740;1.026735;-0.185099;0.001560;0.134824;
0.055050;-0.021093;1.032855;-0.185099;0.024461;-0.094183;
0.054678;0.001793;1.031956;0.005741;-0.036608;-0.048382;
0.043386;0.014239;1.019961;0.066809;-0.021341;-0.262122;
0.035181;0.043280;1.032527;-0.246168;0.406140;-0.078916;
0.032487;0.057342;1.036126;-0.001893;0.009193;0.134824;
0.022870;-0.003428;1.030202;-0.139298;-0.021341;0.241695;
0.052458;-0.001110;1.040956;0.173680;0.108430;-0.086550;
0.068449;-0.003068;1.037476;0.089710;-0.059509;-0.262122;
0.026605;0.031221;1.019724;-0.040061;0.192400;-0.040748;
0.041010;0.049572;1.043491;-0.200366;-0.067142;-0.025481;
0.018836;0.029296;1.030620;-0.146931;-0.067142;0.172992;
0.026047;0.023691;1.023530;0.021008;-0.112944;-0.094183;
0.063533;-0.021936;1.030511;0.097344;0.032094;0.111924;
0.051931;0.002303;1.025794;0.158412;0.184766;-0.162885;
0.024703;0.042368;1.038250;0.082076;0.253469;-0.025481;
0.037744;0.045392;1.051966;0.021008;0.100797;0.058489;
0.026998;0.045119;1.035380;-0.009527;0.154232;0.157725;
0.028071;-0.005455;1.024361;0.150779;0.093163;0.027954;
0.046708;-0.013148;1.020100;0.265283;-0.051875;-0.002580;
0.061623;0.000576;1.025661;-0.062962;-0.097677;-0.109450;
0.029969;0.028999;1.023417;-0.124030;0.169499;-0.162885;
0.040222;0.055986;1.034500;-0.223267;0.024461;0.005053;
0.037885;0.064832;1.047101;-0.375939;0.001560;0.089023;
0.023434;0.012951;1.031429;-0.017160;0.062629;-0.071282;
0.063030;-0.028480;1.034823;0.181313;-0.158745;-0.185786;
0.030034;0.006034;1.019897;0.173680;0.138965;-0.155252;
0.036045;0.021095;1.012845;0.219481;0.146598;-0.239221;
0.037520;0.047005;1.029426;-0.169832;0.169499;-0.040748;
0.018372;0.033953;1.033869;-0.040061;-0.112944;0.180626;
0.030029;-0.011407;1.027736;0.082076;0.070262;0.027954;
0.053184;-0.017148;1.025284;0.074443;-0.105310;-0.033114;
0.058980;0.000037;1.031011;0.150779;0.024461;-0.071282;
0.024288;0.038678;1.020535;0.013374;0.070262;-0.208687;
0.037308;0.048419;1.026747;-0.177466;0.077896;0.027954;
0.037320;0.057043;1.033002;-0.276702;0.062629;-0.063649;
0.030756;0.005592;1.020637;0.021008;0.093163;-0.002580;
0.066217;-0.015754;1.044371;0.257649;-0.036608;-0.063649;
0.068207;-0.003772;1.040159;0.021008;0.024461;-0.078916;
0.036370;0.026310;1.018320;0.097344;0.604613;0.066122;
0.041668;0.047208;1.046408;-0.062962;0.154232;-0.162885;
0.010167;0.033433;1.025408;-0.070595;0.032094;0.066122;
0.022313;0.020187;1.012882;0.112611;0.093163;0.157725;
0.058660;-0.014227;1.040362;0.204214;-0.082409;-0.010214;
0.049186;-0.006956;1.018509;0.013374;0.001560;-0.025481;
0.046411;0.011905;1.017027;0.074443;0.306903;-0.124718;
0.042897;0.050052;1.036658;-0.299603;0.215301;-0.063649;
0.028075;0.052473;1.034521;-0.169832;-0.059509;0.142458;
0.027828;-0.005697;1.025335;0.097344;0.306903;0.104290;
0.051362;-0.011052;1.031477;0.082076;0.138965;-0.124718;
0.070525;0.000627;1.033145;0.318718;0.123697;-0.025481;
0.030463;0.026227;1.015537;0.120244;0.367972;-0.208687;
0.035566;0.046917;1.029888;-0.108763;0.192400;0.020321;
0.038356;0.060646;1.042633;-0.101130;-0.120577;0.256962;
0.026228;0.018285;1.020021;0.166046;0.039728;0.226428;
0.064681;-0.018695;1.031555;-0.009527;-0.120577;0.050855;
0.074821;-0.011601;1.033028;0.364519;-0.189280;-0.185786;
0.042275;0.020326;1.006301;-0.108763;0.116064;-0.216321;
0.045525;0.056637;1.044884;-0.116397;0.032094;-0.139985;
0.026583;0.048884;1.027337;-0.284336;0.070262;0.180626;
0.019486;0.028313;1.027918;-0.169832;0.245835;0.104290;
0.053507;-0.021243;1.027681;0.036275;0.047361;-0.078916;
0.059233;-0.012511;1.022249;0.219481;0.070262;-0.353725;
0.026991;0.036269;1.030347;0.043908;0.261102;-0.117084;
0.034151;0.047368;1.032081;-0.070595;0.314537;0.027954;
0.030656;0.055281;1.034599;-0.017160;-0.044241;0.218794;
0.017821;0.001291;1.019410;0.112611;-0.273249;-0.056015;
0.070278;-0.018696;1.029673;0.173680;-0.021341;-0.071282;
0.075705;-0.006540;1.026003;0.196580;-0.097677;-0.178153;
0.028870;0.020908;1.007100;0.166046;0.131331;-0.139985;
0.041239;0.050957;1.037384;-0.139298;0.108430;0.035588;
0.019031;0.033444;1.030193;-0.185099;0.123697;0.111924;
0.025834;0.025334;1.019873;-0.093496;-0.059509;0.157725;
0.064571;-0.022521;1.037138;-0.040061;0.093163;-0.262122;
0.045827;0.000639;1.032304;0.089710;0.207667;-0.239221;
0.032378;0.040253;1.034895;0.219481;0.337438;-0.071282;
0.037895;0.048084;1.035333;-0.200366;0.230567;0.043221;
0.026027;0.041587;1.030411;-0.062962;-0.082409;0.218794;
0.025972;-0.008480;1.024533;0.311084;0.154232;-0.048382;
0.065410;-0.010750;1.039038;0.013374;0.054995;-0.078916;
0.073059;0.000817;1.020923;0.074443;-0.235081;-0.170519;
0.024160;0.030413;1.022620;0.074443;0.230567;-0.117084;
0.037828;0.059422;1.044079;0.021008;0.161865;0.066122;
0.041856;0.066930;1.044000;-0.085862;-0.074776;-0.010214;
0.027637;0.016205;1.023199;0.211847;0.123697;0.027954;
0.058619;-0.029158;1.036467;0.150779;0.062629;-0.002580;
0.038865;0.006241;1.021497;0.135512;0.169499;-0.078916;
0.036515;0.020171;1.014799;0.021008;0.222934;-0.078916;
0.037248;0.044879;1.035032;-0.009527;0.100797;-0.048382;
0.014577;0.031793;1.032067;-0.078229;0.070262;0.127191;
0.023319;0.026556;1.028437;0.250015;0.123697;0.005053;
0.061339;-0.021335;1.028772;0.318718;0.238201;-0.010214;
0.056732;0.006392;1.022734;0.051542;-0.158745;-0.094183;
0.030757;0.038629;1.029209;0.104977;0.154232;0.104290;
0.039634;0.054699;1.031775;-0.253801;0.261102;0.066122;
0.041133;0.054338;1.035469;-0.246168;0.039728;0.096657;
0.025701;-0.000372;1.029796;-0.192733;0.070262;0.104290;
0.048720;-0.009735;1.030233;0.051542;-0.090043;-0.101817;
0.068262;-0.000469;1.032361;0.021008;-0.013707;-0.155252;
0.033347;0.024456;1.018250;-0.101130;0.261102;-0.178153;
0.037470;0.047897;1.040719;-0.223267;-0.013707;0.012687;
0.015193;0.022626;1.019927;-0.131664;0.123697;0.157725;
0.025417;0.014924;1.026336;0.150779;0.024461;0.073756;
0.065510;-0.017400;1.034038;0.188947;-0.067142;-0.063649;
0.048057;0.007974;1.026312;0.021008;0.047361;-0.223954;
0.036429;0.021255;1.022661;-0.139298;0.108430;-0.086550;
0.041042;0.047502;1.035124;-0.116397;0.169499;0.012687;
0.019725;0.051816;1.033903;-0.200366;0.108430;0.157725;
0.024211;0.034657;1.029303;-0.101130;-0.082409;-0.040748;
0.050781;-0.015594;1.022820;0.036275;-0.097677;-0.254488;
0.059503;0.005445;1.032323;0.005741;0.184766;-0.300290;
0.028146;0.028819;1.033934;-0.055328;0.337438;0.012687;
0.029532;0.053707;1.047557;-0.055328;-0.074776;0.035588;
0.026214;0.053874;1.036477;-0.040061;-0.082409;0.134824;
0.024823;0.005946;1.014427;0.257649;-0.105310;0.073756;
0.066391;-0.016050;1.040201;0.181313;-0.044241;-0.193420;
0.028438;0.009091;1.017467;0.089710;0.131331;-0.376626;
0.030474;0.026935;1.013831;-0.009527;0.390873;-0.086550;
0.041635;0.046226;1.029228;-0.185099;0.032094;-0.056015;
0.017110;0.030823;1.023997;-0.154565;0.306903;0.180626;
0.040347;-0.025070;1.026213;0.074443;0.146598;0.081389;
0.063084;-0.016335;1.031567;-0.047695;0.177133;-0.216321;
0.047462;0.001562;1.023267;-0.009527;0.032094;-0.109450;
0.030870;0.038056;1.039746;0.234748;0.131331;-0.101817;
0.035491;0.055930;1.046447;-0.116397;0.200033;-0.048382;
0.023959;0.047438;1.037332;-0.040061;0.230567;0.188260;
0.026668;-0.009181;1.024287;0.082076;0.154232;0.119557;
0.064392;-0.012461;1.042186;0.219481;-0.074776;-0.139985;
0.029942;0.016168;1.012932;0.013374;0.284003;-0.231588;
0.028553;0.030376;1.022191;-0.177466;0.238201;-0.101817;
0.043240;0.052023;1.036937;-0.177466;0.070262;0.134824;
0.020782;0.020300;1.025858;-0.246168;-0.013707;0.027954;
0.054112;-0.028780;1.027090;0.051542;0.222934;-0.010214;
0.073923;-0.023434;1.026958;0.135512;0.184766;-0.101817;
0.025226;0.007518;1.020586;0.135512;0.306903;-0.078916;
0.035558;0.053434;1.042243;-0.192733;0.192400;0.020321;
0.011745;0.041981;1.021140;-0.017160;0.108430;0.249328;
0.041163;0.025755;1.031376;-0.017160;0.116064;0.142458;
0.034171;-0.010071;1.021929;-0.001893;0.070262;-0.002580;
0.010079;0.023106;1.019616;0.295817;-0.082409;0.172992;
0.073275;0.028504;1.046586;-0.047695;0.169499;-0.063649;
0.037783;0.015391;1.017200;-0.055328;-0.112944;0.035588;
0.039768;0.035071;1.039584;-0.009527;-0.059509;-0.216321;
0.050801;0.023739;1.028296;-0.047695;0.077896;0.081389;
0.030426;0.010838;1.013597;-0.001893;-0.013707;0.340931;
0.024117;0.000593;1.017527;0.089710;0.169499;-0.170519;
0.007717;0.017269;1.028571;0.188947;0.238201;-0.071282;
-0.001340;0.012881;1.025191;0.158412;0.215301;0.020321;
-0.002265;0.004513;1.022849;-0.040061;0.161865;0.165359;
0.042280;0.021297;1.039665;0.135512;0.001560;0.020321;
0.059535;0.016177;1.032479;-0.078229;0.131331;-0.063649;
0.022241;0.016402;1.021163;0.082076;0.024461;0.035588;
0.058710;0.009305;1.032122;-0.169832;-0.044241;-0.010214;
0.013875;0.031079;1.018805;-0.017160;0.108430;0.096657;
0.055850;0.034620;1.055745;-0.162198;0.077896;0.241695;
0.048851;0.013653;1.028612;-0.085862;0.215301;0.172992;
0.026173;0.022899;1.035781;0.356886;0.360339;-0.155252;
0.028680;0.015394;1.031049;0.036275;0.024461;-0.155252;
0.030285;0.019317;1.027205;0.104977;0.337438;-0.025481;
0.041751;0.029823;1.024087;-0.040061;-0.090043;0.180626;
0.047178;0.037113;1.038003;0.158412;0.016827;0.157725;
0.047481;0.035777;1.028914;0.097344;0.284003;0.165359;
0.051474;0.023245;1.025601;-0.093496;0.367972;-0.040748;
0.026275;0.024147;1.020597;-0.085862;0.032094;0.089023;
0.028763;0.013610;1.025384;-0.124030;-0.212180;0.058489;
0.045440;0.027235;1.035137;0.181313;0.261102;-0.025481;
0.036190;0.007754;1.017067;0.501924;-0.082409;0.165359;
0.029916;0.020330;1.014218;-0.070595;0.177133;0.111924;
0.043517;0.043244;1.052753;0.005741;-0.090043;0.150092;
0.047173;0.022453;1.035828;-0.085862;0.077896;0.005053;
0.033670;-0.006400;1.007752;0.501924;0.314537;0.119557;
0.018128;-0.000967;1.013986;0.364519;0.138965;0.165359;
0.037842;0.031054;1.038027;-0.185099;0.253469;-0.002580;
0.038869;0.038123;1.034466;-0.330137;0.314537;0.058489;
0.034968;0.017237;1.019394;0.333985;0.390873;0.165359;
0.033833;0.011675;1.009488;0.379786;-0.021341;0.005053;
0.041335;0.011266;1.023566;-0.131664;-0.090043;0.058489;
0.041951;-0.007883;1.029183;0.181313;0.284003;-0.071282;
0.047905;0.012947;1.033493;0.265283;0.291636;0.058489;
0.041410;0.018780;1.020244;-0.299603;0.116064;-0.094183;
0.033706;0.023431;1.030501;0.143145;0.207667;0.256962;
0.025449;0.021234;1.024222;0.379786;0.154232;0.234061;
0.039681;0.023817;1.037213;-0.307237;-0.082409;0.020321;
0.032459;0.013366;1.046767;-0.177466;0.268735;-0.109450;
0.022982;0.012254;1.018416;0.356886;0.062629;0.027954;
0.030122;0.038701;1.036312;-0.001893;-0.013707;-0.025481;
0.031221;0.010029;1.039344;-0.169832;0.238201;-0.010214;
0.031711;0.014900;1.003620;0.257649;-0.174012;0.256962;
0.041483;0.015614;1.037119;0.150779;-0.067142;0.111924;
0.035578;0.014839;1.037024;-0.131664;0.329804;-0.017847;
0.030443;0.028523;1.005762;0.074443;-0.090043;-0.056015;
0.037266;0.013252;1.022802;0.158412;-0.135845;-0.078916;
0.033916;0.038543;1.046418;-0.124030;0.474843;0.043221;
0.035018;-0.002037;1.001459;0.173680;-0.051875;-0.109450;
0.049950;0.016164;1.046811;0.448489;0.192400;0.150092;
0.042627;0.036517;1.028856;0.318718;0.230567;0.241695;
0.029765;0.015516;1.002130;0.440855;0.169499;-0.010214;
0.032079;0.037190;1.060104;0.051542;0.077896;0.119557;
0.041034;-0.003943;1.001272;0.562992;0.039728;-0.071282;
0.035658;0.008863;1.028110;0.417954;0.413774;0.005053;
0.045465;0.026336;1.040274;-0.154565;-0.204547;-0.109450;
0.040850;0.015438;1.027053;0.700397;0.841255;0.424901;
0.014165;0.017179;1.017627;0.150779;-0.166379;-0.056015;
0.048585;0.015241;1.021275;0.654596;0.825987;-0.033114;
0.014923;0.035389;1.026730;0.318718;-0.235081;0.111924;
0.042987;-0.004570;0.985106;0.288183;0.230567;-0.078916;
0.028053;0.034569;1.060990;0.234748;-0.082409;0.157725;
0.050766;0.015322;1.019591;0.723298;0.375606;0.165359;
0.018111;0.040895;1.025874;0.028641;0.345071;0.356199;
0.076083;0.019449;1.051644;0.738565;0.322171;0.142458;
0.055945;0.038216;1.068060;-0.078229;0.856522;-0.117084;
0.056676;-0.013652;1.036174;1.013374;0.322171;0.104290;
-0.004761;0.020835;0.996567;-0.383572;-0.067142;-0.277389;
0.028930;-0.010655;1.015961;1.326351;1.085529;0.134824;
-0.033459;0.000086;0.972808;-0.085862;-0.257982;0.058489;
0.036130;0.084941;1.044180;-0.124030;1.062629;0.402000;
0.027991;-0.057867;1.025070;1.143145;-0.158745;0.043221;
0.000144;0.037355;0.992953;0.188947;0.909957;-0.048382;
0.001862;0.004405;0.984652;0.830168;-0.769432;-0.017847;
0.083147;0.032995;1.037473;-0.696550;0.245835;0.005053;
0.146344;0.031943;1.124182;1.540092;1.887056;0.089023;
-0.093584;-0.015300;0.919253;-0.414107;0.001560;-0.094183;
-0.114492;0.007082;0.901626;1.280550;-0.227448;0.195893;
-0.070651;-0.009656;0.895629;1.059176;-1.403020;0.104290;
0.021779;0.010965;0.933289;-0.452275;-0.647295;0.157725;
0.152805;0.036445;1.042926;0.540092;1.757285;0.318031;
0.086099;0.040503;1.175928;-0.078229;0.833621;-0.117084;
0.054447;0.056629;1.199990;-0.093496;2.803087;-0.330824;
-0.009764;0.012336;1.201132;1.043908;2.054995;-0.078916;
-0.105556;-0.008167;1.149204;0.578260;0.261102;-0.193420;
-0.082848;0.069680;1.213188;1.471389;1.222934;-0.674336;
-0.299273;-0.130343;0.631922;1.440855;-0.799967;0.005053;
-0.338937;-0.108293;0.620399;0.921771;-1.960272;-0.544565;
-0.302772;-0.061636;0.724828;1.303450;0.742018;-0.613267;
-0.288599;-0.116193;0.866710;2.104977;0.925224;0.050855;
-0.239634;-0.092759;1.025177;0.257649;0.253469;-0.468229;
-0.108026;0.009262;1.266882;0.120244;2.024461;-0.407160;
0.012278;0.063842;1.401557;1.341618;1.818354;0.256962;
-0.111433;-0.083207;1.054356;0.204214;0.482476;-0.185786;
0.074007;0.048110;1.304117;-0.627847;1.345071;-0.399527;
0.150500;0.123712;1.285703;0.456122;2.116064;0.150092;
0.016313;0.027188;0.977586;0.753832;-0.204547;0.394366;
0.007817;0.066189;1.005497;0.097344;-0.548058;-0.124718;
-0.036963;0.062054;0.852519;0.242382;0.268735;0.180626;
0.001732;-0.032729;0.963022;1.593527;1.100797;0.371466;
-0.077205;-0.079767;0.823649;0.463756;0.390873;0.035588;
0.197732;0.031775;1.311522;-0.223267;1.306903;-0.178153;
0.151383;0.160862;1.272277;0.265283;1.352705;0.211160;
-0.109910;-0.011248;0.798922;1.234748;-0.296150;0.631008;
0.042685;-0.072801;0.971604;1.250015;-0.685463;0.249328;
0.147474;0.051209;1.120799;-0.177466;0.490109;-0.338458;
0.169120;0.109361;1.158244;0.456122;0.742018;0.043221;
-0.023051;-0.019331;0.943983;1.440855;0.238201;0.615741;
0.059564;-0.032643;1.028337;0.425588;-0.380119;0.073756;
0.142881;0.057364;1.157116;-0.841588;-0.120577;-0.613267;
0.021511;0.159370;0.979825;0.242382;0.917591;-0.193420;
0.064650;-0.015485;1.017624;1.608794;1.024461;0.768412;
0.022001;-0.030118;1.025143;0.379786;-0.403020;0.539405;
0.003852;0.040311;0.948909;-0.307237;-1.380119;-0.155252;
0.045316;0.078946;1.003517;0.173680;0.932858;-0.552198;
0.158855;0.100492;1.135654;0.532458;0.833621;0.157725;
-0.090952;-0.055765;0.860340;1.402687;0.459575;0.485970;
-0.084327;-0.065648;0.879663;1.043908;-0.677829;0.501237;
0.129019;0.076570;1.166026;-0.185099;0.016827;-0.208687;
0.002064;0.105314;0.982197;0.043908;0.726751;0.249328;
0.147275;0.064743;1.130066;0.715664;1.925224;0.531771;
-0.009983;-0.075980;1.029172;1.219481;0.207667;0.203527;
-0.026649;-0.016840;0.976582;0.082076;-0.609127;-0.239221;
0.039453;0.097793;1.045150;-0.085862;-0.341951;-0.659069;
0.085125;0.147066;1.028858;0.250015;0.833621;-0.399527;
0.090854;0.097914;1.050050;0.959939;1.024461;0.577573;
-0.042338;-0.124883;0.925255;2.433221;1.993927;1.249328;
0.011588;-0.084889;1.065887;1.005741;0.367972;0.371466;
-0.024041;0.027644;0.992469;0.295817;0.169499;-0.277389;
0.062555;0.228349;1.094211;-0.177466;-0.028975;-0.407160;
0.051858;0.112205;0.988644;1.173679;1.009193;0.012687;
0.100081;-0.079381;1.083163;1.990473;1.184766;0.409634;
0.031396;-0.150310;1.010779;1.898870;1.215301;0.623374;
-0.030483;-0.049008;1.007203;0.204214;0.123697;0.142458;
-0.007541;0.169035;1.020505;-0.322504;-0.334318;0.356199;
0.024744;0.202456;1.065589;-0.604946;-0.319051;0.043221;
0.072700;0.132132;1.049309;0.135512;-0.227448;-0.231588;
0.084425;0.000287;1.013720;1.860702;0.314537;0.256962;
0.064237;-0.124304;0.996420;1.318718;1.177133;-0.094183;
0.098166;-0.151813;1.037454;1.395054;1.856522;0.043221;
0.003011;0.068658;1.057451;-0.627847;0.993927;0.211160;
-0.039868;0.105176;1.045602;-0.978992;-0.448822;0.455435;
-0.004107;0.127170;1.081251;-0.269069;-0.097677;0.470702;
-0.000816;0.141785;1.018733;-1.017160;-0.570959;0.585206;
0.003555;-0.005751;1.001694;2.043909;-0.212180;0.142458;
0.134830;-0.073339;1.064372;2.914138;-0.090043;-0.391893;
0.048594;-0.047172;0.936994;3.532458;1.688583;-0.483496;
0.092260;-0.065217;0.959176;0.631695;1.116064;0.165359;
0.096033;0.017278;1.070777;0.280550;1.474843;0.516504;
0.007245;0.061481;1.052748;-0.963725;0.520644;0.638641;
-0.032791;0.105277;1.062624;-0.177466;0.367972;0.264595;
-0.054769;0.124523;1.067742;-0.467542;0.054995;0.165359;
0.014625;0.072295;1.017208;0.738565;0.421407;0.226428;
-0.015578;0.130543;1.015663;1.227115;0.054995;0.211160;
0.003971;0.053490;0.983188;2.845435;0.444308;0.264595;
0.128689;-0.057877;1.024538;3.181313;0.146598;0.211160;
0.101345;-0.029617;0.979685;2.914138;0.971025;0.096657;
0.093224;-0.071269;0.925262;1.143145;2.009193;-0.216321;
0.091581;-0.079617;0.960429;0.326351;1.383239;-0.208687;
0.100697;-0.023384;1.109488;-0.337771;0.940491;0.043221;
0.034926;0.059879;1.136002;-1.314870;1.146598;0.226428;
-0.000626;0.068809;1.113802;-1.040061;1.551178;0.134824;
-0.052756;0.123341;1.131020;-1.498076;0.451941;0.455435;
-0.097576;0.127619;1.054182;-1.040061;0.024461;0.966886;
-0.069471;0.110526;1.042562;1.005741;0.276369;0.737878;
-0.034305;0.103306;1.066253;2.372153;0.398507;0.768412;
-0.032121;0.116366;1.017920;2.532458;0.650415;0.821847;
0.030645;0.028394;0.911843;3.959939;0.360339;0.684443;
0.065424;-0.006214;0.914286;3.692764;0.726751;0.096657;
0.060897;-0.014720;0.880749;3.738565;-0.151112;-0.185786;
0.131726;-0.041430;0.954687;3.715664;0.207667;-0.368992;
0.129414;-0.045378;0.942336;2.891237;0.230567;-0.437695;
0.119673;-0.086045;0.927630;2.028641;0.054995;-0.407160;
0.108267;-0.086505;0.917162;0.769099;-0.143478;-0.262122;
0.125638;-0.078913;0.945719;1.303450;0.131331;-0.170519;
0.117233;-0.112181;0.949285;0.730931;-0.112944;-0.277389;
0.075740;0.001007;1.092568;-0.582046;0.230567;0.020321;
0.065033;-0.051317;1.084299;-1.475175;-0.067142;0.249328;
0.023140;-0.011037;1.059522;-1.818687;0.062629;0.485970;
0.040676;-0.041458;1.055161;-1.727084;-0.067142;0.447802;
0.028080;-0.066846;1.027639;-2.444641;-0.525158;-0.025481;
0.048295;-0.045699;1.073599;-2.215633;0.024461;-0.246855;
0.044921;-0.039067;1.071440;-1.742351;1.085529;-0.017847;
0.038974;0.034235;1.220533;-2.124030;0.627514;0.157725;
0.048933;0.043955;1.235529;-2.925557;0.688583;0.493603;
0.053866;0.016288;1.210921;-2.414107;0.825987;0.600473;
0.006433;0.018921;1.163939;-2.146931;0.222934;0.638641;
-0.044924;0.058836;1.145643;-0.444641;1.116064;0.524137;
-0.029380;0.082734;1.161414;-1.604946;1.780186;0.165359;
-0.019034;0.006754;1.149668;-0.910290;1.604613;0.325664;
-0.023736;0.057413;1.144942;-1.078229;1.054995;0.119557;
-0.005297;0.065787;1.122765;-0.299603;1.108430;0.547038;
-0.059958;0.079297;1.026059;0.891237;0.711483;0.485970;
-0.048002;0.104057;1.062881;0.501924;1.253469;0.493603;
-0.058982;0.112164;1.053279;0.417954;0.894690;0.218794;
-0.015866;0.171130;0.957150;1.356886;1.253469;-0.078916;
0.007641;0.143909;0.985534;0.135512;0.879423;-0.231588;
-0.010425;0.097707;0.953218;1.952305;0.406140;-0.246855;
0.004990;0.160315;0.965627;1.333985;-0.456455;-0.185786;
0.007619;0.120425;1.013884;2.303451;-0.548058;0.119557;
0.031987;0.100638;0.879071;1.173679;0.879423;-0.101817;
0.014330;0.003746;0.914196;2.517191;0.268735;-0.139985;
0.006038;0.061521;0.907806;1.998107;-0.105310;-0.277389;
0.049540;0.006749;0.886049;2.982840;-0.250348;-0.246855;
0.039814;0.037537;0.906466;2.914138;-1.303783;-0.269756;
0.044135;0.057639;0.882788;2.280550;-1.700730;-0.575099;
0.042424;0.031958;0.865961;2.914138;-0.746532;-0.430061;
0.082446;0.003747;0.871759;2.608794;-0.715997;-0.277389;
0.141738;0.013739;1.010315;2.005741;0.764919;-0.292656;
0.091066;-0.011296;0.949153;0.280550;-1.341951;-0.208687;
0.087778;-0.046025;0.902010;1.517191;-1.303783;-0.407160;
0.089003;-0.024785;0.916804;1.257649;-1.693096;-0.101817;
0.082355;0.005328;0.913959;1.746199;-0.494623;-0.185786;
0.066533;0.013974;0.924159;0.456122;-0.441188;-0.201053;
0.083077;-0.078508;1.015008;0.181313;-0.670196;-0.063649;
0.102723;-0.056329;1.033020;-0.345404;-1.036608;0.050855;
0.095199;-0.024105;0.993656;-0.291969;-1.235081;-0.002580;
0.092825;-0.077413;0.990641;-0.108763;-1.723631;-0.147618;
0.093016;-0.032818;0.971673;-0.139298;-1.715997;-0.063649;
0.096807;-0.060918;0.954644;1.036275;-1.166379;-0.307924;
0.100767;-0.006469;0.980749;-0.559145;-0.945005;-0.094183;
0.113869;0.004731;0.969572;0.570626;-0.670196;0.119557;
0.094518;0.015210;0.983427;0.303450;-1.525158;0.150092;
0.096570;-0.103614;1.054561;-0.704183;-0.578593;-0.040748;
0.109536;-0.138823;1.054724;0.753832;-1.074776;-0.201053;
0.106601;-0.048055;1.018973;-0.299603;-0.235081;-0.147618;
0.080681;-0.074416;0.985607;-0.284336;-1.349585;-0.147618;
0.109805;-0.093061;0.964416;-0.391206;-0.822867;0.081389;
0.050901;0.006817;0.987345;-0.154565;-1.250348;0.218794;
0.055350;-0.048824;0.918184;0.021008;-0.647295;0.234061;
0.036219;-0.069060;0.931596;0.799634;-1.395387;0.127191;
0.121873;-0.020396;1.110323;-1.108763;-0.525158;-0.086550;
0.091147;-0.080199;1.039620;-0.238534;-0.822867;0.089023;
0.058270;-0.135610;0.993228;1.646962;-0.769432;-0.208687;
0.089903;-0.103584;0.994633;-0.513343;-1.372486;-0.078916;
0.078064;-0.078209;0.968104;-0.688916;-1.296150;0.256962;
0.062060;-0.006022;0.972604;0.738565;-0.876303;0.195893;
0.043231;-0.014811;0.967304;0.494290;-0.754165;-0.002580;
0.052227;-0.004947;0.928095;-0.681282;-0.815234;-0.193420;
0.055060;-0.022123;0.927886;0.593527;-1.876303;0.005053;
0.074161;-0.122076;0.999290;0.494290;-1.112944;0.027954;
0.078259;-0.078927;0.985262;-0.001893;-1.555692;0.203527;
0.052273;0.004466;0.988802;0.311084;-1.021341;0.310397;
0.067301;-0.011481;0.982163;0.448489;-0.425921;-0.025481;
0.043219;0.006588;0.980367;-0.536244;-1.548058;-0.017847;
0.058282;-0.080974;0.961162;-0.276702;-1.296150;0.203527;
0.057759;-0.092388;0.999734;0.944672;-0.945005;0.371466;
0.058992;-0.018562;1.026081;-0.162198;-1.464089;0.165359;
0.055839;0.072741;1.045019;-1.070595;-1.273249;0.104290;
0.047181;-0.023452;0.946636;2.311084;-1.693096;-0.078916;
0.028319;0.043546;0.939004;1.234748;-0.876303;-0.101817;
0.027885;0.017517;0.927585;0.303450;-2.158745;0.180626;
0.058581;0.028437;0.989975;0.677496;-0.990806;0.310397;
0.039629;0.002562;1.000610;1.295817;-1.563325;0.432534;
0.048656;0.001262;0.931077;-0.261435;-1.792333;0.295130;
0.085834;-0.012239;1.036363;0.914137;-1.242715;-0.033114;
0.060013;0.005703;1.014678;1.631695;-1.441188;-0.094183;
0.035049;0.036555;0.955673;-0.513343;-1.403020;0.501237;
0.035693;-0.000694;0.974023;1.830168;-1.403020;0.096657;
0.033630;0.032562;0.937204;0.005741;-1.433554;0.287496;
0.028230;0.010471;0.978739;1.173679;-1.028974;0.310397;
0.032219;-0.015099;0.967389;2.479023;-1.616761;0.386733;
0.039733;0.016345;0.958634;1.769099;-0.769432;-0.010214;
0.018473;0.048120;0.917352;1.150779;-1.509890;0.226428;
0.043142;-0.012127;0.950912;1.959939;-0.761799;0.287496;
0.040223;0.026370;0.959032;1.417954;-0.693096;0.111924;
0.014032;0.001341;0.900670;2.471389;-0.960272;0.150092;
0.034018;0.061535;0.916296;3.616428;-0.067142;0.203527;
0.049791;0.035940;0.981867;2.578260;-0.288516;0.089023;
0.055627;0.088985;0.988851;0.967573;-1.059509;0.348565;
0.034603;0.077048;0.958707;1.456122;-0.403020;0.295130;
0.021480;0.090232;0.953318;2.150779;-0.807600;0.302763;
0.001574;0.068934;0.912755;0.486657;-0.624394;0.234061;
0.014260;0.110445;0.925308;0.646962;-0.464089;-0.139985;
0.023924;0.115020;0.973330;3.227115;0.276369;-0.239221;
0.012085;0.039375;0.873485;1.082076;-0.044241;0.150092;
0.008263;0.048190;0.939523;0.486657;-0.189280;0.440168;
0.055307;0.123107;1.006017;0.608794;-0.067142;0.501237;
0.043561;0.198608;1.006211;0.547725;-0.311417;0.356199;
0.015309;0.087801;0.957609;1.219481;-0.334318;-0.285023;
0.017517;0.148403;0.976667;1.219481;0.864155;-0.590366;
0.025229;0.152372;0.972420;2.166046;0.665682;-0.246855;
0.041393;0.162956;1.009586;0.677496;1.711483;0.287496;
0.010818;0.178230;0.971119;0.738565;0.764919;0.447802;
0.032611;0.125287;0.946138;0.868336;1.093163;0.234061;
0.054213;0.185264;0.991946;0.242382;1.009193;-0.010214;
0.037866;0.168692;0.962782;1.311084;1.650415;-0.185786;
0.029820;0.124841;0.958353;2.814901;2.497743;-0.414794;
0.020632;0.166150;0.962746;0.448489;1.711483;-0.277389;
0.034295;0.056696;0.917946;0.280550;1.925224;-0.254488;
0.013914;0.018726;0.956831;0.372153;1.696217;-0.239221;
0.053175;0.027328;1.083066;1.211847;3.360339;-0.376626;
0.011279;0.027271;0.966481;-0.719450;2.337438;-0.361359;
0.043271;0.011372;1.058172;-0.475175;2.696217;-0.147618;
0.012361;-0.069656;1.105109;0.990473;2.421407;0.310397;
0.053928;-0.068657;1.102526;-0.543878;1.780186;-0.078916;
0.011302;-0.098191;1.074273;-0.994259;0.719117;0.089023;
0.062067;-0.083346;1.087961;1.326351;-0.090043;-0.368992;
0.029742;-0.014670;1.072805;-0.749985;-0.624394;0.142458;
0.004635;-0.048364;1.035421;0.944672;-2.120577;0.608107;
0.003934;-0.016291;1.013317;1.517191;-1.212180;0.455435;
-0.025892;-0.010813;0.901888;2.234748;-1.891570;0.684443;
-0.011280;0.038980;0.991834;1.708031;-0.990806;0.669176;
-0.013678;0.063575;0.997797;1.120244;-0.715997;0.936351;
-0.000836;0.140104;0.986830;1.723298;-0.441188;1.241695;
0.002304;0.230977;1.039200;0.326351;0.780186;0.707344;
0.031000;0.119735;0.955353;1.227115;0.314537;0.012687;
0.005906;0.231966;0.994391;1.433221;1.406140;-0.033114;
0.040704;0.106592;0.924402;1.341618;1.429041;-0.056015;
0.080928;0.037431;0.947019;0.349252;2.764919;-0.361359;
0.077084;0.087582;0.971725;-0.299603;1.978659;-0.277389;
0.095089;0.056311;1.041904;-0.047695;4.245834;-0.445328;
0.082358;0.131679;1.187989;-0.375939;2.742018;-0.315557;
0.088643;-0.055142;1.145393;-1.520977;1.703850;-0.147618;
0.018354;-0.106321;1.027908;-0.627847;0.497743;-0.208687;
0.039278;-0.130096;1.033500;0.295817;0.482476;-0.101817;
0.001979;-0.112903;1.015319;-0.490443;-1.700730;0.302763;
-0.062493;-0.011159;1.017352;1.326351;-2.685463;0.669176;
-0.049700;0.014308;0.931587;2.066809;-2.280883;0.913450;
-0.030244;-0.046549;0.906702;2.402687;-1.670196;0.714977;
0.020796;0.167329;1.043688;1.746199;-0.151112;0.837115;
-0.043969;0.126362;0.973266;1.517191;-0.059509;0.615741;
-0.011707;0.192043;0.973207;0.097344;1.406140;0.371466;
0.036978;0.000280;0.902206;2.211847;2.360339;-0.040748;
0.076647;0.005072;0.999701;0.952305;3.146598;-0.285023;
0.130130;0.090296;0.998756;-0.696550;4.245834;-0.475863;
0.111772;0.045594;1.121682;0.532458;4.131331;-0.872809;
0.129725;-0.097913;1.118627;0.601160;2.902323;-0.399527;
0.058950;-0.070625;1.101343;-0.330137;1.268735;0.157725;
0.025783;-0.140808;0.995389;1.471389;0.375606;0.745512;
-0.061469;-0.081288;1.036702;2.135511;-0.945005;0.776046;
-0.072102;-0.051955;0.976407;2.364519;-2.074776;1.432534;
-0.108685;0.004990;0.923012;2.211847;-1.777066;1.363832;
-0.043340;0.232401;1.020672;2.196580;-1.784699;1.692076;
0.017984;0.126276;0.945454;2.059176;0.169499;0.676809;
0.057529;0.225448;1.112735;1.211847;0.291636;0.409634;
0.081469;0.157992;0.953682;-0.101130;2.337438;0.066122;
0.162217;0.143779;1.066198;-0.299603;3.039728;-0.529298;
0.133199;0.056902;1.056432;-0.742351;3.971025;-0.514030;
0.159158;0.077087;1.151503;-0.467542;2.566445;-0.735404;
0.080735;-0.061056;1.032639;-2.101130;1.993927;-0.430061;
-0.003416;-0.078028;1.034140;-1.772885;-1.250348;-0.025481;
-0.071988;-0.012289;0.987775;1.227115;-2.799967;0.776046;
-0.127209;0.017882;0.898659;3.288183;-2.815234;0.989786;
-0.088256;0.110087;0.973872;0.921771;-2.815234;1.241695;
-0.014163;0.174075;1.037159;1.066809;-1.120577;1.279863;
0.032668;0.204241;0.993877;0.265283;0.795453;0.203527;
0.068280;0.045236;0.905265;-0.032427;2.520644;-0.529298;
0.151176;0.046030;1.087427;-1.620214;3.284003;-1.437695;
0.196231;0.179672;1.158424;-0.688916;3.658049;-1.201053;
0.142686;0.020411;1.148239;-1.429374;2.413774;-0.781206;
0.070108;-0.076802;1.007738;-2.261435;0.421407;0.012687;
-0.077239;-0.094056;0.982099;-0.666015;-1.662562;0.310397;
-0.115424;-0.078759;0.886388;0.463756;-4.112944;0.768412;
-0.122255;-0.033916;0.908031;3.089710;-3.410654;0.539405;
-0.019811;0.153554;1.036290;2.746199;-2.189280;0.814214;
-0.027776;0.132536;0.991978;2.112611;-0.112944;0.661542;
0.037864;0.129667;1.012240;0.181313;1.131331;-0.010214;
0.146914;0.044220;0.976500;-0.994259;3.215301;-0.361359;
0.151091;0.055302;1.138811;-2.009526;3.138965;-0.788840;
0.155191;0.095885;1.115918;-3.459908;2.077896;-0.941511;
0.130691;0.005631;1.127256;-1.994259;2.032094;-0.933878;
0.048497;-0.146984;0.998074;0.814901;0.093163;-0.643801;
-0.042727;-0.043050;1.038749;-1.108763;-1.632028;0.035588;
-0.081049;-0.008535;0.991134;0.982840;-2.899203;0.844748;
-0.098992;0.002800;0.924589;0.677496;-3.677829;1.226428;
-0.077450;-0.037110;0.925051;1.799634;-2.578593;1.142458;
-0.041482;0.094255;1.037574;1.501924;-1.761799;0.875282;
0.070152;0.298248;1.080621;-0.185099;0.993927;0.089023;
0.087444;0.148666;1.013711;0.364519;1.749651;-0.338458;
0.109234;0.057931;1.106622;-0.749985;2.825987;-0.506397;
0.101621;0.127750;1.070990;-1.444641;3.810720;-1.216321;
0.147639;0.093805;1.216566;-2.452275;3.161865;-0.735404;
0.076738;-0.005433;1.099109;-0.406473;1.375606;-0.109450;
-0.009219;-0.114047;1.041137;-0.253801;0.963392;0.066122;
-0.056617;0.011730;1.063134;-0.643114;-3.013707;0.508870;
-0.102145;-0.002224;0.908041;1.448489;-3.090043;0.554672;
-0.066689;0.081345;0.954144;2.257649;-3.105310;0.592840;
-0.080794;0.030761;0.959584;1.753832;-1.319051;0.638641;
0.010486;0.242420;1.061307;1.753832;-0.654928;0.722611;
0.048075;0.140738;0.968161;1.104977;0.978659;0.142458;
0.062208;0.227996;1.087826;0.028641;3.184766;-0.254488;
0.100722;0.077436;0.966518;-2.566778;2.978659;-0.445328;
0.139867;0.008505;1.126692;0.104977;4.070262;-0.704870;
0.071707;-0.077945;1.058259;-0.337771;2.612247;-0.750672;
0.004607;-0.136593;0.986812;-0.826321;0.780186;-0.544565;
0.022523;-0.038633;1.058377;-0.978992;-2.036608;-0.078916;
-0.038446;0.026342;1.034914;-0.230901;-3.303783;0.676809;
-0.113353;-0.050143;0.919447;2.639328;-2.815234;0.615741;
-0.119383;0.061999;0.922217;1.013374;-2.899203;0.684443;
0.000712;0.202411;1.041705;1.540092;-0.021341;0.714977;
0.043727;0.069384;0.937637;1.555359;1.604613;0.409634;
0.092267;0.165367;1.039770;0.280550;2.459575;0.111924;
0.162733;0.129213;1.102531;-3.406473;3.635148;-0.620901;
0.215644;0.106507;1.192949;-1.620214;2.665682;-0.582733;
0.105432;-0.064082;1.044226;-0.459908;3.062629;-1.178153;
0.096386;-0.081704;1.052915;-1.406473;0.734385;-0.910977;
-0.015848;-0.145177;0.950594;0.288183;-0.746532;0.012687;
-0.087285;-0.068746;0.961970;2.433221;-3.662562;1.142458;
-0.083052;-0.020550;0.976218;2.288183;-2.235081;1.508870;
-0.075205;0.102657;0.989644;0.120244;-3.036608;0.989786;
0.020409;0.185527;1.022122;2.471389;0.543545;0.783679;
-0.027227;0.174966;1.007560;2.608794;1.322171;-0.017847;
0.085275;0.075285;0.970681;-0.414107;3.032094;-0.857542;
0.173741;0.125576;1.134514;-3.162198;3.299270;-0.972046;
0.188837;0.105067;1.149389;-3.062962;2.680949;-0.926244;
0.046863;-0.117651;1.025696;-0.681282;2.245835;-0.949145;
-0.042828;-0.055051;1.001545;-2.085862;-1.097677;-0.514030;
-0.121586;-0.050385;0.980877;2.288183;-1.998440;0.310397;
-0.116445;-0.015501;0.965027;2.349252;-4.227448;1.150092;
-0.106215;-0.011398;0.911038;1.654595;-2.464089;1.089023;
-0.065444;0.153367;1.024359;-0.185099;-1.601493;0.730244;
0.031989;0.169413;1.032352;0.188947;1.650415;0.226428;
0.089837;-0.013233;0.937337;0.562992;3.513011;-0.246855;
0.186174;0.166642;1.184576;-1.314870;3.528277;-0.598000;
0.177983;-0.004275;1.025772;-2.108763;2.810720;-0.949145;
0.139067;-0.034444;1.076032;-0.803420;2.054995;-1.239221;
0.045646;-0.150526;0.998717;2.188947;0.436675;-0.460595;
-0.083788;0.032511;1.040000;0.013374;-1.830501;0.195893;
-0.101267;-0.054554;0.961733;2.944672;-3.883936;1.463069;
-0.079099;0.168586;1.026594;1.272916;-2.044241;1.791313;
0.024770;0.279736;1.098835;2.982840;-1.166379;1.493603;
-0.050224;0.122720;1.012115;1.937038;0.406140;0.615741;
0.060359;0.140905;0.972262;1.540092;2.749651;-0.636168;
0.198062;0.201021;1.145028;-2.017160;3.787819;-1.033114;
0.150093;0.080530;1.082763;-0.925557;3.429041;-1.071282;
0.150189;-0.073407;1.025109;-0.047695;2.955759;-1.017847;
0.043885;-0.119920;1.030525;-1.032427;-0.006073;-0.506397;
-0.068839;0.017211;1.061569;1.173679;-3.341951;1.111924;
-0.105890;-0.008250;0.942232;1.898870;-2.906837;1.508870;
-0.065739;0.165890;1.048324;1.051542;-3.036608;1.524137;
0.027594;0.218084;1.057764;0.998107;-1.250348;0.936351;
-0.042064;0.151555;1.006274;1.486657;1.077896;0.005053;
0.102601;0.092831;0.996440;-1.429374;2.261102;-0.704870;
0.226077;0.141622;1.242897;-2.108763;3.612247;-1.033114;
0.199895;-0.010676;1.133642;-1.582046;3.222934;-0.949145;
0.120391;-0.167626;0.965445;-1.017160;2.322171;-1.162885;
0.006277;-0.158898;0.973024;-0.895023;-0.853402;-0.277389;
-0.088339;-0.084668;0.977173;2.479023;-2.883936;1.241695;
-0.130275;-0.046614;0.866045;2.738565;-3.059509;1.684443;
-0.067907;0.255393;1.074360;0.845435;-1.967906;1.027954;
0.034855;0.057046;0.940274;0.181313;0.322171;0.104290;
0.127430;0.131208;1.105737;-0.391206;3.085529;-0.651435;
0.166165;0.127277;1.092008;-0.322504;5.116064;-0.964412;
0.173847;0.075450;1.140899;-1.872122;4.322170;-0.926244;
0.091631;-0.138570;1.030932;-0.940824;1.253469;-0.689603;
0.009147;-0.000544;1.090128;0.143145;-0.616761;0.279863;
-0.134922;-0.082340;0.940007;3.150779;-4.074776;1.333298;
-0.110023;0.195612;0.992707;0.440855;-3.983173;1.615740;
-0.138039;-0.008451;0.951581;2.318718;-2.441188;1.409634;
-0.032099;0.234863;1.102771;1.883603;-0.212180;0.111924;
0.125043;0.205940;1.004532;-1.291969;2.757285;-0.368992;
0.185349;0.168113;1.154178;-2.490443;3.650415;-1.132351;
0.126945;-0.166175;0.993269;-0.070595;3.948125;-0.933878;
-0.026297;-0.103909;1.006956;-2.284336;1.429041;-0.155252;
0.044436;-0.060072;1.019877;-0.788153;-2.059509;0.249328;
-0.078607;-0.049859;0.957709;-0.162198;-3.303783;0.814214;
-0.161672;-0.079855;0.813620;4.532458;-2.784699;1.050855;
-0.080894;0.169150;1.054777;3.776733;-0.601493;0.776046;
0.035171;0.104419;1.011835;0.074443;0.726751;0.035588;
0.223830;0.166765;1.185113;-3.261435;4.383240;-0.139985;
0.169889;0.111500;1.134990;-0.650748;3.757285;-0.681969;
0.214163;-0.032691;1.165158;-1.368305;4.406140;-0.964412;
0.036037;-0.085205;1.012772;-1.444641;-0.876303;-0.368992;
-0.049559;-0.059917;0.991080;2.616428;-2.204547;0.524137;
-0.163507;-0.030852;0.937652;3.860703;-2.861035;1.226428;
-0.078484;0.229023;1.073336;3.822535;-0.754165;1.119557;
-0.021024;0.092244;0.948084;0.998107;-0.174012;0.707344;
0.160923;0.096455;1.085600;-0.551511;3.474843;-0.201053;
0.178587;0.231158;1.169956;-0.505710;4.253469;-1.223954;
0.215498;0.015777;1.089863;-0.826321;3.482476;-1.078916;
0.050356;-0.097241;0.975527;-1.246168;1.070262;-0.094183;
-0.071456;-0.054871;0.907467;2.227115;-2.219814;1.203527;
-0.158276;-0.034546;0.867049;1.998107;-3.395387;1.913450;
-0.089589;0.140243;1.057421;2.784367;-2.624394;1.722611;
-0.053945;0.271917;1.108148;1.784366;0.711483;0.882916;
0.059529;0.160827;1.020848;-0.994259;2.207667;-0.109450;
0.254439;0.175238;1.213380;-2.788152;3.925224;-1.155252;
0.173493;-0.084280;1.088794;-1.505710;3.116064;-1.048382;
0.025154;0.000526;1.076884;-0.498076;0.734385;0.211160;
0.008128;0.046131;1.101091;2.395053;-1.051875;0.470702;
-0.171175;-0.060164;0.908917;1.417954;-3.151112;0.921084;
-0.145866;0.170555;0.998455;2.173679;-2.250349;1.669176;
-0.050838;0.099278;0.977925;2.906504;0.009193;1.348565;
0.155391;0.120217;1.061345;-0.582046;2.558812;-0.246855;
0.186578;0.093762;1.167584;0.501924;3.787819;-1.376626;
0.228581;-0.056031;1.121374;-1.047695;4.192400;-1.468229;
0.086871;0.021195;1.102583;-0.032427;0.604613;-0.201053;
-0.071392;0.028511;0.957969;0.280550;-2.410654;0.936351;
-0.154260;0.096558;0.967344;2.593527;-2.715997;1.043221;
-0.139946;0.064516;0.929073;2.937038;-2.235081;1.172992;
-0.039425;0.188871;1.032111;3.089710;0.222934;0.837115;
0.111377;0.115588;1.040299;-3.215633;0.917591;-0.437695;
0.245839;0.056805;1.144838;-2.650748;3.703850;-1.285023;
0.221805;-0.030959;1.090745;-3.009526;3.161865;-1.720137;
0.136451;-0.001279;1.034789;-0.108763;-0.059509;-0.613267;
-0.067885;-0.009317;1.027847;1.715664;-3.250348;0.829481;
-0.188336;-0.042180;0.894957;2.074443;-4.219814;1.852382;
-0.065236;0.147295;1.025255;3.608794;-1.303783;1.386733;
0.043132;0.142811;0.993134;-0.986626;1.703850;-0.048382;
0.242414;0.067110;1.143958;-3.574412;3.665682;-1.323191;
0.124930;-0.189613;0.963964;-2.345404;3.528277;-1.987313;
0.173678;-0.039015;1.048747;-0.887389;0.856522;-0.666702;
-0.026606;0.007689;1.037263;2.807267;-2.639661;0.577573;
-0.186488;-0.065665;0.916957;2.150779;-4.181646;1.279863;
-0.158523;0.161223;1.036149;2.555359;-2.059509;1.890550;
0.002940;0.091734;0.950624;1.509557;0.711483;0.875282;
0.052017;0.149157;1.031361;-0.788153;3.680949;-0.086550;
0.194441;0.213722;1.175568;-2.673649;4.299270;-1.353725;
0.185845;-0.088539;1.022698;-2.330137;3.024461;-1.681969;
0.018400;-0.089588;0.971015;-0.757618;0.024461;-0.338458;
-0.188406;-0.199576;0.800957;3.937038;-2.822867;0.409634;
-0.175234;0.120048;0.959050;2.990474;-3.319051;1.905817;
-0.162161;0.144500;0.970871;3.448489;-1.990806;1.684443;
-0.055351;0.051670;0.904094;-1.795786;0.650415;0.424901;
0.159162;0.070895;1.009921;-1.849221;3.314537;-0.346092;
0.193496;-0.098826;1.010641;-0.337771;3.894690;-1.414794;
0.047482;-0.037515;1.001611;-2.192733;1.436675;-1.117084;
-0.135269;-0.077094;0.949888;1.158412;-1.654928;0.188260;
-0.165527;0.061803;0.945100;2.440855;-4.105310;1.356199;
-0.188600;0.169578;1.023337;4.143145;-2.609127;1.524137;
-0.029875;0.146271;1.004654;-0.223267;-0.616761;0.615741;
0.158873;0.096533;1.114753;-1.223267;3.207667;-0.575099;
0.280471;0.089308;1.186018;-2.337771;3.635148;-1.307924;
0.122864;0.017295;1.066499;-2.284336;2.558812;-1.300290;
0.013531;-0.081876;0.981112;-0.589679;-1.112944;-0.498763;
-0.158888;-0.138229;0.830713;1.265283;-4.265615;1.134824;
-0.188877;-0.113948;0.839958;4.333985;-2.212181;1.524137;
-0.047891;0.119469;1.015534;2.914138;-0.746532;0.814214;
0.165467;0.190572;1.121608;-1.505710;3.444308;-0.346092;
0.238363;0.090547;1.176610;-2.688916;2.871789;-1.315557;
0.126550;-0.105893;0.965203;-2.116397;3.375606;-1.559832;
0.098285;0.003243;1.070605;1.120244;-2.120577;-0.017847;
-0.073483;0.022483;0.969622;1.631695;-2.761799;0.898183;
-0.199590;0.139734;0.985719;1.501924;-3.257982;2.066122;
-0.094769;0.116671;1.029541;4.417954;-1.433554;1.432534;
0.104406;0.014194;1.031861;-0.772885;1.245835;-0.109450;
0.105939;0.132267;1.048557;-3.597313;3.566445;-0.804107;
0.195311;-0.035771;1.082697;-1.627847;4.123697;-1.529298;
0.078545;-0.128416;0.984547;-1.307237;0.337438;-1.231588;
-0.075089;-0.096789;0.988220;1.333985;-2.090043;-0.094183;
-0.167134;0.022969;0.928819;2.341619;-4.395387;1.172992;
-0.031559;0.264288;1.146365;2.662229;-1.067142;1.608107;
0.062686;0.136313;1.034759;-0.009527;0.184766;0.432534;
0.100301;0.076172;1.049133;-3.314870;2.940491;-0.804107;
0.234156;0.120594;1.228483;-2.490443;3.406140;-1.353725;
0.119080;-0.073998;1.004060;-2.337771;2.108430;-0.857542;
-0.035345;0.047374;1.062728;0.234748;-0.555692;-0.178153;
-0.198376;-0.044319;0.864866;1.265283;-4.097677;0.974519;
-0.141259;0.120914;0.955866;3.364519;-3.387753;1.447802;
-0.055327;0.279663;1.159492;3.562993;-1.166379;0.493603;
0.069780;0.159198;1.025629;-3.284336;1.596980;-0.468229;
0.279796;0.162823;1.180455;-2.780519;4.581713;-1.468229;
0.167815;-0.079037;1.065738;-1.269069;3.696217;-1.651435;
-0.010072;-0.015815;1.042551;-2.215633;-0.708364;-0.170519;
-0.207988;-0.147948;0.795053;1.730931;-3.143478;1.005053;
-0.121394;0.179182;1.024185;2.104977;-3.777066;1.943985;
-0.096876;0.223946;1.087224;2.204214;-0.685463;1.302763;
-0.006759;0.103744;1.004364;-1.139298;1.062629;-0.483496;
0.208349;0.166896;1.178519;-3.108763;3.314537;-1.521664;
0.171914;-0.114279;1.042724;-2.253801;2.528277;-2.094183;
0.051823;-0.011021;1.065815;-2.253801;-0.929738;-0.170519;
-0.156933;-0.086434;0.899174;3.021008;-1.922104;1.249328;
-0.130050;0.168504;1.073442;1.311084;-3.830501;1.768412;
-0.142134;0.087537;1.011034;1.188947;-1.746532;1.379099;
0.033506;0.148874;1.073763;1.639328;1.558812;0.417267;
0.235252;0.327150;1.312912;-0.910290;3.673316;-0.285023;
0.228598;0.079433;1.199361;-3.818687;3.306903;-1.262122;
0.192862;-0.068016;1.052767;-2.872122;2.764919;-1.643801;
0.070850;-0.055578;1.023015;2.708031;-0.006073;-0.246855;
-0.101565;0.004229;0.964544;3.059176;-2.280883;0.470702;
-0.158831;0.088545;1.001739;1.822534;-2.700730;1.165359;
-0.022535;0.192259;1.058148;1.845435;-1.288516;1.432534;
0.113454;0.077211;1.060125;2.097343;2.398507;0.554672;
0.156364;0.166596;1.112548;-2.062962;3.841255;-0.231588;
0.249943;0.075592;1.182688;-2.528610;3.459575;-1.620901;
0.116686;0.016786;1.136292;-3.093496;1.734385;-0.804107;
-0.041875;0.059483;1.078996;1.807267;-1.334318;0.172992;
-0.159554;-0.147729;0.833508;2.242382;-2.853402;0.592840;
-0.222566;-0.065909;0.852194;1.883603;-3.868669;1.287496;
-0.068951;0.102396;1.001254;2.669863;-0.777066;1.150092;
0.122438;0.191346;1.099919;-3.009526;2.268735;0.089023;
0.276708;0.095542;1.174530;-2.291969;3.856522;-1.025481;
0.254099;0.022995;1.190075;-2.994259;2.864155;-1.437695;
0.112839;-0.045302;1.036757;-1.452275;0.001560;-0.590366;
-0.102611;-0.056188;0.903818;0.708031;-3.128211;0.463069;
-0.195902;-0.067210;0.858439;2.097343;-3.662562;1.363832;
-0.100237;0.157974;1.037910;2.982840;-1.456455;1.134824;
0.059290;0.125004;1.022776;-1.001893;1.856522;-0.086550;
0.202597;0.089941;1.136368;-3.085862;2.963392;-0.972046;
0.270493;0.092871;1.212902;-1.749985;3.520644;-1.834641;
0.158529;-0.002906;1.101289;-1.849221;1.054995;-0.857542;
-0.031692;0.045386;1.014197;1.104977;-1.464089;0.508870;
-0.218166;-0.077155;0.801577;1.921771;-3.715997;1.379099;
-0.108906;0.142960;0.955910;3.654596;-2.693097;1.646275;
0.023972;-0.011205;0.994548;4.440855;0.398507;0.860015;
0.090609;0.145555;1.024010;-3.269068;3.299270;-0.147618;
0.240792;0.152294;1.189802;-1.780519;3.825987;-1.361359;
0.129421;-0.101384;0.980758;-3.208000;3.009193;-1.559832;
-0.056411;-0.046087;0.958814;3.104977;0.024461;-0.117084;
-0.204371;-0.086800;0.880839;2.555359;-2.945005;0.867649;
-0.113891;0.150624;1.030498;1.250015;-3.883936;1.860015;
-0.067305;0.239454;1.049125;1.585893;-0.799967;1.287496;
0.013393;-0.002819;0.867986;-0.635481;2.780186;0.195893;
0.235670;0.045007;1.121717;-2.666015;2.703850;-1.368992;
0.141748;-0.132974;1.047910;-3.070595;2.436675;-2.323191;
0.002546;0.007029;1.062680;-1.749985;-0.326684;-0.888076;
-0.052694;0.061662;1.029830;3.257649;-2.822867;0.646275;
-0.239218;-0.117486;0.780584;0.234748;-4.838135;1.562305;
-0.127420;0.144547;1.009619;1.860702;-2.357219;1.409634;
0.026787;-0.052187;0.932933;1.616428;0.963392;0.638641;
0.221334;0.215310;1.279702;-2.200366;3.062629;-0.460595;
0.205535;0.189748;1.250906;-4.322504;2.703850;-1.651435;
0.206318;-0.061322;1.066052;-3.062962;2.200033;-1.605634;
-0.026618;-0.016962;1.052354;1.173679;-1.509890;-0.124718;
-0.160197;-0.078757;0.901446;4.127878;-2.998440;1.241695;
-0.110541;0.246181;1.136397;1.524825;-3.044241;1.638641;
0.017889;0.136696;0.991951;0.456122;-0.380119;1.012687;
0.205308;0.123106;1.127815;0.479023;4.093163;-0.132351;
0.219831;0.250538;1.259348;-1.520977;3.978660;-1.109450;
0.197040;-0.064037;1.094817;-2.963725;2.955759;-1.384260;
0.035064;0.070918;1.106493;-0.429374;-0.525158;-0.063649;
-0.141584;-0.102576;0.844228;3.830168;-2.685463;0.913450;
-0.168842;0.169480;0.984135;2.463756;-2.609127;1.730244;
-0.036420;0.007086;0.927256;2.975206;-1.509890;0.982153;
0.044189;0.164391;1.048882;-2.459908;2.123697;0.157725;
0.252172;0.253106;1.328752;-1.009527;4.322170;-0.636168;
0.190158;0.001912;1.109409;-1.253801;4.367972;-1.262122;
-0.034794;0.071174;1.054499;-2.284336;0.543545;-1.002580;
-0.192745;-0.201179;0.738341;1.295817;-3.639661;0.295130;
-0.162960;-0.033335;0.932719;1.982840;-3.502257;1.608107;
-0.095002;0.213213;1.046879;4.425588;-1.777066;1.562305;
-0.004524;0.145280;1.003037;-1.429374;1.253469;0.325664;
0.229636;0.151176;1.200417;-2.704183;2.803087;-0.720137;
0.168721;-0.120773;0.992069;-2.276702;3.360339;-1.475863;
0.004696;0.074984;1.050946;-2.551511;0.253469;-0.712504;
0.023413;-0.009392;1.037480;1.608794;-1.441188;0.348565;
-0.187694;0.017862;0.981665;2.677496;-4.235081;1.104290;
-0.126649;0.210751;1.083667;2.677496;-2.586226;1.447802;
0.010362;0.073303;0.932561;1.158412;-0.738898;0.707344;
0.068990;0.097490;1.043358;0.303450;3.833621;-0.491130;
0.240460;0.183834;1.197122;-4.353038;3.100797;-1.109450;
0.143672;-0.114612;0.979297;-2.452275;2.658049;-1.452962;
-0.030680;-0.028077;0.971702;0.646962;-0.632028;-0.017847;
-0.218875;-0.118541;0.824998;4.127878;-3.601493;1.554672;
-0.120094;0.209365;1.067065;1.868336;-3.143478;1.867649;
0.029286;0.085477;0.969299;-0.055328;0.192400;0.798947;
0.089100;0.131790;1.088772;-1.291969;2.932858;-0.086550;
0.251326;0.191050;1.288848;-3.146931;4.070262;-1.109450;
0.166975;-0.144581;1.020635;-2.146931;2.436675;-1.193420;
-0.035412;0.036161;1.079975;0.860702;-1.799967;0.188260;
-0.193210;-0.025592;0.945644;2.509557;-4.105310;1.089023;
-0.217342;-0.059030;0.888905;1.753832;-3.196913;1.959252;
-0.086335;0.243287;1.074413;1.708031;-0.677829;1.134824;
0.093343;0.170847;1.027359;-2.574412;3.062629;-0.315557;
0.256965;0.117514;1.208899;-2.353038;3.284003;-1.285023;
0.107321;-0.153709;0.943146;-1.620214;2.482476;-1.460595;
-0.077550;-0.064867;0.944754;0.173680;-0.280883;-0.346092;
-0.207807;-0.016478;0.899713;1.937038;-3.380119;1.348565;
-0.199657;-0.063979;0.858432;3.708031;-2.196913;1.844748;
-0.058492;0.229696;1.103547;1.318718;0.490109;0.585206;
0.119425;0.111286;1.036182;-2.681282;2.925224;-0.689603;
0.270688;0.087461;1.192228;-1.261435;3.680949;-1.536931;
0.125072;-0.069598;1.052272;-1.681282;2.215301;-1.338458;
-0.039774;-0.023430;0.969434;0.417954;-0.883936;0.127191;
-0.213129;0.004996;0.935751;0.853069;-3.792333;0.798947;
-0.211832;-0.011045;0.816850;-0.375939;-3.838135;1.516504;
-0.094956;0.106877;0.959753;1.860702;0.864155;0.493603;
0.103136;0.102768;1.091738;-1.177466;1.627514;-0.674336;
0.246996;0.136899;1.234052;-4.597313;2.673316;-1.491130;
0.128711;-0.122767;1.004959;-2.994259;1.612247;-1.559832;
0.123769;-0.015736;1.089083;0.089710;-0.181646;-0.376626;
-0.071006;0.056651;1.031213;1.845435;-3.418287;0.875282;
-0.196395;-0.003751;0.848073;-1.673649;-3.693096;1.638641;
-0.091353;0.090218;0.942152;2.654596;-1.158745;1.096657;
0.052824;0.014770;0.974491;-1.085863;1.268735;-0.330824;
0.261506;0.072957;1.197772;-2.658381;2.864155;-1.536931;
0.119216;-0.132296;0.950983;-3.520977;3.177133;-2.155252;
0.132787;-0.101636;1.086983;-0.284336;-0.143478;-0.849908;
-0.050241;0.002701;1.024349;3.646962;-2.891570;1.440168;
-0.202849;0.014964;0.882584;2.379786;-3.960272;2.134825;
-0.078087;0.184519;1.062887;2.578260;-1.486990;1.547038;
0.103360;0.052886;0.996606;-0.337771;2.787819;0.188260;
0.094303;0.171606;1.059752;-1.902656;4.108430;-0.704870;
0.237568;0.132558;1.184566;-2.925557;4.505377;-1.727771;
0.122682;-0.127671;0.955758;-2.185099;1.787819;-1.330824;
-0.098751;-0.065099;0.932189;2.150779;-2.158745;-0.109450;
-0.232265;-0.106106;0.802428;4.555359;-3.326684;1.348565;
-0.135355;0.198784;1.060809;4.792000;-1.464089;1.669176;
0.015997;0.096417;0.977852;-0.200366;-0.632028;0.554672;
0.041570;0.087999;1.001389;-3.391206;3.268735;-0.620901;
0.210310;0.126096;1.216699;-1.085863;3.871789;-1.056015;
0.138908;-0.154053;0.948494;-0.681282;2.253469;-1.307924;
-0.013856;0.027893;1.076728;-0.696550;-2.876303;-0.139985;
-0.148731;-0.036392;0.892906;1.295817;-3.570959;0.615741;
-0.119669;0.267088;1.145890;2.639328;-2.464089;1.600473;
0.043481;0.224857;1.051467;-0.200366;-0.769432;1.012687;
-0.008707;-0.027457;0.839850;-2.353038;2.604613;-0.536931;
0.204274;0.059979;1.132523;-2.704183;3.032094;-1.498763;
0.245638;-0.020179;1.115762;-1.009527;2.459575;-1.315557;
0.049966;0.068138;1.134129;-2.246168;-1.212180;-0.040748;
-0.172439;-0.052944;0.788601;1.219481;-2.754165;0.882916;
-0.225244;-0.050729;0.798182;1.883603;-3.960272;1.180626;
-0.023678;0.057325;1.003695;2.616428;-2.051875;0.585206;
0.115995;0.100499;1.111014;-0.345404;0.764919;0.096657;
0.144949;0.171668;1.063170;-3.017160;1.818354;-0.536931;
0.205380;0.086747;1.209682;-3.833954;2.734385;-1.735405;
0.129986;-0.096820;1.024727;-3.345404;0.955759;-1.407160;
-0.025793;0.001589;1.101679;-1.452275;-0.341951;-0.246855;
-0.132542;-0.030647;0.949375;0.028641;-3.563325;0.974519;
-0.101603;0.104455;0.983165;0.204214;-4.021341;1.096657;
-0.144286;0.084205;0.990112;0.479023;-4.036608;1.111924;
-0.025901;0.212629;1.061829;-0.307237;-1.609127;0.623374;
0.050122;0.077403;0.948143;-3.047694;1.566445;-0.727771;
0.195208;0.147294;1.198891;-3.490443;2.314537;-1.590366;
0.191449;0.023511;1.182572;-2.872122;2.948125;-1.430061;
0.149420;-0.100452;1.028874;-2.666015;1.200033;-1.170519;
0.011011;-0.145285;1.021843;-0.849221;-1.586226;0.012687;
-0.065796;-0.050250;1.039543;1.723298;-3.349585;0.898183;
-0.124159;0.011616;0.893462;1.700397;-4.578593;1.394366;
-0.109842;-0.001272;0.932223;2.578260;-3.502257;1.218794;
0.027384;0.217665;1.080070;-0.452275;-1.410654;0.882916;
0.094100;0.165577;1.048137;0.937038;0.894690;0.287496;
0.042191;0.068046;0.900812;-1.536244;2.909957;-0.903343;
0.106782;0.074919;1.008255;-1.246168;3.375606;-1.223954;
0.152380;0.041683;1.119995;-2.055328;3.177133;-1.338458;
0.084590;-0.111196;1.008670;-0.971359;2.268735;-1.124717;
0.000427;-0.111653;1.022672;-1.223267;0.574079;-0.514030;
0.024860;-0.103819;0.993706;-0.307237;-1.311417;0.432534;
-0.039395;-0.004817;1.058234;1.028641;-2.311417;0.485970;
-0.084164;-0.025623;0.966319;0.708031;-3.746531;0.745512;
-0.101533;-0.045646;0.836796;1.517191;-2.998440;1.111924;
-0.032908;0.143924;0.987411;1.700397;-2.525157;0.707344;
0.003330;0.124280;1.008239;0.417954;-0.715997;0.119557;
0.024136;0.233026;1.074116;-0.688916;0.253469;-0.391893;
0.091395;0.203030;0.966493;-2.040061;2.383239;-1.109450;
0.093378;0.093364;0.962967;-3.055328;2.528277;-0.827008;
0.108582;-0.007624;1.093890;-2.612580;1.780186;-1.056015;
0.097876;-0.055275;1.105307;-1.513343;2.803087;-0.834641;
0.025924;-0.098528;1.035731;-2.017160;0.284003;-0.475863;
-0.011760;-0.056745;1.100786;-2.078229;-0.639661;-0.323191;
-0.029633;0.018476;1.119035;-1.108763;-2.998440;0.631008;
-0.065163;-0.052466;0.985326;-0.055328;-3.441188;0.997420;
-0.044889;-0.062012;0.982288;0.318718;-2.830501;0.600473;
-0.032630;-0.007269;0.933477;1.120244;-2.326684;0.386733;
-0.009002;0.156637;1.010986;0.280550;-0.769432;0.371466;
0.014493;0.175528;1.109192;2.104977;0.116064;0.134824;
0.070758;0.189499;1.043984;-0.093496;1.535911;0.310397;
0.025474;0.164741;1.000803;0.562992;1.337438;0.279863;
0.028096;0.092775;0.854134;-0.826321;1.131331;-0.101817;
0.039771;0.011694;0.923501;-1.269069;1.619881;-0.979679;
0.076491;0.024345;1.119156;0.631695;3.253469;-1.162885;
0.059135;0.098754;0.978253;-1.261435;2.032094;-0.781206;
0.078449;0.020286;1.152230;-1.826320;1.566445;-0.666702;
0.081227;0.054081;1.237606;-1.597313;1.887056;-0.536931;
0.043011;-0.032563;1.106084;-1.658381;1.039728;-0.239221;
0.023825;-0.081279;1.072244;-2.826320;-0.319051;-0.300290;
0.027365;-0.088736;1.016766;-2.811053;-0.853402;-0.666702;
0.002288;-0.165824;1.046924;-0.673649;-1.769432;-0.124718;
-0.002011;-0.012575;1.121674;-0.582046;-3.700730;0.646275;
-0.000678;0.041085;1.118794;-1.826320;-3.372486;0.379099;
0.030225;-0.017761;0.992335;-1.261435;-3.609127;0.531771;
0.022313;0.030751;0.883559;0.097344;-2.425921;0.302763;
-0.012975;0.060237;0.916345;-0.001893;-1.777066;0.134824;
-0.003518;0.076483;0.979737;-0.490443;-1.456455;0.279863;
-0.007470;0.140960;1.017646;0.219481;-1.715997;0.287496;
0.052669;0.119254;0.950749;0.097344;-1.090043;0.043221;
0.053570;0.116706;0.990696;-0.444641;-0.387753;-0.231588;
0.054272;0.125606;1.047481;2.295817;-0.044241;-0.559832;
0.029835;0.148625;1.001367;2.181313;0.299270;-0.521664;
0.022377;0.105039;0.912103;2.547725;1.421407;0.226428;
0.052073;0.207874;1.079052;1.196580;0.726751;0.447802;
0.071169;0.211777;1.048972;-0.803420;0.818354;0.081389;
0.047031;0.183892;0.971716;-0.948458;-0.364852;-0.139985;
0.021011;0.086968;0.948359;3.288183;0.848888;-0.430061;
0.030081;0.154662;0.979633;3.028641;0.971025;-0.827008;
0.050184;0.197044;0.977101;0.868336;2.268735;-0.598000;
-0.014340;0.068156;0.895352;0.028641;1.131331;0.172992;
0.055302;0.189637;1.020961;-0.307237;0.299270;0.302763;
0.058594;0.167278;0.964282;-0.986626;0.429041;-0.246855;
0.028293;0.050489;0.930277;1.921771;1.322171;-0.735404;
-0.002817;0.111567;0.942002;0.929405;0.795453;-0.697237;
0.025072;0.137086;0.961161;0.639328;1.482476;-0.720137;
0.004370;0.137581;0.946651;-0.291969;0.764919;-0.300290;
-0.000017;0.102541;0.982863;0.540092;1.337438;0.256962;
-0.007164;0.091379;0.909278;-0.322504;0.444308;0.150092;
0.029880;0.100461;0.941325;0.486657;1.001560;-0.506397;
0.016797;0.149504;0.937192;0.272916;0.505377;-0.468229;
-0.001163;0.070825;0.884053;3.562993;1.077896;-0.880443;
0.062149;0.124810;0.999763;1.120244;0.444308;-0.628534;
0.046537;0.143144;0.954197;0.624061;0.184766;0.203527;
0.040082;0.177634;0.949947;0.845435;-0.754165;0.272229;
0.003626;0.093340;0.941339;1.295817;-0.006073;-0.239221;
0.040258;0.149885;0.935569;0.692763;-0.135845;-0.712504;
0.046474;0.093995;0.944409;3.685130;0.688583;-0.712504;
0.050271;0.119924;0.988243;2.891237;0.322171;-0.704870;
0.051458;0.099206;0.950931;0.654596;-0.807600;-0.124718;
0.046686;0.028769;0.867201;0.127878;-0.983173;-0.078916;
0.054537;-0.001114;0.831321;1.379786;-1.838135;-0.307924;
0.036169;-0.000837;0.827632;1.662229;-0.769432;-0.620901;
0.043356;0.026317;0.809982;0.967573;-1.677829;-0.781206;
0.027842;-0.067310;0.810854;0.959939;-1.677829;-1.010214;
0.058936;0.000959;0.841958;0.181313;-1.364852;-0.689603;
0.133370;-0.056503;0.985880;2.059176;-1.120577;-0.223954;
0.115768;0.020149;1.000966;-0.536244;-1.189280;-0.262122;
0.117369;-0.067375;0.961954;-1.353038;-2.074776;-0.109450;
0.124469;-0.015137;0.993221;-0.101130;-0.632028;-0.575099;
0.111146;-0.038643;1.014024;-2.345404;-1.189280;-0.460595;
0.085479;-0.033124;0.975731;-2.627847;0.154232;-0.743038;
0.085830;-0.061343;1.012599;-1.765252;-0.853402;-0.819374;
0.056568;-0.130332;0.993035;-1.696549;-0.189280;-0.208687;
0.057724;-0.090940;1.083129;-2.185099;-0.006073;-0.246855;
0.080556;-0.057157;1.151135;-2.948458;0.138965;0.279863;
0.054626;0.132181;1.214331;-5.543878;0.360339;0.211160;
-0.142647;0.068895;1.021791;-3.398839;-0.395387;0.302763;
-0.086801;0.044935;1.116891;-2.543878;-0.441188;-0.201053;
-0.064216;0.146284;1.086805;-1.398840;-1.319051;-0.078916;
-0.025763;0.171631;1.092379;-1.383572;-1.257982;0.043221;
-0.013494;0.194777;1.067141;-0.742351;-0.769432;0.485970;
-0.026993;0.100764;1.000846;-0.566779;-1.021341;0.386733;
0.074125;-0.064440;0.989337;0.853069;-1.128211;-0.040748;
0.062346;-0.034618;0.932957;1.723298;-0.906837;-0.460595;
0.049399;-0.028003;0.927965;0.608794;0.726751;-0.536931;
0.097970;-0.131073;1.039223;-0.040061;0.543545;-0.498763;
-0.002505;0.075620;0.967233;-1.475175;0.345071;-0.170519;
-0.067464;0.061358;1.041386;-3.185099;-0.593860;0.295130;
0.049924;0.057359;1.096943;-1.253801;-1.746532;0.318031;
-0.026342;0.207484;1.010988;-1.490443;-0.570959;-0.025481;
0.042792;0.139529;1.070816;-1.024794;-1.311417;-0.254488;
0.047995;0.027873;0.986384;1.387420;0.100797;-0.254488;
0.028051;-0.038300;0.995439;0.593527;-0.135845;-0.300290;
0.095197;-0.145480;1.030147;1.250015;0.871789;0.081389;
-0.042029;-0.014265;0.986945;-1.368305;-0.044241;0.203527;
-0.039655;0.041361;0.981657;-1.971359;-1.135845;0.172992;
0.006776;0.121740;1.073970;-1.597313;-1.998440;-0.246855;
-0.015953;0.225292;1.010658;-1.772885;-1.647295;-0.643801;
0.086657;0.094453;1.077650;0.562992;-0.517524;-0.139985;
0.083734;-0.073169;1.044767;0.929405;0.444308;-0.285023;
0.077877;-0.139445;1.083937;0.181313;0.711483;0.340931;
-0.059823;-0.029975;0.937911;-2.246168;-1.074776;0.211160;
0.031272;-0.009455;1.040533;-1.604946;-1.464089;0.058489;
-0.004282;0.213196;0.994954;-1.895023;-1.006074;-0.773572;
0.068663;0.205111;1.068458;-1.757618;-1.059509;-0.643801;
-0.002858;0.083854;0.947730;-0.658382;-0.250348;0.104290;
0.120693;-0.052034;1.118184;1.196580;0.337438;0.310397;
0.050084;-0.084385;1.073062;-0.139298;-1.120577;-0.033114;
-0.073861;0.016924;0.906759;-2.681282;-1.616761;-0.391893;
0.117303;0.149460;1.086732;-1.826320;-1.380119;-0.674336;
0.040213;0.219711;1.026824;-0.406473;0.169499;0.127191;
0.125664;0.077817;1.111803;-0.177466;0.451941;0.562305;
-0.101725;-0.094181;0.869929;0.021008;-0.769432;0.432534;
-0.103756;-0.079272;0.828674;-0.589679;-2.013707;-0.384259;
0.152089;0.101688;1.173585;-1.238534;-1.288516;-0.926244;
0.026420;0.195896;0.977238;-1.360672;0.230567;-0.529298;
0.031251;0.073760;1.012315;-0.124030;1.070262;0.615741;
0.055495;-0.056414;1.084090;-0.070595;-1.097677;0.798947;
-0.167637;-0.066966;0.814459;0.379786;-1.143478;-0.239221;
0.086767;0.027416;1.145340;-0.902656;-0.196913;-0.575099;
0.189502;0.175636;1.272788;-1.864488;0.932858;-0.025481;
0.063965;0.028592;1.117569;0.234748;-1.028974;-0.071282;
-0.151332;-0.015875;0.752410;-0.131664;-1.326684;-0.529298;
0.046609;0.019626;1.095122;-1.246168;0.467209;-0.590366;
0.240511;0.107040;1.332105;-1.345405;0.909957;0.180626;
-0.082991;0.005274;0.924116;0.272916;-1.548058;0.692076;
-0.107753;-0.039131;0.768631;-1.208000;-1.914470;-0.430061;
0.111676;0.029289;1.191577;-1.108763;0.551178;-0.994946;
0.069665;-0.002034;1.088024;-0.925557;1.528277;-0.414794;
0.114229;-0.007168;1.258274;0.318718;-0.952638;0.493603;
0.015283;0.087135;1.012773;-1.536244;-1.525158;-0.223954;
-0.024245;0.061914;0.817141;-0.978992;-0.494623;-0.147618;
0.022001;-0.014844;0.951799;0.395054;-0.219814;0.172992;
0.064575;-0.017074;1.127213;-0.490443;-0.380119;-0.025481;
0.127811;0.060040;1.190291;-1.444641;0.856522;-0.659069;
0.155304;0.146052;1.162259;-1.185099;1.276369;0.241695;
0.133821;0.039590;1.256534;-0.582046;-0.319051;0.440168;
0.151018;0.102877;1.107623;-1.124030;-0.777066;-0.048382;
0.094864;0.109728;0.960038;-0.276702;0.138965;0.211160;
0.003639;0.015293;0.804353;0.257649;-1.570959;0.554672;
0.094528;0.099192;0.991268;-0.459908;-2.090043;-0.109450;
0.065188;0.113978;0.864287;-0.291969;-0.815234;-0.391893;
-0.066072;-0.053165;0.737631;0.746199;-1.464089;0.203527;
-0.128848;-0.073463;0.741104;-0.253801;-1.677829;-0.674336;
-0.154431;-0.028142;0.875534;-0.353038;-0.196913;-0.239221;
-0.186872;-0.045533;0.961629;0.341618;-0.120577;0.440168;
-0.221131;-0.104629;0.934781;-0.459908;-1.548058;-0.353725;
-0.147442;-0.005412;1.041487;-0.452275;0.856522;-0.697237;
-0.107523;-0.005507;1.120523;0.211847;1.154232;-0.246855;
-0.092740;-0.017064;1.098005;-0.437008;-0.166379;-0.559832;
-0.080549;0.061645;1.121882;-0.902656;0.528277;-0.704870;
-0.070589;0.031784;1.097313;0.082076;-0.158745;0.249328;
-0.084796;-0.008269;1.038903;-0.475175;-1.044241;-0.208687;
-0.061863;0.031164;1.075848;0.127878;0.505377;-0.346092;
-0.096303;-0.034146;0.838999;0.173680;-1.456455;-0.170519;
-0.103007;-0.024830;0.797597;-0.185099;-1.815234;-0.445328;
-0.103023;0.030274;1.017134;0.265283;-0.479356;-0.040748;
-0.007961;-0.014783;0.904537;-0.116397;-1.777066;0.104290;
0.036181;0.017207;0.945845;-1.208000;-1.181646;-0.201053;
0.106695;0.037175;1.028549;0.242382;0.429041;0.050855;
0.109002;0.041174;1.095095;-0.085862;-0.105310;-0.109450;
0.127231;0.098285;1.173182;-1.070595;1.421407;-0.147618;
0.080259;0.025550;1.122415;-0.467542;0.108430;0.203527;
-0.046176;0.057243;1.039667;-0.688916;-1.250348;-0.155252;
-0.002474;0.065940;1.022758;-0.421740;-0.265616;0.333298;
-0.004967;-0.065499;0.927875;-0.574412;-1.143478;-0.162885;
0.022659;0.047049;1.014748;-0.498076;0.123697;-0.155252;
0.060819;0.071480;1.092889;0.814901;0.482476;0.058489;
-0.006847;-0.006118;1.011105;-1.070595;-0.861035;-0.124718;
0.031991;0.018908;1.010058;-0.223267;0.642781;0.134824;
0.037053;-0.021171;1.003417;-0.459908;-1.357219;-0.094183;
0.056057;0.088131;1.096987;-0.032427;0.596980;-0.139985;
0.041707;0.006761;1.031108;-0.093496;0.268735;-0.071282;
0.020569;0.024958;1.011455;-0.895023;-0.540425;-0.422427;
0.045805;0.078329;1.060406;0.089710;0.726751;0.279863;
0.022382;0.012807;1.008116;-0.230901;-1.250348;-0.231588;
0.047936;0.041344;1.024588;-0.475175;0.665682;0.150092;
0.052003;0.024043;1.062158;-0.299603;-0.479356;-0.109450;
-0.012461;0.041072;1.005580;-0.803420;-0.693096;-0.285023;
-0.013230;0.016075;0.965480;0.624061;-0.593860;-0.025481;
-0.003598;0.011985;0.987627;-1.200366;-0.723631;-0.109450;
0.055456;0.010468;1.022284;0.150779;0.345071;-0.124718;
0.030441;0.031533;0.994770;-1.085863;-1.288516;-0.277389;
0.051932;0.031382;1.030385;0.173680;0.436675;0.043221;
0.029063;-0.011458;1.010556;-0.757618;-0.715997;-0.094183;
0.040158;0.056864;1.044811;-0.811053;0.421407;0.012687;
0.022560;0.003943;1.035209;-0.314870;-1.051875;-0.269756;
0.038260;0.056372;1.050907;-0.696550;0.650415;-0.040748;
0.017060;0.003795;1.026546;-0.047695;-1.273249;-0.567466;
0.029650;0.049857;1.033770;-0.788153;0.276369;-0.216321;
0.040754;0.031167;1.036108;-0.895023;-1.418287;-0.132351;
0.038192;0.045834;1.047320;-1.101130;0.276369;0.295130;
-0.000604;0.005678;0.996651;-0.627847;-1.433554;-0.094183;
0.033450;0.008289;1.029542;-0.536244;0.711483;-0.010214;
0.014637;0.009749;1.024882;-0.772885;-1.204547;-0.208687;
0.044870;0.054350;1.040672;-1.154565;0.009193;-0.346092;
0.007136;0.020411;1.028609;-0.162198;-1.196913;-0.017847;
0.048252;0.022123;1.026275;-0.269069;-0.105310;0.150092;
0.034556;0.058712;1.039608;-0.604946;-0.685463;0.089023;
0.057459;0.029415;0.993897;-0.383572;-0.242715;-0.185786;
0.019491;0.036485;1.053540;0.135512;-0.120577;0.081389;
0.035870;-0.009310;1.018286;-0.498076;-0.395387;-0.201053;
0.031019;0.012362;1.015834;-0.467542;-0.212180;-0.277389;
0.028638;0.044195;1.033428;-0.589679;-0.265616;0.027954;
0.046361;0.026061;1.035133;-0.307237;-0.349585;0.066122;
0.052514;0.014069;1.045100;-0.093496;-0.082409;-0.132351;
0.049553;0.033907;1.044365;-0.314870;-0.204547;-0.185786;
0.020786;0.007022;1.001143;-0.566779;-0.433554;-0.201053;
0.022194;0.044522;1.043886;-0.452275;-0.028975;-0.178153;
0.022274;0.014333;1.012796;-0.421740;-0.418287;-0.155252;
0.069488;0.039386;1.053066;-0.704183;-0.128211;-0.384259;
0.028504;0.035460;1.036733;-0.704183;-0.059509;-0.124718;
0.029503;0.046668;1.016066;-0.582046;-0.357219;0.096657;
0.030035;0.043030;1.032450;-0.612580;-0.326684;-0.262122;
0.046310;0.023902;1.020878;-0.505710;-0.303783;-0.193420;
0.036520;-0.001932;1.003689;-0.353038;-0.196913;-0.216321;
0.047625;0.016856;1.035017;-0.536244;-0.372486;0.012687;
0.037985;0.021882;1.027106;-0.391206;-0.204547;-0.223954;
0.023643;0.042698;1.030883;-0.452275;-0.181646;0.073756;
0.035404;0.026295;1.037433;-0.612580;-0.326684;0.066122;
0.038564;0.023391;1.028363;-0.543878;-0.303783;-0.185786;
0.039011;0.001512;1.031239;-0.124030;-0.227448;-0.193420;
0.054547;0.009106;1.032305;-0.009527;-0.540425;0.134824;
0.033088;0.028387;1.021246;-0.353038;0.367972;-0.170519;
0.021160;0.035091;1.018967;-0.452275;-0.219814;0.012687;
0.032129;0.013476;1.021751;-0.330137;-0.227448;-0.254488;
0.049476;0.024286;1.036868;0.036275;-0.204547;-0.109450;
0.022244;0.011752;1.019869;-0.093496;0.070262;-0.201053;
0.025711;0.021727;1.023742;-0.284336;-0.082409;0.012687;
0.007911;0.011164;1.010339;-0.108763;-0.158745;0.020321;
0.021892;0.006296;1.031556;-0.116397;-0.403020;0.501237;
0.023658;0.032944;1.030742;-0.131664;-0.051875;0.035588;
0.050445;0.034787;1.034827;-0.055328;-0.273249;-0.033114;
0.045420;0.037911;1.031613;-0.131664;0.024461;0.027954;
0.029401;0.023080;1.020626;0.005741;0.138965;0.348565;
0.032565;0.025316;1.029777;-0.169832;-0.067142;0.386733;
0.039655;0.033097;1.038328;-0.284336;-0.288516;0.127191;
0.016437;0.012473;1.021759;0.051542;0.085529;0.020321;
0.042406;0.023286;1.041903;-0.146931;-0.028975;-0.285023;
0.015570;0.026738;1.033234;-0.146931;-0.212180;-0.048382;
0.056863;0.034220;1.041531;-0.192733;-0.189280;-0.246855;
0.026378;0.054263;1.029128;-0.154565;-0.456455;0.302763;
0.054918;0.015991;1.035108;0.127878;0.161865;0.050855;
0.053278;0.019252;1.046903;-0.078229;-0.189280;0.005053;
0.022960;0.019915;1.025638;-0.223267;0.047361;-0.147618;
0.057655;0.007787;1.031840;0.059176;-0.105310;-0.002580;
0.056258;0.028030;1.037019;-0.093496;0.177133;-0.094183;
0.035125;0.050923;1.055443;-0.177466;0.001560;-0.208687;
0.016789;0.030267;1.020306;-0.040061;-0.143478;0.180626;
0.036268;0.009228;1.017580;-0.162198;-0.105310;0.134824;
0.031064;0.017546;1.036999;-0.169832;0.093163;-0.155252;
0.009826;0.017969;1.019293;0.166046;-0.189280;0.027954;
0.071594;0.024962;1.043322;-0.337771;-0.074776;0.134824;
0.035571;0.022034;1.028791;-0.093496;0.230567;-0.216321;
0.038191;0.046296;1.045610;-0.314870;-0.051875;-0.223954;
0.017903;0.032311;1.023049;-0.078229;-0.059509;0.119557;
0.060088;0.024647;1.043154;-0.040061;0.054995;0.050855;
0.028856;0.016491;1.021994;0.013374;-0.082409;-0.086550;
0.007031;0.035648;1.020491;0.219481;0.085529;-0.002580;
0.006469;0.024619;1.018361;0.082076;-0.151112;0.279863;
0.060107;0.006055;1.038716;-0.116397;-0.387753;-0.002580;
0.030047;0.007689;1.033163;-0.093496;0.222934;-0.315557;
0.018319;0.043898;1.030580;-0.070595;-0.074776;-0.017847;
0.011166;0.028152;1.027797;-0.062962;0.200033;0.340931;
0.067958;0.005055;1.044453;-0.238534;-0.090043;-0.040748;
0.029442;0.009627;1.017489;-0.177466;0.039728;-0.216321;
0.030615;0.063616;1.037907;-0.230901;-0.112944;0.043221;
0.014218;0.054694;1.032150;0.074443;0.032094;0.256962;
0.045667;0.012110;1.033694;-0.093496;0.009193;0.165359;
0.054132;0.003332;1.022162;-0.124030;-0.090043;0.012687;
0.029790;0.029058;1.028075;-0.139298;0.032094;-0.285023;
0.039320;0.043453;1.030626;-0.085862;0.047361;0.020321;
0.006542;0.030278;1.021632;0.005741;-0.105310;0.089023;
0.067976;0.000189;1.045118;-0.200366;-0.204547;0.020321;
0.070903;0.005435;1.044010;-0.101130;0.131331;-0.078916;
0.029868;0.026573;1.024607;-0.093496;0.314537;-0.086550;
0.031823;0.052034;1.042170;-0.131664;0.085529;-0.040748;
0.008281;0.028050;1.013532;0.021008;0.138965;0.218794;
0.019425;0.007317;1.026141;0.112611;-0.028975;0.111924;
0.069191;-0.004647;1.043839;-0.124030;-0.181646;0.035588;
0.026019;0.020166;1.015877;0.143145;-0.028975;-0.162885;
0.033550;0.050025;1.032357;0.181313;0.169499;-0.040748;
0.035192;0.061672;1.039906;-0.185099;0.062629;0.111924;
0.022313;0.024608;1.015153;-0.116397;-0.036608;-0.040748;
0.065115;-0.003845;1.028589;0.028641;0.161865;-0.124718;
0.028382;0.009031;1.013541;0.051542;-0.021341;-0.223954;
0.027398;0.023403;1.015943;0.021008;0.230567;-0.124718;
0.040143;0.054975;1.032277;-0.078229;0.054995;-0.078916;
0.007270;0.039130;1.007548;-0.032427;0.131331;0.157725;
0.009009;0.018540;1.010952;0.166046;0.085529;-0.025481;
0.062703;-0.004386;1.032961;-0.162198;-0.189280;-0.071282;
0.035773;0.015706;1.012027;0.043908;-0.051875;-0.246855;
0.029736;0.044813;1.021927;0.158412;0.131331;0.020321;
0.033177;0.056171;1.037100;0.112611;0.024461;0.066122;
0.007634;0.042764;1.021584;0.005741;0.062629;0.142458;
0.045510;-0.008757;1.024316;0.143145;0.024461;0.172992;
0.057035;-0.013074;1.024417;0.082076;0.054995;-0.139985;
0.042733;0.001258;1.018046;0.166046;0.116064;-0.346092;
0.034271;0.046087;1.027405;-0.047695;-0.006073;-0.002580;
0.022834;0.057933;1.024963;-0.215633;0.261102;0.073756;
0.014125;0.051331;1.019103;-0.024794;0.062629;0.264595;
0.030991;-0.005335;1.022933;0.051542;0.192400;0.073756;
0.058993;0.000515;1.030282;0.211847;0.001560;-0.323191;
0.060231;0.011980;1.026543;0.333985;0.169499;-0.071282;
0.027716;0.030695;1.013356;0.021008;0.207667;-0.170519;
0.023810;0.057995;1.042879;-0.009527;-0.067142;-0.162885;
0.013209;0.018780;1.013468;0.074443;0.024461;0.157725;
0.029238;0.014544;1.020990;0.135512;0.207667;-0.078916;
0.058839;-0.008243;1.032114;0.082076;-0.097677;0.050855;
0.033756;0.020898;1.006924;-0.040061;-0.105310;-0.223954;
0.032791;0.034363;1.013972;0.082076;0.245835;-0.178153;
0.038877;0.055567;1.026873;-0.162198;0.192400;0.020321;
0.035908;0.062615;1.035270;-0.108763;0.192400;0.119557;
0.014912;0.020722;1.024064;0.051542;0.093163;0.104290;
0.030138;-0.002234;1.021005;0.150779;-0.006073;-0.094183;
0.069794;-0.004289;1.032818;0.082076;-0.189280;-0.147618;
0.027061;0.027945;1.010855;0.211847;0.085529;-0.139985;
0.025986;0.027120;1.024805;0.097344;0.284003;-0.170519;
0.037700;0.060444;1.030850;-0.001893;0.291636;0.058489;
0.025062;0.058547;1.043149;-0.062962;0.154232;0.165359;
0.015858;0.014689;1.025216;-0.215633;-0.044241;0.012687;
0.059860;-0.017689;1.032973;0.036275;0.039728;0.096657;
0.067550;-0.008377;1.044252;0.059176;0.032094;-0.033114;
0.031110;0.018272;1.019600;-0.047695;0.306903;-0.078916;
0.029213;0.028941;1.021935;-0.001893;0.406140;-0.048382;
0.027613;0.048521;1.032495;-0.062962;0.284003;0.058489;
0.034949;0.055388;1.044470;-0.215633;0.039728;0.203527;
0.011191;0.018873;1.026682;-0.001893;0.009193;0.226428;
0.030880;0.008988;1.035891;0.173680;0.085529;0.043221;
0.065155;-0.009614;1.034146;-0.124030;0.039728;-0.094183;
0.033389;0.019616;1.020632;-0.101130;-0.028975;-0.262122;
0.039598;0.034889;1.027563;-0.024794;0.345071;-0.033114;
0.049601;0.067922;1.052952;-0.055328;0.123697;0.081389;
0.031646;0.063486;1.042334;-0.406473;0.070262;0.188260;
0.014178;0.024878;1.027302;0.066809;-0.051875;0.256962;
0.017603;-0.000565;1.009816;-0.009527;-0.036608;0.012687;
0.056873;-0.018114;1.030472;-0.124030;0.200033;-0.124718;
0.026455;0.014320;1.014817;0.082076;0.268735;-0.078916;
0.011795;0.014346;1.015100;0.013374;0.245835;-0.033114;
0.020551;0.049845;1.029717;-0.185099;0.154232;0.089023;
0.016822;0.061716;1.036948;0.028641;0.001560;-0.071282;
0.038779;0.065965;1.054977;-0.139298;0.100797;-0.048382;
0.036354;0.034923;1.040760;-0.238534;0.047361;0.058489;
0.050460;0.035035;1.035076;-0.383572;-0.158745;0.089023;
0.039853;0.008151;1.015408;0.028641;-0.120577;0.211160;
0.007808;-0.010339;1.007328;0.204214;-0.143478;0.249328;
0.048601;-0.004977;1.022453;0.074443;-0.128211;0.005053;
0.024675;-0.020260;1.006688;0.188947;-0.082409;-0.147618;
0.028719;0.006592;1.029205;-0.139298;-0.349585;-0.040748;
0.042809;0.033681;1.034458;-0.551511;0.299270;-0.109450;
0.036578;0.039796;1.039853;-0.078229;0.054995;0.096657;
0.042531;0.017124;1.036911;-0.230901;0.276369;0.104290;
0.031882;0.022074;1.027022;-0.124030;0.375606;0.157725;
0.039982;0.033427;1.043242;-0.383572;0.207667;-0.185786;
0.026181;0.042447;1.038763;-0.269069;0.245835;-0.170519;
0.067637;0.032881;1.047795;-0.261435;-0.013707;-0.071282;
0.014466;0.008871;1.015303;0.120244;0.375606;0.127191;
0.051606;0.024564;1.048918;-0.200366;-0.105310;0.012687;
0.038938;0.034239;1.035392;-0.353038;-0.082409;0.043221;
0.049165;0.049324;1.032813;0.082076;-0.112944;0.089023;
0.056362;0.029049;1.022812;0.127878;-0.410654;0.188260;
0.021778;0.000575;1.007194;0.311084;0.169499;-0.086550;
0.001832;-0.002598;0.989454;0.089710;-0.517524;0.203527;
0.057981;0.015320;1.029011;-0.047695;0.093163;-0.178153;
0.017221;0.031849;1.010281;-0.062962;-0.242715;-0.262122;
0.000390;0.033679;1.024537;0.173680;0.154232;0.394366;
-0.000101;0.028538;1.024700;0.082076;-0.311417;0.539405;
0.061642;-0.006375;1.033898;0.013374;-0.143478;0.394366;
0.070340;0.004174;1.043003;-0.124030;0.154232;-0.452962;
0.045567;0.007581;1.024309;-0.047695;0.154232;-0.498763;
0.020406;0.057143;1.029085;-0.215633;0.039728;-0.071282;
0.038197;0.077234;1.043853;-0.490443;0.421407;-0.086550;
0.040865;0.071755;1.043811;-0.513343;0.054995;0.180626;
0.043599;0.042619;1.042936;-0.116397;0.642781;0.363832;
0.031436;0.034666;1.039460;-0.131664;0.352705;0.226428;
0.032056;0.013880;1.033036;0.013374;0.215301;-0.315557;
0.035532;0.020834;1.030244;-0.055328;-0.021341;-0.620901;
0.032679;0.004258;1.023097;0.257649;-0.074776;-0.155252;
0.022675;0.004510;1.023449;0.395054;-0.051875;0.379099;
0.029942;-0.003120;1.027855;0.242382;-0.273249;0.676809;
0.024755;-0.002719;1.022392;0.196580;-0.235081;0.104290;
0.036409;0.013105;1.032351;0.089710;-0.227448;-0.223954;
0.030992;0.013743;1.027134;0.120244;-0.204547;-0.460595;
0.038746;0.026599;1.030373;0.021008;-0.135845;-0.132351;
0.035851;0.028359;1.026925;-0.169832;-0.135845;0.165359;
0.036660;0.043592;1.032307;-0.078229;0.070262;0.211160;
0.036377;0.041917;1.035467;-0.093496;0.352705;0.234061;
0.031805;0.038518;1.034862;-0.276702;0.390873;0.020321;
0.032740;0.037358;1.035839;-0.108763;0.291636;-0.147618;
0.034956;0.025835;1.023933;-0.101130;0.070262;-0.201053;
0.038441;0.030249;1.030913;-0.001893;0.161865;-0.147618;
0.034370;0.019915;1.038061;0.242382;-0.059509;-0.124718;
0.031610;0.024831;1.033189;0.135512;0.268735;0.111924;
0.033947;0.009479;1.025888;0.097344;0.230567;0.363832;
0.028214;0.007479;1.024797;0.150779;-0.204547;0.302763;
0.032246;0.004989;1.024572;0.135512;-0.212180;-0.338458;
0.026102;0.007473;1.031387;0.005741;-0.196913;-0.407160;
0.032418;0.007723;1.027557;0.173680;0.024461;-0.155252;
0.036953;0.024579;1.031545;0.036275;0.016827;0.066122;
0.038044;0.021946;1.031277;-0.101130;0.062629;0.165359;
0.034303;0.026814;1.026390;0.059176;-0.112944;0.302763;
0.034114;0.025936;1.033731;-0.085862;0.093163;0.050855;
0.028565;0.028535;1.029767;-0.032427;0.070262;-0.139985;
0.030136;0.036380;1.027451;-0.162198;-0.112944;-0.262122;
0.036304;0.027417;1.027653;-0.078229;0.100797;-0.109450;
0.033290;0.026499;1.024900;-0.093496;0.314537;0.020321;
0.031642;0.028342;1.022941;0.005741;-0.112944;0.203527;
0.036572;0.020463;1.017992;-0.024794;-0.135845;-0.040748;
0.036397;0.026106;1.021015;-0.116397;0.169499;0.081389;
0.026094;0.023973;1.025987;0.127878;-0.074776;-0.063649;
0.032005;0.014520;1.026914;0.074443;-0.044241;-0.155252;
0.032135;0.021167;1.030936;0.036275;-0.036608;-0.262122;
0.032346;0.015099;1.032077;0.005741;-0.082409;-0.033114;
0.030999;0.019330;1.025744;-0.078229;-0.051875;0.195893;
0.027631;0.028073;1.034651;0.036275;0.047361;0.119557;
0.026894;0.027804;1.035372;-0.230901;-0.105310;-0.101817;
0.041495;0.027019;1.033361;-0.017160;-0.166379;-0.117084;
0.033005;0.027854;1.035215;0.028641;-0.158745;-0.262122;
0.036136;0.024687;1.024914;-0.001893;-0.105310;-0.101817;
0.036314;0.030690;1.034812;-0.047695;0.001560;0.035588;
0.033084;0.027225;1.025153;0.097344;0.039728;0.211160;
0.032658;0.023080;1.026558;0.181313;0.085529;0.104290;
0.038574;0.023403;1.029099;0.104977;0.207667;-0.132351;
0.032027;0.015935;1.023502;-0.177466;-0.028975;-0.078916;
0.035958;0.013818;1.032601;0.143145;0.054995;0.005053;
0.033179;0.020819;1.037077;0.036275;0.108430;-0.033114;
0.034973;0.018651;1.032902;-0.032427;-0.051875;0.081389;
0.038294;0.026153;1.034775;0.043908;0.100797;0.119557;
0.032838;0.018600;1.019629;0.112611;-0.143478;0.066122;
0.032984;0.020611;1.023338;0.097344;0.024461;0.050855;
0.037172;0.024331;1.030563;-0.001893;-0.013707;0.020321;
0.039484;0.031522;1.031191;0.051542;-0.151112;-0.101817;
0.033042;0.021600;1.024089;0.127878;0.085529;-0.078916;
0.035696;0.023327;1.033471;-0.055328;-0.143478;-0.071282;
0.033148;0.033568;1.025246;-0.001893;0.138965;0.043221;
0.034469;0.028614;1.032304;0.005741;0.116064;0.043221;
0.030958;0.024403;1.022629;-0.040061;-0.174012;-0.040748;
0.030352;0.021243;1.025272;-0.093496;-0.021341;-0.040748;
0.036435;0.015682;1.025033;-0.009527;0.146598;0.012687;
0.041254;0.021664;1.034751;-0.017160;0.054995;-0.017847;
0.031954;0.017497;1.030635;-0.032427;0.184766;0.043221;
0.034468;0.023959;1.030765;0.196580;-0.128211;0.111924;
0.036697;0.021756;1.022672;0.021008;0.138965;0.104290;
0.036814;0.022808;1.027593;-0.070595;0.261102;-0.056015;
0.033494;0.024382;1.029531;-0.208000;-0.135845;-0.033114;
0.032361;0.021853;1.027026;-0.108763;0.016827;-0.017847;
0.036767;0.021367;1.029289;-0.101130;0.093163;-0.086550;
0.039648;0.027953;1.019861;-0.062962;0.215301;0.104290;
0.032661;0.024009;1.023383;0.005741;-0.120577;0.142458;
0.041030;0.018875;1.028087;0.074443;0.001560;0.020321;
0.038119;0.022953;1.033254;-0.185099;0.123697;0.081389;
0.033380;0.028681;1.023707;-0.162198;-0.028975;-0.139985;
0.034285;0.021215;1.027044;0.135512;0.299270;0.005053;
0.039508;0.021084;1.034228;-0.047695;-0.067142;0.043221;
0.036857;0.023086;1.029805;-0.017160;0.138965;0.058489;
0.038459;0.023761;1.037440;0.089710;0.154232;0.081389;
0.038342;0.019910;1.024385;0.059176;0.253469;0.058489;
0.033245;0.022048;1.037586;0.120244;-0.036608;-0.086550;
0.035136;0.023228;1.028557;-0.101130;-0.257982;-0.147618;
0.031621;0.022276;1.025060;-0.078229;0.474843;0.027954;
0.037731;0.022093;1.025634;-0.062962;-0.067142;-0.048382;
0.032180;0.015635;1.036006;-0.047695;-0.212180;0.134824;
0.037020;0.020461;1.033203;0.120244;0.116064;0.104290;
0.029066;0.019728;1.025967;-0.017160;-0.006073;0.020321;
0.036388;0.026328;1.019546;0.066809;0.085529;0.081389;
0.034193;0.027410;1.034244;-0.116397;-0.006073;-0.040748;
0.034743;0.025393;1.027847;-0.093496;0.123697;-0.094183;
0.030679;0.021111;1.031896;0.074443;-0.021341;0.066122;
0.030551;0.020510;1.024529;0.028641;-0.059509;0.096657;
0.036058;0.021591;1.030263;-0.009527;-0.044241;0.096657;
0.035648;0.018390;1.029475;-0.246168;0.032094;-0.017847;
0.033188;0.021756;1.034393;0.173680;0.138965;0.012687;
0.032369;0.016513;1.028665;-0.047695;0.146598;0.027954;
0.041273;0.019116;1.027113;-0.062962;-0.044241;0.111924;
0.033816;0.021213;1.028509;0.036275;0.146598;-0.086550;
0.033318;0.022108;1.024591;0.051542;0.024461;0.111924;
0.035131;0.024613;1.023182;0.173680;0.146598;0.081389;
0.030531;0.018866;1.028918;0.013374;0.039728;0.127191;
0.034000;0.029771;1.029617;0.013374;-0.006073;-0.063649;
0.035351;0.022281;1.029772;-0.009527;0.039728;-0.086550;
0.032472;0.024290;1.026573;0.005741;0.062629;0.035588;
0.030031;0.023486;1.029714;-0.032427;0.253469;0.165359;
0.025948;0.021499;1.023987;-0.124030;0.192400;0.050855;
0.035077;0.025965;1.032519;-0.108763;0.161865;-0.048382;
0.034651;0.023442;1.028062;0.021008;0.039728;-0.040748;
0.031841;0.017608;1.021807;0.196580;0.070262;0.058489;
0.036791;0.021393;1.031006;0.227115;-0.112944;-0.048382;
0.030965;0.016031;1.016868;0.120244;0.009193;-0.040748;
0.036317;0.021618;1.031247;-0.070595;-0.128211;0.089023;
0.035653;0.022586;1.032969;-0.047695;-0.166379;0.150092;
0.037859;0.032232;1.035102;0.089710;-0.166379;0.020321;
0.033111;0.026558;1.029557;-0.040061;-0.158745;-0.071282;
0.039962;0.022922;1.024943;-0.032427;0.123697;0.073756;
0.035330;0.021100;1.032452;0.043908;0.070262;0.012687;
0.030247;0.018813;1.026216;-0.177466;0.085529;-0.086550;
0.038265;0.021469;1.031273;-0.192733;0.093163;0.111924;
0.035352;0.021355;1.033192;0.036275;0.154232;0.066122;
0.032194;0.023315;1.027535;0.036275;-0.143478;-0.139985;
0.031662;0.019288;1.020603;-0.017160;0.238201;0.050855;
0.035944;0.024964;1.027858;0.104977;-0.097677;-0.193420;
0.033105;0.025625;1.032486;-0.017160;0.062629;-0.048382;
0.033703;0.019702;1.025542;-0.047695;0.108430;-0.025481;
0.033259;0.023222;1.034415;0.082076;0.161865;0.104290;
0.034147;0.023866;1.025364;-0.085862;0.116064;0.134824;
0.027207;0.020899;1.028901;-0.047695;0.077896;0.089023;
0.032786;0.022039;1.021640;0.021008;0.154232;-0.132351;
0.026220;0.021540;1.025953;-0.124030;0.039728;0.058489;
0.035480;0.015198;1.028445;-0.177466;0.238201;0.089023;
0.031260;0.019128;1.027706;0.104977;0.268735;-0.101817;
0.032909;0.022403;1.029494;0.013374;0.077896;-0.002580;
0.037539;0.021211;1.032730;-0.017160;-0.044241;-0.017847;
0.036480;0.026195;1.026902;0.036275;0.032094;-0.010214;
0.034419;0.026707;1.035463;0.150779;0.001560;0.043221;
0.037276;0.020021;1.035652;0.005741;0.093163;-0.017847;
0.036527;0.025551;1.032779;-0.024794;-0.028975;-0.010214;
0.031308;0.028485;1.033974;-0.001893;0.024461;-0.048382;
0.031354;0.027589;1.022436;0.013374;0.154232;0.111924;
0.037927;0.021356;1.024646;-0.101130;0.131331;-0.101817;
0.034541;0.020079;1.031936;-0.192733;0.047361;-0.109450;
0.036629;0.026336;1.019305;-0.017160;0.108430;0.043221;
0.034607;0.022930;1.026583;-0.001893;0.123697;0.035588;
0.030445;0.023891;1.022614;0.204214;0.047361;-0.056015;
0.030232;0.017406;1.030119;0.234748;0.054995;0.035588;
0.037875;0.021301;1.020966;-0.017160;-0.135845;0.005053;
0.034626;0.022719;1.028787;0.227115;0.360339;-0.208687;
0.035711;0.021238;1.023877;-0.032427;0.108430;-0.025481;
0.033043;0.020674;1.027509;-0.024794;-0.105310;-0.101817;
0.034380;0.019212;1.023093;0.135512;-0.028975;0.104290;
0.036603;0.026096;1.036466;0.051542;0.238201;0.066122;
0.042964;0.028016;1.029963;-0.154565;0.116064;-0.033114;
0.029203;0.023350;1.023079;-0.009527;0.054995;0.066122;
0.034669;0.022997;1.030999;0.005741;0.169499;-0.117084;
0.034568;0.020109;1.033898;-0.009527;0.413774;-0.193420;
0.033214;0.023174;1.031226;-0.101130;0.047361;0.142458;
0.033135;0.023785;1.023142;-0.017160;0.329804;0.180626;
0.046362;0.027916;1.028539;0.051542;0.406140;0.073756;
0.033014;0.027613;1.018536;-0.040061;0.207667;0.081389;
0.035031;0.022884;1.021929;0.051542;0.184766;0.066122;
0.033423;0.022915;1.029509;-0.101130;-0.044241;-0.002580;
0.034605;0.029455;1.039429;0.013374;0.054995;0.043221;
0.035457;0.023785;1.032248;-0.101130;0.001560;0.073756;
0.033292;0.021404;1.043463;0.089710;-0.090043;-0.056015;
0.027819;0.022908;1.030900;-0.024794;0.154232;-0.025481;
0.036369;0.016075;1.018661;-0.291969;0.184766;0.012687;
0.037640;0.026436;1.039674;-0.131664;0.138965;0.081389;
0.031479;0.016562;1.035029;-0.032427;0.054995;0.012687;
0.027133;0.022462;1.036034;0.143145;0.299270;-0.002580;
0.031896;0.022551;1.026294;-0.116397;-0.090043;-0.086550;
0.038949;0.022608;1.023452;0.089710;0.131331;0.027954;
0.035893;0.023983;1.027598;0.021008;0.207667;-0.002580;
0.030923;0.024848;1.036613;-0.093496;0.047361;-0.002580;
0.038689;0.024666;1.014896;-0.017160;-0.151112;-0.109450;
0.039630;0.025617;1.026939;-0.017160;-0.074776;0.035588;
0.028762;0.025252;1.038059;0.074443;-0.067142;0.027954;
0.036544;0.016494;1.030195;-0.055328;0.169499;-0.056015;
0.030786;0.027269;1.035910;0.036275;-0.013707;-0.124718;
0.027388;0.020148;1.026931;-0.062962;0.024461;-0.117084;
0.027843;0.021775;1.036770;-0.162198;-0.082409;-0.101817;
0.032768;0.018081;1.034579;-0.001893;-0.074776;-0.063649;
0.035074;0.021540;1.030003;0.089710;0.024461;0.035588;
0.036835;0.023989;1.024914;0.082076;0.138965;0.073756;
0.037365;0.023128;1.031039;-0.116397;0.016827;-0.040748;
0.035567;0.016450;1.030426;-0.078229;0.154232;-0.086550;
0.034494;0.025841;1.025888;-0.009527;0.138965;-0.040748;
0.033160;0.023348;1.026569;-0.009527;0.039728;-0.040748;
0.027742;0.024930;1.036078;-0.154565;-0.021341;0.073756;
0.033881;0.022210;1.029750;-0.085862;-0.166379;-0.025481;
0.028924;0.020753;1.029904;-0.078229;0.116064;0.035588;
0.034074;0.023325;1.021922;0.143145;0.184766;0.089023;
0.031418;0.022309;1.028000;0.311084;-0.120577;-0.056015;
0.032123;0.027429;1.025632;0.181313;0.085529;0.104290;
0.037516;0.021418;1.030281;0.089710;-0.051875;0.012687;
0.034160;0.024343;1.024636;-0.062962;0.024461;-0.056015;
0.033048;0.022996;1.019450;-0.093496;-0.143478;0.005053;
0.029358;0.020021;1.028428;-0.070595;-0.082409;-0.040748;
0.035330;0.026680;1.030571;-0.017160;-0.013707;-0.101817;
0.035217;0.024010;1.031757;0.135512;0.032094;0.226428;
0.031400;0.026712;1.029045;0.028641;0.070262;0.066122;
0.037718;0.019993;1.032225;0.013374;0.093163;0.012687;
0.034257;0.024910;1.029795;0.127878;0.116064;-0.040748;
0.030422;0.021317;1.030179;-0.047695;0.062629;-0.010214;
0.034661;0.025075;1.022937;0.158412;0.192400;-0.033114;
0.032139;0.023952;1.021168;0.051542;-0.028975;0.104290;
0.038929;0.026081;1.027671;-0.009527;0.245835;0.089023;
0.038276;0.022639;1.027857;0.066809;-0.097677;0.096657;
0.038246;0.020058;1.034931;0.089710;0.169499;-0.033114;
0.034612;0.017124;1.029687;-0.024794;0.062629;-0.040748;
0.033266;0.023693;1.033196;0.028641;-0.006073;-0.078916;
0.040722;0.020899;1.034242;0.127878;-0.074776;0.081389;
0.034430;0.023456;1.029776;-0.009527;0.329804;0.050855;
0.034708;0.019776;1.027274;-0.093496;0.024461;0.157725;
0.032272;0.024789;1.028048;0.166046;-0.112944;0.035588;
0.037788;0.025166;1.018814;-0.062962;-0.128211;0.050855;
0.035283;0.020122;1.032437;0.036275;0.253469;-0.002580;
0.031702;0.021899;1.032412;0.112611;0.047361;-0.010214;
0.032041;0.019212;1.030907;0.036275;0.024461;-0.094183;
0.033363;0.022619;1.026070;-0.169832;0.207667;-0.010214;
0.037696;0.022518;1.021471;0.059176;-0.051875;0.020321;
0.038006;0.019820;1.036150;0.196580;0.093163;0.066122;
0.032728;0.019892;1.025041;0.173680;-0.120577;0.096657;
0.033483;0.029718;1.027647;-0.009527;0.230567;0.020321;
0.028909;0.023304;1.037788;0.166046;-0.196913;0.066122;
0.034076;0.020777;1.031204;0.150779;0.009193;-0.109450;
0.029061;0.025071;1.024574;0.250015;0.009193;0.066122;
0.033181;0.022907;1.029750;0.036275;0.032094;-0.040748;
0.036698;0.020830;1.026092;0.021008;0.177133;0.089023;
0.036143;0.024231;1.027114;-0.093496;0.077896;0.005053;
0.033047;0.027417;1.021722;-0.017160;0.085529;-0.162885;
0.035918;0.024705;1.026873;0.120244;-0.028975;0.020321;
0.029575;0.026761;1.038583;0.043908;0.032094;-0.002580;
0.035494;0.019171;1.033407;-0.032427;0.215301;0.050855;
0.033552;0.026530;1.026130;0.173680;0.116064;-0.071282;
0.038213;0.021413;1.027593;-0.070595;0.161865;-0.033114;
0.037031;0.022094;1.028077;0.043908;0.398507;0.066122;
0.035848;0.021153;1.034422;0.051542;0.146598;-0.002580;
0.037959;0.022086;1.024412;-0.078229;0.024461;-0.010214;
0.041296;0.032869;1.033934;0.135512;0.253469;-0.071282;
0.031065;0.025444;1.026815;0.028641;0.161865;-0.109450;
0.040565;0.024457;1.027916;-0.055328;0.108430;0.012687;
0.037104;0.020069;1.022653;-0.040061;0.024461;-0.101817;
0.035136;0.023228;1.028557;0.005741;0.009193;-0.048382;
0.035230;0.022151;1.021186;0.036275;0.032094;-0.109450;