-0.081269;-0.008023;1.006614;0.053711;-0.101769;-0.132359;
-0.075838;0.001894;1.007340;-0.053160;-0.101769;-0.063656;
-0.075301;-0.004682;1.000937;0.343787;-0.201006;-0.078924;
-0.068911;-0.014017;0.999549;0.404856;-0.078869;-0.086557;
-0.067330;0.011059;0.991932;-0.251633;-0.155204;-0.285030;
-0.054156;0.004791;1.004818;0.030810;-0.185739;-0.132359;
-0.058997;-0.013174;1.005290;0.137680;-0.353678;-0.048389;
-0.038447;0.005076;1.008922;0.015543;0.058536;-0.010221;
-0.039538;0.006576;0.984932;-0.007358;0.157773;-0.162893;
-0.045199;-0.015055;1.007964;-0.076060;0.157773;0.142450;
-0.029150;-0.009641;0.994492;0.046077;0.134872;-0.101824;
-0.037671;-0.003203;0.997061;-0.045526;0.249376;-0.216328;
-0.043213;-0.005079;0.994189;-0.121862;0.134872;0.035580;
-0.051700;-0.001321;0.996761;0.122413;0.043269;-0.101824;
-0.054268;-0.005681;1.004116;0.198749;-0.216273;0.142450;
-0.057724;-0.000277;1.002433;-0.037892;-0.162838;-0.056023;
-0.057554;0.006052;1.004327;-0.022625;-0.155204;0.089015;
-0.052156;-0.001565;1.001983;0.168214;-0.094136;0.035580;
-0.046924;0.000574;0.990130;-0.091328;-0.117036;-0.078924;
-0.045850;-0.005779;0.996553;-0.076060;-0.139937;0.150084;
-0.047483;-0.009415;0.998924;0.191115;0.089070;0.035580;
-0.060061;-0.007795;0.998394;-0.045526;0.012734;-0.033122;
-0.064860;-0.006770;1.008108;-0.160030;0.050902;0.027947;
-0.059932;-0.012198;1.015021;0.275085;0.050902;-0.162893;
-0.072026;-0.015198;1.001674;0.198749;-0.048334;0.180618;
-0.061272;0.007335;0.986262;-0.282167;-0.147571;0.165351;
-0.073197;-0.001050;0.995481;0.297985;-0.063601;-0.078924;
-0.074457;-0.014192;1.000713;0.122413;-0.017800;-0.139992;
-0.057625;0.005341;0.986280;0.099512;0.028002;-0.201061;
-0.067094;-0.003813;1.002871;0.145314;-0.338410;-0.071290;
-0.043946;-0.001425;1.002731;-0.152396;-0.117036;0.035580;
-0.060096;-0.003900;1.001714;0.084245;-0.178105;0.058481;
-0.076347;-0.000036;0.995941;0.061344;-0.078869;-0.078924;
-0.054157;0.000662;0.992711;0.000275;-0.078869;0.089015;
-0.056755;-0.001990;0.998165;0.198749;-0.086502;-0.017855;
-0.052520;0.002597;0.986305;-0.106595;-0.094136;0.089015;
-0.056301;-0.001503;0.993179;-0.091328;0.272276;-0.010221;
-0.052291;0.004297;0.988204;-0.030259;-0.071235;0.005046;
-0.053813;-0.006166;0.996519;0.145314;-0.086502;0.073748;
-0.060936;0.005609;1.002651;-0.213465;-0.155204;-0.010221;
-0.056354;0.002153;0.991513;-0.221099;0.050902;0.043214;
-0.061736;-0.004377;1.011681;0.244550;-0.284975;0.035580;
-0.074868;-0.002247;0.996424;-0.144763;-0.262075;-0.178160;
-0.063315;0.001502;0.998845;-0.060793;-0.117036;0.096649;
-0.069347;-0.014752;1.008097;0.381955;-0.201006;0.111916;
-0.079468;-0.002672;0.992368;-0.007358;-0.216273;-0.094191;
-0.059020;0.005589;0.999097;0.030810;0.073803;-0.162893;
-0.060002;-0.013152;0.996499;0.091879;-0.048334;0.165351;
-0.060421;-0.013648;1.009559;0.397222;-0.025434;0.234053;
-0.058331;0.003160;0.984142;-0.014992;0.043269;0.073748;
-0.073878;-0.007366;0.987410;0.214016;-0.132304;0.180618;
-0.077714;-0.005381;0.999265;0.229283;-0.468181;-0.201061;
-0.083382;-0.000183;0.988074;0.191115;-0.162838;-0.048389;
-0.077441;-0.006606;1.002829;0.244550;-0.407113;-0.147626;
-0.092276;0.000648;0.999434;-0.060793;-0.262075;-0.109458;
-0.069352;-0.000365;0.993359;0.229283;-0.109403;-0.117092;
-0.069484;-0.007675;0.997403;0.191115;-0.086502;-0.033122;
-0.069045;-0.003056;1.000487;0.038443;-0.254441;-0.162893;
-0.042430;0.006854;0.986819;0.145314;-0.170472;0.089015;
-0.061436;-0.016781;0.989610;0.282718;-0.292609;-0.025488;
-0.058256;0.001198;0.995543;-0.213465;-0.346044;-0.048389;
-0.056479;-0.001759;1.006714;0.107146;0.188307;-0.124725;
-0.072210;-0.016181;1.011885;0.206382;-0.010166;-0.117092;
-0.074374;0.002601;1.012807;-0.266900;-0.025434;-0.414801;
-0.077552;0.003622;1.006856;-0.083694;0.058536;-0.010221;
-0.068848;-0.013547;1.015222;0.053711;0.020368;-0.078924;
-0.071218;-0.013042;1.026847;0.122413;-0.178105;0.226420;
-0.043616;0.011964;1.006281;-0.343236;0.104337;-0.178160;
-0.061053;-0.005347;0.999574;-0.213465;-0.086502;-0.124725;
-0.065661;-0.021856;1.002421;-0.022625;0.111971;-0.170527;
-0.054455;0.004808;0.991756;-0.182931;0.257009;-0.017855;
-0.079840;-0.012651;0.989052;-0.137129;-0.078869;-0.117092;
-0.061988;0.007828;0.989583;-0.106595;0.028002;-0.246863;
-0.082656;-0.010206;1.014446;0.091879;0.195940;0.310389;
-0.070073;-0.016685;1.002159;-0.068427;0.089070;0.066115;
-0.055178;-0.011511;1.000081;-0.030259;0.020368;-0.017855;
-0.054161;0.002363;0.996747;0.023176;0.012734;-0.056023;
-0.088930;0.003043;0.998496;0.107146;-0.071235;-0.010221;
-0.078570;0.002189;0.990942;-0.091328;-0.216273;0.043214;
-0.065066;0.004938;0.995035;0.068978;-0.017800;0.127183;
-0.076539;-0.019531;1.006171;-0.373770;-0.368945;0.027947;
-0.074349;-0.003962;0.999753;-0.221099;-0.040701;0.150084;
-0.055802;-0.002242;0.994607;-0.007358;0.073803;-0.025488;
-0.061187;-0.013871;0.999582;0.229283;-0.010166;0.012679;
-0.056062;0.001409;1.000776;0.030810;0.188307;0.195886;
-0.045820;-0.002386;1.012935;0.229283;-0.017800;-0.063656;
-0.062289;-0.002654;1.000754;-0.014992;0.012734;0.020313;
-0.060932;0.007065;1.007636;-0.053160;0.096704;-0.094191;
-0.038599;0.002628;1.022223;0.114779;0.218841;0.005046;
-0.043072;0.004414;0.998455;-0.259266;0.195940;-0.010221;
-0.061269;-0.005594;1.004560;-0.060793;-0.033067;-0.132359;
-0.054886;0.004315;1.002203;-0.014992;0.180673;-0.017855;
-0.054587;-0.019316;1.002228;0.107146;0.142505;0.020313;
-0.033872;-0.012278;1.011334;0.145314;-0.139937;-0.010221;
-0.043196;-0.004841;0.998701;0.000275;-0.078869;0.005046;
-0.037910;0.000685;1.008692;0.061344;0.066170;-0.262130;
-0.045796;-0.003364;1.015548;0.046077;-0.078869;-0.124725;
-0.047986;-0.003332;1.011739;0.297985;-0.033067;-0.025488;
-0.051713;0.003296;1.006967;0.107146;-0.071235;0.142450;
-0.048987;0.011074;0.990348;-0.022625;0.012734;0.073748;
-0.048199;-0.008436;1.003670;-0.022625;0.104337;-0.040756;
-0.078218;-0.002698;1.002110;-0.037892;0.028002;0.241687;
-0.048287;-0.005015;0.993455;0.130046;0.195940;0.241687;
-0.055096;-0.013475;1.013144;0.221650;0.012734;0.035580;
-0.055846;0.003112;1.000063;-0.266900;-0.269708;0.081382;
-0.058782;0.005586;0.998386;0.137680;-0.323143;-0.201061;
-0.055071;0.002119;1.008616;0.290352;-0.300243;-0.025488;
-0.068318;0.000092;1.010224;-0.045526;-0.017800;-0.101824;
-0.060882;-0.002419;0.991973;0.030810;-0.300243;-0.162893;
-0.054161;0.004549;1.002918;0.030810;-0.017800;-0.315565;
-0.062373;0.002224;0.995524;0.091879;-0.201006;-0.346099;
-0.066326;-0.007476;1.002166;0.160581;0.089070;0.027947;
-0.043254;0.000760;1.001544;-0.014992;0.157773;-0.040756;
-0.038701;0.002411;0.998475;-0.381404;0.195940;0.111916;
-0.056805;0.002394;0.999347;-0.014992;0.028002;-0.193427;
-0.058504;0.001203;0.994117;-0.053160;0.005101;-0.124725;
-0.059127;-0.003670;1.003143;-0.030259;0.035635;0.157718;
-0.055990;-0.004195;1.001257;0.084245;-0.216273;0.043214;
-0.050818;0.004516;0.994384;-0.129495;-0.055968;-0.033122;
-0.048582;0.000102;0.996060;0.061344;-0.170472;0.157718;
-0.049892;-0.006472;1.008647;0.000275;0.035635;-0.071290;
-0.054485;-0.010784;0.995096;0.114779;0.073803;-0.056023;
-0.049250;-0.002818;1.000572;0.168214;-0.147571;0.104282;
-0.062569;0.001245;1.003123;-0.098961;-0.101769;0.302756;
-0.081209;-0.010467;1.013266;0.267451;-0.414746;0.012679;
-0.077439;-0.004906;1.008052;0.091879;-0.330777;0.150084;
-0.074732;-0.007624;1.011866;0.267451;-0.139937;0.035580;
-0.069880;-0.010847;1.007853;0.183482;-0.338410;0.012679;
-0.072127;-0.005945;1.005226;0.114779;-0.132304;0.127183;
-0.074312;-0.005672;1.003317;0.030810;-0.063601;0.035580;
-0.066075;0.007147;0.991466;0.267451;-0.155204;-0.216328;
-0.061471;-0.008758;1.004563;0.023176;-0.147571;0.104282;
-0.083369;0.001028;0.994485;0.068978;-0.315510;-0.017855;
-0.078231;-0.004395;0.994275;0.091879;-0.353678;-0.094191;
-0.085813;-0.009919;1.011108;0.214016;-0.368945;0.211153;
-0.088382;-0.019622;1.003033;0.267451;-0.193372;0.111916;
-0.073509;-0.013715;0.998104;0.214016;-0.346044;0.111916;
-0.075323;-0.006863;0.989541;0.068978;-0.300243;-0.040756;
-0.073859;-0.004213;1.000705;0.206382;0.043269;-0.101824;
-0.067328;-0.002355;1.008568;0.198749;-0.071235;-0.239229;
-0.053315;-0.004962;1.003407;0.145314;0.081437;-0.285030;
-0.057863;-0.007828;1.004102;0.297985;0.012734;-0.063656;
-0.076282;-0.000052;1.010664;0.053711;-0.139937;-0.048389;
-0.074399;-0.000307;0.998799;-0.114228;0.104337;-0.002588;
-0.079396;-0.007305;0.995460;0.076611;-0.109403;-0.117092;
-0.076489;-0.005400;1.003070;0.068978;-0.063601;0.081382;
-0.081562;-0.004365;1.005422;-0.007358;-0.101769;0.020313;
-0.068099;-0.002820;0.996692;-0.060793;-0.094136;0.020313;
-0.047719;-0.010870;0.996075;-0.037892;0.050902;0.050847;
-0.061066;-0.002673;1.004321;-0.068427;-0.033067;-0.056023;
-0.063379;0.006861;0.999789;-0.060793;-0.269708;-0.086557;
-0.064328;0.005897;1.000736;-0.030259;0.203574;0.043214;
-0.072666;-0.014481;1.022805;0.214016;-0.307876;0.027947;
-0.075782;-0.002491;1.007582;-0.076060;-0.223907;-0.056023;
-0.073431;0.000652;1.002127;0.030810;-0.139937;-0.109458;
-0.057290;-0.012956;1.009809;0.244550;0.134872;0.127183;
-0.080146;-0.003646;1.000203;0.198749;-0.017800;-0.040756;
-0.064127;0.003718;0.985541;-0.190564;-0.178105;0.264588;
-0.048651;0.005947;0.997004;-0.129495;-0.162838;0.127183;
-0.070503;-0.004250;0.995021;-0.160030;-0.117036;-0.101824;
-0.064514;0.000058;0.996704;-0.167663;0.020368;-0.109458;
-0.057206;-0.006363;0.992943;0.122413;-0.025434;-0.162893;
-0.075945;-0.005907;1.015421;0.137680;-0.185739;-0.231595;
-0.069060;0.000348;1.006896;-0.243999;-0.124670;-0.216328;
-0.064165;-0.004829;1.007159;-0.106595;-0.246807;0.211153;
-0.071529;-0.013265;1.010460;0.114779;-0.040701;0.256954;
-0.069259;-0.003545;1.005474;0.038443;-0.193372;-0.101824;
-0.075865;0.002872;1.004014;0.023176;0.020368;0.096649;
-0.065959;0.001532;1.001683;-0.144763;-0.117036;-0.078924;
-0.069692;-0.011080;0.995268;-0.098961;0.081437;-0.063656;
-0.079151;-0.008523;0.992850;0.191115;-0.239174;0.157718;
-0.078006;-0.001722;0.998073;0.114779;0.028002;0.027947;
-0.070786;0.000864;1.000238;-0.007358;-0.254441;-0.117092;
-0.083837;-0.010926;1.018242;0.145314;-0.162838;0.066115;
-0.087905;-0.017684;1.007307;-0.030259;-0.300243;0.020313;
-0.074844;-0.005653;0.992154;0.091879;-0.246807;0.012679;
-0.056962;-0.002724;1.003864;0.252184;0.150139;0.165351;
-0.082064;-0.004354;1.001145;-0.106595;-0.055968;-0.040756;
-0.058373;0.011427;0.998144;-0.106595;0.073803;0.066115;
-0.048236;-0.007699;0.997495;0.107146;-0.094136;-0.025488;
-0.071640;-0.009595;0.995733;0.030810;-0.055968;-0.071290;
-0.052262;0.005019;0.996989;-0.137129;0.005101;0.020313;
-0.056302;-0.000289;0.996265;0.068978;-0.033067;0.089015;
-0.070656;-0.006211;1.009507;-0.190564;0.119605;-0.071290;
-0.051241;0.002079;1.001034;-0.167663;0.089070;0.111916;
-0.043777;-0.001168;0.987059;0.145314;0.218841;0.302756;
-0.032201;0.002576;0.994704;-0.106595;0.180673;-0.147626;
-0.042301;0.001236;1.000123;-0.114228;0.165406;0.012679;
-0.046983;0.006660;0.994161;-0.129495;-0.063601;-0.109458;
-0.044876;-0.002393;1.007952;-0.137129;0.035635;0.157718;
-0.044861;-0.007254;0.997509;-0.014992;0.127238;-0.147626;
-0.060533;-0.006334;1.005039;0.053711;-0.170472;0.150084;
-0.059207;0.000721;0.997439;-0.022625;0.005101;0.150084;
-0.056627;-0.009065;1.006959;0.130046;0.043269;0.165351;
-0.064083;-0.009706;1.011676;0.313253;-0.155204;-0.017855;
-0.058708;-0.000503;0.997680;-0.251633;-0.193372;0.134817;
-0.046382;-0.000661;0.999870;0.076611;0.234108;0.073748;
-0.062121;-0.014595;1.004566;0.046077;-0.117036;-0.025488;
-0.060930;0.004393;1.000515;-0.236366;0.020368;0.195886;
-0.053339;-0.004713;0.998657;0.206382;-0.178105;0.264588;
-0.061943;-0.010940;1.000763;0.221650;-0.109403;-0.040756;
-0.076550;-0.000285;1.004014;-0.076060;-0.178105;0.226420;
-0.057031;-0.000279;0.995312;0.000275;-0.033067;-0.246863;
-0.053179;-0.012767;1.011726;0.175848;-0.170472;-0.193427;
-0.053573;-0.004954;0.999606;0.053711;-0.193372;0.073748;
-0.075033;0.011151;0.997360;0.068978;-0.109403;0.195886;
-0.067011;-0.011120;1.000742;-0.022625;-0.201006;0.211153;
-0.062956;-0.006059;1.004079;0.084245;0.020368;0.050847;
-0.062230;-0.006311;1.003607;-0.022625;-0.094136;0.035580;
-0.059062;-0.005629;1.012169;0.152947;-0.101769;-0.139992;
-0.063576;0.001024;0.993145;-0.098961;0.050902;-0.040756;
-0.061270;-0.004865;1.006459;0.252184;0.104337;-0.139992;
-0.062675;-0.005100;1.015715;0.191115;-0.033067;0.035580;
-0.073359;-0.006409;0.998335;0.191115;-0.307876;-0.101824;
-0.059428;-0.001953;0.994591;0.229283;-0.231540;-0.201061;
-0.078666;-0.006101;1.000211;0.114779;-0.315510;-0.124725;
-0.083336;-0.000194;0.998523;0.015543;-0.384212;-0.048389;
-0.057459;-0.000529;1.006946;0.198749;-0.223907;0.081382;
-0.072336;-0.021792;1.021864;0.015543;-0.139937;0.020313;
-0.069608;0.000856;0.993594;0.221650;-0.101769;-0.086557;
-0.069995;-0.005476;0.997161;0.152947;-0.063601;0.096649;
-0.075354;-0.020026;0.999765;0.206382;-0.002533;-0.048389;
-0.069509;-0.004026;1.002149;-0.037892;-0.170472;0.150084;
-0.067612;-0.004042;0.994320;0.282718;-0.117036;0.027947;
-0.057584;-0.010512;1.004819;0.000275;-0.124670;-0.063656;
-0.078684;0.009746;0.986660;-0.167663;-0.139937;0.096649;
-0.055126;0.004075;1.001727;0.114779;-0.071235;0.073748;
-0.069662;-0.011816;0.999781;-0.175297;0.058536;0.119550;
-0.057698;-0.002469;1.001960;-0.045526;-0.216273;0.043214;
-0.065324;-0.008226;1.008345;0.221650;-0.078869;-0.071290;
-0.052446;-0.009621;1.022650;-0.114228;-0.086502;-0.147626;
-0.036507;0.001892;1.001810;0.091879;-0.185739;-0.017855;
-0.046762;-0.006266;1.007236;-0.152396;0.111971;0.043214;
-0.071361;-0.008635;1.006895;-0.007358;-0.223907;0.035580;
-0.077446;-0.008305;0.996894;-0.098961;-0.086502;0.142450;
-0.044200;0.001253;1.007477;0.359054;0.020368;0.089015;
-0.064697;-0.002382;1.002880;-0.060793;-0.262075;-0.094191;
-0.067307;-0.007946;0.997413;-0.137129;-0.376578;-0.025488;
-0.045446;-0.000423;0.993937;0.275085;0.035635;-0.109458;
-0.077654;-0.013653;0.989062;0.145314;-0.010166;0.073748;
-0.089247;0.004764;0.986144;-0.198198;-0.055968;-0.040756;
-0.074921;-0.002477;0.983839;0.160581;-0.086502;0.211153;
-0.057543;-0.017079;0.995327;0.343787;-0.132304;-0.040756;
-0.058409;-0.002706;1.004332;-0.221099;-0.094136;0.043214;
-0.057639;0.006801;0.987228;-0.160030;0.012734;-0.071290;
-0.026653;-0.004292;0.973837;0.091879;0.127238;-0.285030;
-0.044898;0.011998;0.989415;-0.457740;0.264643;-0.101824;
-0.055941;-0.000994;0.966821;-0.014992;-0.040701;-0.124725;
-0.045086;-0.008470;0.997746;0.076611;0.257009;-0.292664;
-0.054877;-0.016386;0.999612;0.007909;0.234108;-0.269763;
-0.067761;-0.006247;1.008807;-0.098961;-0.033067;-0.170527;
-0.050599;-0.007681;1.009120;0.168214;-0.193372;0.172985;
-0.081857;-0.000463;1.004466;-0.175297;-0.544517;0.363824;
-0.083805;0.004180;1.013952;0.236917;0.020368;0.577565;
-0.064051;0.005400;1.007387;-0.076060;-0.239174;0.333290;
-0.055144;-0.008848;1.015514;0.061344;-0.078869;-0.040756;
-0.051470;0.010392;0.972766;-0.251633;-0.170472;-0.743046;
-0.050753;0.003043;1.004835;0.030810;0.127238;-0.414801;
-0.067415;0.013509;0.979581;-0.190564;-0.246807;-0.430069;
-0.066897;-0.016248;1.011908;0.015543;0.150139;0.356191;
-0.060100;-0.007299;0.991031;-0.083694;-0.139937;0.860008;
-0.057223;0.008997;0.978442;-0.121862;-0.109403;0.508863;
-0.030779;-0.002778;0.973343;-0.083694;0.089070;0.157718;
-0.029736;0.015219;0.987578;-0.137129;0.111971;-0.926252;
-0.074341;-0.004207;1.000941;0.145314;0.188307;-0.941519;
-0.060449;-0.010484;1.012405;0.061344;0.127238;-0.521672;
-0.072910;0.007007;0.974339;-0.121862;-0.094136;0.119550;
-0.075960;-0.020289;1.025646;0.068978;-0.193372;0.707336;
-0.032154;-0.000836;0.995657;0.183482;-0.307876;1.089015;
-0.052546;0.005761;0.989389;0.114779;-0.124670;0.134817;
-0.056568;0.006278;1.009555;-0.160030;-0.109403;-0.979687;
-0.058356;-0.013405;0.985821;-0.076060;0.394414;-1.750679;
-0.062404;-0.008753;1.011920;-0.053160;0.066170;-0.819382;
-0.076992;0.012396;0.994738;0.175848;-0.078869;1.058481;
-0.091261;-0.013761;1.023912;0.595695;-0.414746;2.134817;
-0.057192;0.008990;0.985328;-0.305068;-0.330777;0.676802;
-0.060868;-0.004365;0.989600;-0.228732;-0.216273;-0.941519;
-0.046766;0.005934;0.986564;-0.037892;0.180673;-2.094191;
-0.066143;0.015906;1.001193;0.694932;-0.025434;-0.972053;
-0.050346;-0.013516;0.995117;0.236917;0.409681;0.447794;
-0.067324;-0.008670;0.991477;-0.480641;-0.292609;0.959244;
-0.055154;-0.034646;0.994167;-0.419572;-0.262075;0.600466;
-0.036706;0.025256;1.023395;0.450657;-0.155204;0.493595;
-0.040678;0.019988;0.983726;0.473558;-0.010166;-0.010221;
-0.041749;0.007528;1.033602;-0.114228;-0.117036;-0.811748;
-0.095091;0.018207;1.013415;-1.053160;-0.078869;-1.216328;
-0.073460;-0.016155;1.002144;-0.014992;0.638689;-0.162893;
-0.069759;-0.022777;1.001216;0.366688;-0.063601;1.073748;
-0.035148;-0.002532;1.023430;0.649130;-0.445281;1.127183;
-0.072896;-0.004411;0.944905;-0.358503;-0.048334;-0.185794;
-0.081431;0.024617;1.008480;-0.816518;0.188307;-0.498771;
-0.026091;0.000353;0.950326;0.137680;0.157773;0.035580;
-0.068910;0.012567;0.966514;0.794169;-0.078869;-0.117092;
-0.091753;-0.003254;0.997303;-0.404305;0.127238;-0.399534;
-0.044760;-0.004365;1.028615;0.061344;-0.193372;0.333290;
-0.054837;-0.025681;1.036904;0.733100;-0.452914;0.905809;
-0.074651;-0.027858;1.027084;0.343787;-0.017800;-0.376634;
-0.070570;-0.010847;1.015687;-0.358503;0.340979;-0.475870;
-0.053472;-0.007408;1.015519;1.023176;0.203574;0.424893;
-0.053847;-0.021215;0.945716;0.007909;-0.117036;-0.193427;
-0.082191;-0.009722;1.011836;-0.618045;-0.201006;-0.430069;
-0.081850;-0.004892;1.048165;0.603329;-0.300243;0.860008;
-0.038029;-0.008571;1.009888;0.908672;-0.475815;0.631000;
-0.038162;0.011676;0.983033;-0.411938;-0.033067;-0.804114;
-0.097694;0.008027;0.996316;0.580428;0.150139;-0.575107;
-0.044888;0.006110;1.029553;0.114779;-0.216273;0.539397;
-0.030763;-0.049824;1.006636;-0.327969;-0.529250;-0.605641;
-0.076242;0.045709;1.041014;0.374321;0.379147;-0.445336;
-0.078489;0.009455;1.030118;0.923940;-0.399479;0.661534;
-0.024491;-0.003831;0.972659;-0.526442;-0.597952;0.524130;
-0.101345;0.030479;0.999127;0.450657;-0.086502;-0.323198;
-0.092215;-0.020310;1.008004;0.580428;0.111971;0.249321;
-0.049490;-0.025458;0.990858;0.015543;-0.384212;0.104282;
-0.079282;-0.023605;0.974817;-0.160030;-0.063601;-0.139992;
-0.087037;-0.016458;0.988787;0.427756;-0.071235;-0.514038;
-0.022237;-0.007764;0.979797;-0.205831;-0.552151;0.165351;
-0.048038;0.031709;1.045424;0.488825;-0.292609;0.447794;
-0.072395;-0.014977;1.028031;-0.175297;0.814261;-0.246863;
-0.031124;0.072464;1.000812;0.305619;-0.346044;0.020313;
-0.061260;0.026332;0.988380;0.061344;-0.300243;0.638634;
-0.034502;-0.005436;0.997551;-0.312702;0.264643;-0.407168;
-0.056397;0.004778;1.043991;0.076611;0.234108;-0.552206;
-0.067617;0.003788;0.960829;0.618596;-0.315510;0.409626;
-0.076959;-0.032169;0.984335;-0.770717;-0.017800;0.569931;
-0.062396;-0.043355;1.024303;0.236917;-0.124670;-0.208695;
-0.057111;-0.033887;0.990596;0.549894;0.150139;0.272221;
-0.074912;-0.001564;1.043205;-0.014992;-0.536884;-0.117092;
-0.068389;-0.044504;1.030690;-0.312702;-0.025434;-0.720145;
-0.066523;-0.058412;1.030950;0.832337;0.249376;-0.849916;
-0.061395;-0.007263;0.971316;-0.106595;-0.430014;0.409626;
-0.079733;0.000979;0.997588;-0.457740;0.295177;0.371458;
-0.122555;-0.006235;0.957516;0.542260;0.447849;-0.384267;
-0.016919;0.032652;0.932523;0.152947;-0.445281;0.134817;
-0.021874;-0.031654;0.993833;-0.686747;-0.529250;-0.086557;
-0.074676;-0.054138;1.001227;-0.007358;0.478383;-0.437702;
-0.017032;0.086652;1.006558;0.374321;-0.010166;-0.239229;
-0.081751;-0.003347;0.965525;-0.450106;-0.323143;0.707336;
-0.067567;-0.016439;0.968924;-0.022625;0.165406;0.470695;
-0.046874;0.028790;1.027385;0.183482;0.173040;-0.361366;
-0.028702;-0.020624;1.009940;0.458291;-0.284975;0.218786;
-0.050081;0.029818;1.014784;-1.037892;0.638689;-0.109458;
-0.060698;0.004878;0.999803;-0.343236;0.363879;-0.918618;
-0.074233;-0.025606;0.964155;0.252184;-0.025434;-0.025488;
-0.072134;0.028899;0.993793;-0.358503;-0.445281;0.844741;
-0.087371;-0.006960;0.994951;-0.518808;0.081437;-0.147626;
-0.083431;0.053671;0.966648;0.511726;0.104337;-0.323198;
-0.022571;0.007076;1.001152;-0.152396;-0.155204;0.218786;
-0.080689;-0.028697;0.969592;-1.259266;0.096704;-0.155259;
-0.091407;0.014073;0.961191;0.076611;-0.055968;-0.567473;
-0.069692;-0.026866;0.950165;0.267451;-0.162838;0.325657;
-0.061503;-0.017792;1.026181;-0.908121;-0.773525;0.547031;
-0.100071;-0.017995;0.985171;0.191115;-0.262075;0.050847;
-0.072427;0.029643;0.984292;1.168214;-0.048334;-0.376634;
-0.040060;0.049934;0.990585;-0.785984;-0.498716;0.302756;
-0.054937;-0.026628;1.011495;-0.785984;0.470750;-0.315565;
-0.054139;-0.008870;1.024304;0.694932;0.134872;-0.720145;
-0.061581;-0.021602;0.942833;-0.297434;0.142505;0.150084;
-0.090458;-0.003963;0.960501;-0.808885;-0.132304;0.951611;
-0.091283;-0.025171;0.986403;0.091879;0.111971;-0.162893;
-0.069378;-0.012558;1.007382;-0.083694;-0.269708;-0.376634;
-0.091806;-0.019569;0.993282;-0.289801;-0.254441;0.287489;
-0.092318;-0.001042;0.984950;-0.076060;0.608154;-0.063656;
-0.067723;0.027372;1.004024;0.252184;0.173040;-0.514038;
-0.011114;0.002050;1.011655;-0.236366;-0.117036;0.356191;
-0.049903;-0.038397;1.024352;-0.182931;0.409681;0.585199;
-0.081579;-0.045517;0.993589;-0.289801;0.058536;-0.681977;
-0.034670;0.032063;1.011761;0.534627;0.012734;-0.338466;
-0.048943;-0.039323;0.965703;-0.556976;-0.094136;0.692069;
-0.044423;-0.034264;0.965005;-0.579877;0.463116;-0.056023;
-0.044273;0.035813;1.034988;0.534627;-0.315510;-0.575107;
-0.081642;0.008097;0.968364;0.030810;-0.139937;0.516496;
-0.023446;-0.019948;0.999276;-0.801251;0.195940;0.714970;
-0.098819;-0.005579;0.976140;0.030810;0.203574;-0.865183;
-0.064713;-0.004078;0.994570;0.053711;0.111971;-0.056023;
-0.057053;-0.060187;0.983261;-0.862320;-0.307876;0.676802;
-0.065258;-0.025485;0.973930;-0.014992;-0.361311;0.005046;
-0.052556;0.038606;1.026163;0.610963;-0.101769;-0.628542;
-0.086696;-0.010171;1.029152;-0.747816;-0.025434;0.172985;
-0.084144;0.008392;0.949355;-0.152396;0.058536;0.165351;
-0.071585;0.014492;1.022306;0.725466;0.165406;-0.613275;
-0.049800;0.025919;1.012652;-0.320335;-0.033067;-0.063656;
-0.073537;0.031820;1.012544;-0.014992;-0.170472;0.852374;
-0.069383;-0.044914;0.968470;0.229283;0.150139;-0.056023;
-0.083886;-0.043029;0.970305;0.007909;-0.010166;-0.590374;
-0.056284;0.022349;1.010490;0.313253;-0.361311;0.440160;
-0.040880;0.012154;1.025053;0.282718;0.447849;0.157718;
-0.026853;-0.019656;0.994037;-0.014992;0.180673;-1.002588;
-0.052075;0.014986;1.013128;-0.228732;0.165406;0.249321;
-0.079437;-0.015608;1.017078;0.152947;0.173040;0.982145;
-0.029064;-0.008934;1.016101;-0.480641;0.134872;-0.437702;
-0.031127;-0.004206;0.945084;0.015543;-0.139937;-1.094191;
-0.052425;-0.009812;0.972307;-0.160030;0.005101;0.485962;
-0.052147;-0.014252;1.022656;-0.824152;0.486017;-0.582740;
-0.049614;0.038129;0.980345;0.160581;0.089070;-0.788847;
-0.040898;0.013186;0.969246;0.275085;-0.078869;1.073748;
-0.004741;-0.030895;0.993668;-0.572244;0.211208;0.905809;
-0.043964;0.012722;0.984432;0.084245;-0.155204;-0.727779;
-0.080404;0.006375;0.970270;0.290352;-0.346044;-0.796481;
-0.004978;0.054577;1.020178;-0.221099;0.325711;0.699702;
-0.023335;0.006310;1.044607;-0.144763;-0.094136;-0.147626;
-0.075377;-0.025364;0.979348;-0.190564;0.111971;-0.338466;
-0.051383;0.003814;0.973723;-0.335602;0.089070;0.180618;
-0.030889;-0.051307;1.028484;0.137680;-0.689556;0.256954;
-0.029522;-0.004749;0.979050;0.183482;0.127238;-0.613275;
-0.059068;0.023386;0.984356;-0.717282;-0.055968;-0.139992;
-0.032717;-0.019623;1.033194;0.122413;-0.025434;0.776038;
-0.067083;-0.017902;0.965128;-0.121862;0.020368;-0.246863;
-0.059314;-0.001681;0.966332;-0.663847;0.218841;-0.407168;
-0.082627;0.030514;0.973324;-0.121862;-0.315510;0.699702;
-0.066608;-0.089048;0.978737;-0.610412;-0.078869;0.150084;
-0.063203;-0.011640;0.986748;-0.663847;0.104337;-0.865183;
-0.041158;-0.025105;1.019627;0.122413;0.325711;-0.048389;
-0.010292;0.010088;1.001915;0.152947;-0.078869;0.600466;
-0.026548;0.015653;0.999939;-0.801251;0.119605;-0.162893;
-0.099526;0.018470;1.048778;0.702566;-0.002533;-0.277397;
-0.022140;0.024812;1.040081;0.389588;-0.407113;0.730237;
-0.064830;-0.043805;1.018594;-1.182931;0.058536;-0.292664;
-0.094068;0.034023;1.016965;0.381955;-0.147571;-0.117092;
-0.042805;-0.046093;1.078771;0.908672;-0.139937;0.692069;
-0.077724;-0.031664;0.976494;-0.572244;-0.720090;-0.201061;
-0.094257;0.003599;0.996572;0.282718;0.554719;-0.033122;
-0.044486;-0.021376;0.987551;1.076611;-0.124670;0.676802;
-0.079613;-0.032435;1.038704;-0.091328;-1.284976;0.035580;
-0.107051;0.013772;0.971573;0.068978;1.028002;-0.468237;
-0.045226;0.046079;1.012414;-0.121862;-0.010166;0.272221;
-0.094316;0.040398;0.978963;-0.022625;-0.964365;0.050847;
-0.136158;-0.034629;1.021839;-0.579877;0.798994;-0.430069;
-0.027758;0.039096;0.956929;1.168214;-0.300243;0.104282;
-0.098130;-0.033621;0.997306;0.160581;-0.613220;0.096649;
-0.025662;-0.016510;0.999263;-0.060793;0.547086;-0.529305;
-0.062188;0.001264;0.980090;-0.091328;-0.872762;0.455428;
-0.112071;0.003866;0.954701;-0.373770;0.577620;-0.307931;
-0.086310;0.044418;0.999178;0.839970;-0.040701;-0.254496;
-0.066820;-0.020096;0.963706;0.702566;-0.368945;0.699702;
-0.059357;-0.022969;1.059916;0.175848;0.058536;-0.590374;
-0.050820;0.030130;0.957788;1.236917;-0.391846;0.363824;
-0.097220;-0.017348;1.031251;-0.366137;-0.330777;-0.262130;
-0.093823;0.030376;1.007234;0.183482;0.142505;-0.239229;
-0.065414;-0.016218;0.965133;0.175848;-0.750624;0.623366;
-0.090338;0.032980;1.038354;-0.327969;-0.422380;-0.872817;
-0.052445;-0.031292;1.015785;0.488825;0.127238;0.760771;
-0.038119;-0.037562;1.016091;-1.877587;0.050902;0.195886;
-0.043346;0.006555;1.051882;1.862871;0.806628;-0.155259;
-0.074096;-0.004884;0.945137;-0.160030;-1.384212;0.631000;
-0.100573;0.044601;0.995554;-0.602778;0.203574;-0.895718;
-0.066458;-0.008116;0.915965;0.702566;-0.422380;0.501229;
-0.114974;0.025276;1.014509;-0.984457;-0.842227;-0.720145;
-0.065271;0.014517;0.921171;0.633863;1.516551;0.249321;
-0.054139;0.028943;0.968224;-1.358503;-1.949098;0.249321;
-0.023689;0.020783;0.951265;0.305619;2.371513;-0.124725;
-0.043645;0.002200;1.026476;-0.411938;-2.017800;0.127183;
-0.035896;-0.020844;1.075213;-0.564610;1.715024;-0.994954;
-0.056516;-0.011521;1.025247;0.656764;-0.758258;0.569931;
-0.047236;-0.037032;1.085392;0.130046;-0.094136;-0.506405;
-0.048275;-0.030388;1.033137;-0.068427;-0.071235;0.562298;
-0.088438;-0.003336;1.036974;0.030810;-1.040701;0.012679;
-0.037721;0.009008;0.965940;1.320886;1.821895;-0.506405;
-0.089114;0.002359;0.954801;-1.236366;-2.773525;0.768405;
-0.013891;0.020384;0.981704;0.534627;3.226475;-0.811748;
-0.096840;0.001914;1.008199;0.214016;-2.040701;1.111916;
-0.012442;-0.013019;0.995754;-0.389037;1.165406;-1.124725;
-0.116087;-0.032460;1.034985;1.046077;-1.735357;1.287489;
-0.032508;0.007938;0.995172;-0.763083;-0.216273;-1.521672;
-0.114803;-0.029579;1.060634;1.320886;-0.155204;0.646267;
-0.050643;-0.010585;0.990838;-1.259266;-0.765891;-1.162893;
-0.082161;0.001013;0.994490;0.847604;1.043269;0.524130;
-0.046891;0.037594;0.993893;-0.572244;-1.231540;0.119550;
-0.037957;0.009496;0.968550;0.435390;1.478383;0.295122;
-0.079874;-0.000014;1.017535;-0.053160;-1.742991;0.348557;
-0.016355;0.024069;0.981215;-0.411938;2.020368;-0.514038;
-0.116493;0.031925;0.962965;-0.518808;-1.727724;-0.109458;
0.022612;0.029201;0.962380;-0.511175;2.279910;-1.155259;
-0.157561;0.004161;0.987988;0.465924;-1.826960;0.386725;
-0.014875;0.022101;0.982648;-0.610412;1.997468;-0.445336;
-0.157943;-0.017043;1.004868;1.084245;-1.910930;0.913443;
-0.009680;0.013749;0.986953;-1.060793;1.211208;0.066115;
-0.150415;-0.071476;1.023240;1.343787;-1.445281;0.234053;
0.033450;0.058271;0.984720;-1.931022;1.982200;-0.178160;
-0.128964;-0.071979;1.013359;1.694932;-1.727724;0.234053;
0.003605;0.051095;0.985548;-1.702014;1.707391;0.569931;
-0.108660;-0.069810;1.024606;1.252184;-1.391846;0.111916;
-0.042391;0.068458;1.007654;-1.205831;0.852429;0.943977;
-0.089700;-0.106807;1.002402;1.175848;-1.544517;-0.880450;
-0.007403;0.020739;1.030413;-0.984457;1.661589;0.516496;
-0.078467;0.004406;0.966006;1.427756;-1.742991;-1.262130;
0.043266;-0.076344;1.018855;-0.724915;2.302811;0.524130;
-0.153159;0.139090;0.948451;-1.732549;-1.330777;-0.315565;
-0.101062;-0.162016;1.060351;2.366688;-0.269708;0.180618;
0.026737;0.145329;0.970592;-2.266900;1.463116;0.218786;
-0.222039;-0.021070;0.967788;2.420123;-3.124670;-0.422435;
0.123790;-0.005513;1.030054;-1.251633;3.447849;0.737870;
-0.151868;0.134925;0.955585;-0.709648;-2.651388;-0.636176;
-0.070499;-0.176575;1.105379;3.084245;0.073803;1.195886;
0.156828;0.119551;0.995401;-2.992091;2.081437;-1.269763;
-0.294544;-0.060142;1.004085;2.801802;-3.216273;0.264588;
0.071765;-0.063103;1.058384;-0.724915;2.737926;0.554664;
-0.077742;0.042882;0.966683;-0.694381;-0.880395;-0.598008;
-0.283956;-0.015897;0.958492;0.832337;-1.674288;0.592832;
0.159423;0.048148;0.996433;-0.366137;2.562353;-0.857550;
-0.109876;-0.087093;1.027942;0.908672;-1.697189;-1.201061;
-0.157107;0.117917;0.978139;-1.969190;-0.147571;1.050847;
0.118726;-0.065907;1.077824;3.610962;1.150139;-0.346099;
-0.179242;-0.018763;1.043010;-2.022625;-1.430014;0.096649;
-0.083180;0.206691;0.913777;-1.862320;0.073803;1.692069;
0.062752;-0.305224;1.169249;6.168214;0.211208;-1.346099;
-0.111321;0.123921;0.975243;-6.457739;-0.399479;-0.811748;
-0.033684;0.316183;0.898445;0.923940;0.211208;0.279855;
-0.051745;-0.415288;1.116386;4.588062;-0.643754;-1.201061;
-0.034810;0.319877;0.872552;-8.411938;0.592887;0.928710;
0.072487;0.067813;0.939759;4.839970;0.951666;1.027947;
-0.223267;-0.320787;1.091330;1.351421;-2.094136;0.058481;
-0.085647;0.313391;0.933132;-6.144763;0.379147;1.142450;
0.171012;-0.137193;1.068385;4.694932;1.318078;-1.109458;
-0.255008;-0.228465;1.001812;-0.953923;-1.094136;-1.223962;
-0.143280;0.253212;0.941730;-2.816518;-0.910930;1.081382;
0.145982;-0.192440;1.093030;4.679665;2.012734;0.470695;
-0.225632;0.051866;0.909282;-4.114228;-0.376578;-1.468237;
-0.213907;0.289269;0.852576;0.046077;-2.094136;0.371458;
0.121303;-0.400799;1.251762;5.130046;0.539452;1.722603;
-0.047381;-0.020126;0.991574;-6.518809;0.394414;-1.262130;
-0.148756;0.305704;0.890598;0.526993;-0.704823;-1.277397;
0.129064;-0.283823;1.101597;6.007909;0.966933;2.111916;
-0.105684;-0.015725;0.978258;-4.564610;-0.078869;0.875275;
-0.325107;0.345695;0.873650;-3.366137;-1.132304;-2.201061;
0.090933;-0.131350;1.103417;5.565161;0.455482;-1.445336;
0.184265;-0.231381;1.066875;-0.144763;1.699757;1.516496;
-0.360719;0.188101;0.833998;-3.595144;-2.269708;-0.498771;
-0.234660;0.087160;1.043377;2.687298;-0.544517;-1.155259;
0.251082;-0.215017;1.153822;1.038443;2.615788;0.791305;
-0.015324;-0.017488;0.877250;-2.289801;0.600521;0.623366;
-0.406078;0.180405;0.819562;0.603329;-2.720090;0.218786;
-0.041702;-0.109752;1.146756;3.733100;-0.178105;0.585199;
0.237640;-0.165097;1.095534;-2.595144;1.684490;0.142450;
-0.383373;0.288344;0.747123;-1.946290;-0.681922;-3.063656;
-0.407519;0.126952;0.941906;4.038444;-2.132304;-1.063656;
0.104403;-0.251148;1.132567;2.000276;0.966933;1.798939;
0.369890;-0.122858;1.038119;-3.610412;2.516551;1.776038;
-0.307188;0.220475;0.910661;-1.121862;-0.758258;-1.201061;
-0.544966;0.179507;1.022712;2.198749;-3.391846;-3.139992;
-0.469847;0.026989;1.085881;1.427756;-1.452914;-0.216328;
0.302362;-0.143400;0.996767;-0.053160;3.814261;2.692069;
0.496732;-0.144757;0.885046;-0.801251;3.363880;1.638634;
-0.209162;0.123891;1.017329;-1.259266;-2.155205;-0.926252;
-0.549885;0.208920;1.141158;0.359054;-4.521617;-1.720145;
-0.443517;-0.014987;1.078200;2.450657;-1.811693;-0.758313;
-0.088114;-0.040275;0.950099;1.046077;2.386780;0.951611;
0.562686;-0.154766;0.810775;-0.877587;4.730292;0.867641;
0.503541;-0.009856;0.843858;-2.579877;2.058536;-0.155259;
-0.198941;0.189972;1.060288;-0.450106;-2.758258;-1.185794;
-0.527042;0.139643;1.195232;3.351420;-4.720090;0.058481;
-0.606612;-0.077423;1.255662;3.061344;-4.094136;1.020313;
-0.417322;-0.214439;1.191548;2.007909;-0.536884;1.737870;
0.201082;-0.188004;0.843683;-0.312702;3.195940;1.401992;
0.224321;-0.156569;0.782960;-3.137129;4.066170;-1.430069;
0.062621;0.016928;0.802036;-3.236366;2.089070;-3.132359;
-0.106932;0.104483;0.874833;-2.060793;-0.117036;-3.628542;
-0.216085;0.283729;1.054183;-2.106595;-1.781159;-1.086557;
-0.158417;0.247872;1.107423;-1.022625;-1.674288;0.753137;
0.205265;0.114182;1.122898;-0.579877;-1.659021;1.974512;
0.357176;0.132107;1.019523;0.710199;-1.330777;1.699702;
0.486879;-0.068215;0.949993;2.137680;-0.590319;1.447794;
0.496319;-0.112167;0.939154;4.389588;0.363879;0.768405;
0.141930;-0.260759;1.018991;5.519360;1.875330;0.318023;
-0.404247;-0.187728;1.112264;5.946840;1.318078;0.127183;
-0.424220;-0.127336;1.135864;4.931573;0.982200;0.218786;
-0.668833;-0.016147;1.173643;4.710199;0.737925;0.279855;
-0.608570;0.056391;1.194489;4.275084;0.127238;0.066115;
-0.558483;0.009723;1.194989;4.633863;-0.712456;-0.865183;
-0.253608;-0.102984;1.185018;5.481192;-1.025433;-1.147626;
-0.238736;-0.081776;1.223531;5.771268;-0.720090;-1.590374;
-0.229352;0.049356;1.262622;6.259817;-1.178105;-0.346099;
0.082788;-0.202760;1.242135;7.267451;-1.323143;0.478328;
0.035847;-0.023864;1.238191;7.282718;-2.178105;1.485962;
0.205771;-0.292167;1.170565;7.977375;-2.452914;1.493596;
0.308486;-0.450763;1.123198;7.397222;-2.605586;1.982145;
0.293195;-0.276454;1.165464;7.336154;-2.262075;1.287489;
0.325425;-0.403756;1.156469;7.297986;-1.414747;0.737870;
0.348220;-0.171099;1.077969;6.511726;-1.017800;0.798939;
0.420035;-0.238925;1.017555;5.282718;-0.529250;0.936344;
0.296451;-0.101414;0.981026;3.748367;-1.071235;1.226420;
0.332210;-0.145696;0.969589;1.839970;-1.094136;1.333290;
-0.003199;0.009231;0.801523;-0.938656;-1.620853;1.676802;
0.005196;-0.013261;0.779259;-4.076060;-2.407113;1.287489;
-0.238375;-0.115584;0.935279;-6.327969;-3.323143;1.340924;
-0.198739;-0.098548;0.938045;-4.098961;-3.773525;0.714970;
-0.163584;-0.215731;1.237762;1.916306;-3.521617;0.875275;
-0.075553;-0.186885;1.243574;6.275084;-3.895662;1.234053;
-0.083654;0.006589;1.273741;10.068977;-4.491082;1.104282;
-0.164260;0.106103;1.183530;5.710199;-2.888029;0.905809;
-0.239338;0.206508;0.871547;-0.938656;-1.170472;0.188252;
-0.215768;0.182806;0.892570;-5.060793;3.470750;-1.330832;
0.078702;-0.078419;0.945395;-3.068427;5.982200;-1.636176;
0.178527;-0.115810;1.027076;2.465924;5.440216;-1.819382;
0.175332;-0.107014;1.039402;2.534627;1.951666;-0.857550;
0.048333;0.001647;0.912650;-3.305068;-2.643754;0.921076;
-0.336842;0.097609;0.897833;-5.763083;-7.857494;1.745504;
-0.371472;0.078283;0.928574;-2.488274;-7.124670;1.226420;
-0.088675;-0.019290;1.156436;6.465924;1.020368;-0.888084;
0.031835;-0.054922;1.170527;9.526993;8.409681;-1.384267;
0.067539;0.049259;0.805112;2.145314;9.043268;-0.468237;
0.089197;0.008203;0.671552;-9.473007;3.913498;0.073748;
0.112957;-0.048987;0.803744;-10.717281;-2.033067;1.142450;
-0.235481;-0.060116;1.202388;0.832337;-9.368945;0.898176;
-0.344515;-0.001043;1.229405;11.061344;-6.529250;-0.216328;
-0.181925;0.178486;0.889396;1.504092;6.234108;-0.544572;
0.382586;-0.154696;0.814986;-8.335602;11.707392;-0.514038;
0.252644;-0.223208;1.046739;-3.205832;0.325711;-0.139992;
-0.534753;0.052509;1.223307;6.427756;-12.117037;-0.307931;
-0.573788;0.224017;0.965551;2.152947;-6.246808;0.646267;
0.343083;-0.046109;0.873124;-3.205832;11.348612;0.844741;
0.467808;-0.216145;1.020350;-1.633312;9.463116;0.218786;
-0.414683;0.045569;1.055467;1.519359;-7.048334;-0.124725;
-0.566276;0.214687;0.944933;-1.350870;-12.521616;-0.498771;
0.231240;-0.021734;1.040033;1.229283;7.310444;0.005046;
0.330425;-0.245135;1.046859;1.717833;12.241741;-0.147626;
-0.266854;0.029782;0.860920;-3.541709;-3.445281;0.318023;
-0.350172;0.160504;1.011222;-1.160030;-11.613220;0.493595;
0.044662;-0.045692;1.039728;4.649130;1.776093;-0.216328;
0.016750;-0.050651;0.992593;-1.366137;9.493650;-0.300298;
0.128072;0.015148;1.019841;-3.068427;3.798994;0.631000;
-0.187798;-0.001874;1.067416;1.656764;-10.689556;-0.285030;
-0.318718;0.037894;0.949502;0.725466;-2.536884;-1.101824;
0.493948;-0.083247;1.031728;1.397222;15.829529;1.012679;
-0.098303;-0.080863;0.987379;-1.671480;-3.254441;0.707336;
-0.422273;0.179042;0.920893;-4.793618;-16.971998;-1.834649;
0.570414;-0.166373;1.105993;8.313252;17.119606;1.447794;
-0.335645;0.109497;0.929410;-3.228732;1.921131;1.111916;
-0.676738;0.360028;0.950010;-4.495908;-18.055967;-1.056023;
0.552431;-0.325348;1.008476;6.817070;13.867697;0.661534;
0.079703;-0.039413;0.900716;-7.541709;2.508918;0.989779;
-0.429107;0.221048;1.133593;6.160581;-16.597952;-1.262130;
0.460045;-0.224912;0.877607;-2.702014;14.837162;-1.017855;
-0.382824;0.122515;1.163337;-2.518808;-5.452914;0.989779;
0.112411;-0.116950;0.814258;6.633863;-5.888029;-0.681977;
0.480824;0.013862;0.797429;-9.465374;14.913498;1.333290;
-0.768965;-0.047620;1.263243;8.908672;-16.353678;0.234053;
0.206082;-0.084682;0.740065;-7.243999;8.455482;-1.437702;
-0.411553;-0.004836;1.237669;7.443024;1.776093;3.058481;
-0.750200;0.321005;0.714876;-7.312702;-18.307877;-3.743046;
0.640037;-0.441802;1.377759;8.954473;22.684490;3.539397;
-1.410721;0.282680;1.059960;-5.495908;-25.857494;-0.498771;
1.275969;-0.433835;1.009565;3.267451;24.798994;0.279855;
-1.250133;0.477981;0.803515;-0.587511;-20.742990;1.272221;
1.173065;-0.336021;0.950132;0.687298;19.379147;-2.620908;
-1.352640;0.396574;0.923314;-0.671480;-15.979631;1.524130;
0.892842;-0.259629;0.916552;3.038444;17.730291;-1.475870;
-1.278207;0.382696;0.953807;-2.915755;-15.643755;2.485962;
1.062116;-0.287016;0.842981;4.214016;17.127239;-0.361366;
-1.184900;0.362686;1.030694;-3.297434;-16.788792;0.882908;
0.754516;-0.164617;0.700714;-0.656213;17.913498;0.753137;
-0.847564;0.230565;1.262863;3.435390;-16.010166;-2.536939;
0.643793;0.044774;0.720211;-9.045527;15.554720;3.073748;
-0.911599;0.070657;1.450585;8.672031;-16.506350;-2.720145;
0.878118;0.179305;0.858817;-8.999725;18.592888;2.592832;
-1.325588;-0.008257;1.300463;5.381955;-22.513983;-1.865183;
0.865730;0.040370;1.101121;-2.305068;22.424950;2.249321;
0.301058;-0.034069;0.576332;0.923940;-20.025433;-2.529305;
-0.094639;0.078812;1.288819;2.908672;8.402048;4.554664;
-0.278835;-0.062230;0.946925;-3.205832;-0.109403;-3.956786;
-0.972712;0.046845;1.431111;5.641497;-13.048334;1.974512;
0.722899;-0.027097;0.713737;-6.205831;17.569986;-0.888084;
-0.756169;0.079446;1.188606;5.023176;-17.017799;-3.681977;
0.080113;0.053130;1.148542;-1.984457;10.249376;3.134817;
-0.464801;-0.026425;1.091893;0.923940;-6.307876;-2.949153;
0.057479;0.192339;1.068040;0.435390;1.890597;4.226420;
-0.425917;-0.142688;0.926425;-0.572244;-5.063601;-1.689611;
-0.362543;0.247843;1.028892;0.183482;-1.506350;0.936344;
0.030782;-0.210976;0.869094;-0.167663;5.195940;-0.910985;
-1.056478;0.188215;1.182216;0.397222;-10.842228;-3.338466;
0.841178;-0.326442;0.672279;-2.251633;18.860064;1.837107;
-1.421000;0.145676;1.293485;4.450657;-22.811693;-1.651443;
0.345442;0.239859;1.075882;-7.503541;21.547087;3.890542;
-0.628433;-0.211527;1.180187;8.183481;-18.452913;-1.498771;
-0.841001;0.337428;1.249960;-3.610412;3.318078;3.241687;
0.463302;-0.354297;0.644319;0.534627;3.844796;-2.605641;
-0.843130;0.041407;1.344049;4.794168;-11.452915;-0.376634;
0.699259;-0.054939;0.365772;-10.587511;15.745560;-0.246863;
-0.411878;-0.281981;1.192827;9.656764;-12.590319;-3.926252;
-0.214696;0.228929;1.267016;-1.274534;4.211208;2.669168;
-0.177740;-0.170585;0.621425;-3.190564;-1.262075;-1.124725;
-0.387993;0.009650;1.310659;9.618596;-6.765892;1.844741;
0.085053;-0.093292;0.646227;-8.671480;7.379147;2.104283;
-0.787412;-0.031428;0.904808;6.542260;-8.788792;-2.063656;
0.767911;0.063818;1.051283;-0.587511;11.577620;-0.025488;
-0.953780;-0.116807;0.931485;-3.266900;-13.834593;-4.246862;
-0.351616;0.135393;1.049949;3.969741;9.577620;2.050847;
-0.020098;-0.063138;1.032579;-1.434839;-7.575052;-2.849916;
-1.526803;0.046674;1.272706;1.053711;-4.773525;3.989779;
1.250205;-0.299950;0.697286;-0.587511;15.226475;0.272221;
-1.187331;0.117759;1.420853;2.152947;-22.178104;-0.132359;
1.139568;-0.067785;0.363645;-7.923389;22.142506;3.600466;
-0.170616;-0.279548;1.322097;11.007910;-16.055967;-4.430069;
-0.571281;0.373737;1.249899;-8.297434;3.821895;1.631000;
0.079703;-0.372683;0.714400;4.206382;-1.842227;-2.208694;
-0.548063;-0.006055;1.486424;3.832336;-1.964365;0.867641;
0.307585;-0.072413;0.359353;-9.679113;6.798994;1.409626;
-0.224299;0.003617;1.620079;12.488825;-10.857494;-3.414801;
0.302419;0.214965;0.939652;-8.488274;10.203573;4.104282;
-0.317450;-0.079214;0.410097;0.588062;-6.964365;-3.262130;
0.334038;0.028625;1.498739;6.603329;2.516551;0.753137;
-0.074419;-0.079849;0.657874;-8.381403;0.463116;1.203519;
0.050880;0.159802;1.285090;8.038444;-3.002533;-4.010221;
-0.277739;-0.215504;0.757346;-5.572243;4.104338;2.959244;
-0.808856;0.048529;0.869727;2.313253;-7.994899;-2.865183;
0.835417;-0.104547;0.985489;0.824703;13.302811;1.562298;
-1.295457;-0.078885;0.923563;-1.442473;-17.964365;-0.514038;
-0.165941;0.275346;1.012851;-0.030259;13.195940;3.012679;
-0.276620;-0.236105;1.115949;2.710199;-9.284975;-2.323198;
-1.342210;0.270121;1.065255;-1.266900;-7.437647;3.844740;
0.887031;-0.300596;0.795696;-0.381404;14.821896;-1.666710;
-1.143471;-0.058684;1.444966;6.908672;-18.888029;-1.307931;
0.141654;0.399125;0.763523;-12.076061;17.066170;2.783672;
-0.363582;-0.354797;1.533163;10.565161;-12.636120;-5.819382;
-0.636924;0.217213;1.247161;-0.747816;-3.170472;2.875275;
0.614620;0.080553;0.394480;-5.602778;10.394413;-0.292664;
-0.692665;-0.217055;1.654853;10.939207;-16.124670;-2.727779;
0.021418;0.225655;1.088986;-6.633313;10.806627;7.241687;
-0.095829;-0.122494;0.936613;-0.526442;-1.040701;-5.300298;
-0.392679;-0.070565;1.442039;8.038444;-9.055967;0.104282;
0.172932;0.080339;1.030892;-8.068426;12.279909;2.119550;
-0.378325;-0.076205;1.067857;4.313252;-10.262075;-4.704878;
-0.009270;0.194977;1.214505;0.969741;3.340979;4.226420;
-0.209408;-0.259275;0.796867;-2.160030;0.012734;-1.681977;
-0.337590;0.072683;0.985243;2.931573;-4.315510;0.516496;
0.262192;-0.121746;1.038367;-3.289801;5.188307;0.913443;
-0.502441;0.076924;1.010175;6.313252;-7.201006;-2.414802;
0.283329;0.451033;0.899438;-7.427206;6.134872;0.875275;
-0.614895;-0.452869;1.205660;7.259818;-7.262074;-1.972053;
-0.455804;0.351798;1.038359;-1.801251;0.737925;2.279855;
0.185165;-0.386662;0.936664;-2.366137;5.905864;0.150084;
-1.018547;-0.219987;1.388912;7.786535;-11.292608;0.516496;
0.977142;0.081695;0.532348;-9.984457;18.165407;1.615733;
-0.963249;-0.324611;1.310416;7.336154;-21.727722;-3.353733;
-0.323408;-0.002360;1.303350;-1.579877;18.592888;3.478328;
-0.248428;0.062974;0.808961;-4.419572;-10.376579;-5.101824;
-1.121789;-0.195997;1.588629;9.267451;-6.254441;3.806572;
0.706520;0.110434;0.295109;-8.442472;14.325712;-1.506405;
-1.058965;0.102771;1.632531;7.565161;-20.491081;-0.422435;
0.117758;-0.121024;0.919959;-8.129496;16.134872;3.165351;
-0.208358;0.148391;1.105408;7.053710;-10.452915;-3.056023;
0.181729;0.127320;1.188800;-5.221098;6.188307;3.569932;
-0.518603;0.016594;0.895944;2.168214;-7.147571;-3.262130;
0.688676;0.175437;1.251490;2.206382;9.127239;0.638634;
-1.045767;-0.265111;0.836963;-1.579877;-11.460548;-1.689611;
-0.049560;0.267757;1.046843;3.160581;8.356245;-0.544572;
-0.157224;-0.267391;0.944805;-3.259266;-3.437647;0.295122;
-1.205614;-0.175728;1.144656;4.511726;-5.262074;-0.147626;
1.104978;0.174222;0.657714;-5.694381;14.913498;1.150084;
-0.890004;-0.353609;1.137884;4.366688;-18.491081;-1.269763;
0.894021;0.295970;0.911249;1.137680;10.142506;1.936344;
0.616788;-0.083110;0.582016;-2.098961;-7.391846;-2.788847;
-0.546568;0.121553;1.259995;7.420123;-8.300242;2.035580;
1.533572;-0.013835;0.400434;-7.900487;19.386782;-1.269763;
-0.755088;-0.038591;1.314825;7.763634;-26.888029;-0.926252;
0.755867;0.108727;0.639178;-8.213465;22.402048;4.661534;
0.449670;-0.023446;0.743902;7.030810;-13.040701;-4.865183;
-0.329270;0.118940;1.142437;-2.625679;0.982200;5.142450;
0.406979;-0.042498;0.371624;-0.014992;4.028002;-2.987321;
-0.308515;0.107770;1.327051;4.763634;-8.666655;0.104282;
0.092510;-0.132389;0.910838;-5.953923;9.730291;1.623367;
-0.210573;0.108916;1.146995;4.068978;-9.536884;-5.216328;
0.018926;0.091379;1.180060;-2.266900;6.936399;4.340924;
-0.263265;-0.197693;1.024068;1.435390;-4.567418;-3.903351;
-0.233076;0.287905;0.991177;-1.877587;-0.269708;3.203519;
0.203485;-0.286543;0.942342;1.175848;3.852429;0.150084;
-0.406353;0.306688;0.953841;1.740734;-7.651388;-1.078924;
0.644611;0.133912;0.722500;-5.579877;12.669224;1.424893;
-1.039723;-0.120068;1.362361;5.679665;-16.033068;-4.475870;
0.448225;0.307581;0.760661;-5.976823;14.867697;4.157718;
-0.923012;-0.107225;1.419844;4.152947;-11.987265;-3.552206;
-0.229665;0.066620;1.295611;0.656764;4.035635;3.623366;
1.061876;-0.136638;0.288577;-2.030259;-2.483449;-1.590374;
-0.735994;0.112208;1.531327;5.481192;-6.460548;1.508863;
0.932559;-0.132050;0.487964;-4.709648;7.440216;-1.002588;
-0.728567;0.175910;1.317336;8.534626;-12.674288;0.646267;
0.551266;0.093063;0.846097;-9.190565;13.867697;0.501229;
-0.664532;-0.085502;1.293415;7.748367;-13.865128;-2.506404;
0.479760;0.117358;1.070885;-3.511175;14.821896;2.547031;
-0.844749;0.045690;0.989734;-0.259266;-15.513983;-3.414801;
0.324420;-0.168378;1.327918;6.320886;11.264643;4.417260;
-0.827731;0.105532;0.858902;-7.121862;-8.071236;-2.223962;
-0.344769;0.092803;1.166618;4.000276;-0.445281;1.631000;
-0.019071;-0.063539;0.935935;0.786535;3.661590;-2.315565;
-1.206932;0.304052;1.232269;-1.618045;-10.330776;0.195886;
0.827748;-0.141753;0.782933;-0.091328;17.096704;1.936344;
-0.912543;0.198787;1.220108;4.359054;-16.529251;-1.598008;
0.239695;0.340182;0.981050;-9.839418;13.623421;3.165351;
-0.649976;-0.293241;1.317196;11.000275;-12.284975;-2.483504;
0.057852;0.463942;1.053283;-6.625679;8.432581;0.631000;
-0.578947;-0.381088;1.076322;2.824703;-8.353678;-1.750679;
-0.646961;0.079832;1.370502;6.801802;0.669223;1.791305;
0.222387;-0.046635;0.495029;-8.579878;-0.498716;-1.666710;
-1.340975;-0.225316;1.515523;11.473558;-16.048334;0.737870;
0.817625;0.047357;1.053651;-7.770717;23.318079;0.890542;
-1.102609;0.035772;1.235600;3.908672;-24.376577;-2.628542;
-0.367881;-0.040575;1.347604;0.046077;16.661591;4.447794;
0.047998;0.096486;0.834189;-0.541709;-6.804060;-4.636176;
-0.704892;0.041472;1.483326;1.427756;-2.155205;4.066114;
0.110006;-0.038512;0.602822;-0.862320;4.554719;-1.972053;
-0.091130;0.194007;1.264259;1.679665;-2.033067;0.157718;
-0.461572;-0.221619;0.664185;-3.770717;-3.201006;0.760771;
-0.571607;0.366028;0.935497;2.893405;1.921131;0.180618;
0.132170;-0.307915;0.806699;-2.068427;-6.338410;-0.628542;
-1.382642;0.159869;0.998700;0.916306;-3.178105;0.730237;
1.157410;-0.297236;0.851001;-0.839419;11.852428;-2.452970;
-1.210252;-0.186756;1.265756;4.504092;-19.849861;-0.849916;
1.182926;0.143324;0.615337;-8.854687;20.211208;1.585199;
-0.233592;-0.385125;1.248554;10.046078;-17.804060;-2.926252;
-0.951331;0.145282;1.141155;-5.473007;6.249376;5.073748;
0.526221;-0.108067;0.614422;1.320886;0.157773;-2.933885;
-0.261295;0.036902;1.210728;4.053710;-3.536884;2.860008;
0.927192;0.012725;0.232754;-7.160030;8.600521;-2.010221;
-0.623805;-0.020964;1.514846;7.320886;-8.376578;0.798939;
0.897112;-0.168531;0.394048;-7.266901;11.249376;-0.796481;
-0.718980;0.170780;1.450840;7.290352;-15.178104;0.333290;
0.440839;-0.027544;0.810122;-8.404305;13.455482;2.165351;
-0.422983;0.016325;1.170158;6.542260;-11.720091;-2.407168;
0.387905;0.147922;1.134100;-2.992091;10.096704;2.730237;
-0.302461;-0.143843;0.776640;-1.915755;-9.666655;-3.391901;
0.469849;0.037674;1.223377;6.267451;6.806628;2.424893;
-0.899002;-0.042890;0.862544;-5.656213;-8.781158;-2.949153;
-0.151305;0.119187;1.092860;3.389588;0.180673;1.020313;
1.123734;-0.150374;0.806776;-0.900488;3.402048;-0.865183;
-1.236051;0.120227;1.275785;0.465924;-12.033068;0.089015;
1.124498;-0.050069;0.610293;-0.503541;18.241743;2.142450;
-1.385463;0.192448;1.327787;4.114779;-22.842226;-2.391901;
0.162871;0.205374;1.077980;-8.434839;18.875330;3.936344;
-0.415725;-0.172422;1.290538;10.259817;-13.674288;-4.536939;
-0.507512;0.401645;1.281254;-3.923388;-1.330777;0.707336;
-0.026912;-0.353640;0.792286;-1.366137;5.081437;-0.498771;
-0.565160;0.121730;1.315007;7.297986;-8.391846;0.493595;
0.531319;0.248989;0.820208;-11.366137;11.768459;2.310389;
-0.666850;-0.254606;1.379064;11.091879;-14.559784;-3.025488;
0.330346;0.222310;1.270321;0.229283;10.257010;2.508863;
-0.663334;-0.141951;0.747299;-2.366137;-10.078869;-3.010221;
-0.136849;-0.124978;1.482141;11.962107;-1.269708;0.806573;
0.788433;0.146043;0.903108;-10.572243;8.501284;0.791305;
-0.851863;-0.025449;1.089275;6.191115;-11.246807;-0.941519;
0.883192;-0.083993;1.255676;2.152947;15.180674;1.440160;
-1.237973;0.038330;0.879999;-4.419572;-16.689556;-2.078924;
0.048559;0.102792;1.088751;4.542260;10.035635;2.798939;
-0.485013;-0.058788;1.069991;-0.205831;-7.025434;-3.643809;
-1.064692;0.243974;1.066952;-2.747816;-7.559784;3.256954;
0.990025;-0.147512;0.608149;1.168214;13.516552;-0.765947;
-0.951166;0.159458;1.328266;2.878138;-14.888029;-1.139992;
0.652981;0.111369;0.749392;-6.923389;15.096704;3.905809;
-0.996722;-0.024214;1.422767;8.526993;-16.498716;-2.933885;
0.819071;0.268649;0.919502;-7.732549;19.699759;2.844741;
-1.241161;-0.199781;1.282259;4.191115;-20.529249;-2.361366;
0.106088;0.169329;1.293392;4.160581;11.562353;1.638634;
-0.496037;-0.096946;0.651563;-6.686747;-5.017800;-2.262130;
-0.868722;-0.089553;1.571802;11.336153;-9.575052;0.241687;
0.865973;0.091163;0.973313;-8.495907;18.440216;1.073748;
-1.007733;0.041367;1.030118;2.259818;-18.139936;-2.117092;
0.144972;-0.010885;1.492027;4.404856;11.493650;2.241687;
-0.438644;0.022420;0.648366;-5.152396;-7.796426;-2.201061;
-0.685408;0.155524;1.190971;4.733100;-1.391846;2.921076;
0.241539;-0.261628;0.882876;-1.763083;4.409681;-2.559840;
-0.822509;0.189631;0.969501;-0.320335;-9.742990;1.264588;
0.486802;-0.193852;0.901913;0.282718;10.615788;0.211153;
-0.989001;0.031831;1.308284;-0.014992;-12.430014;-2.086557;
0.756568;-0.269198;0.757583;-1.694381;15.928766;3.898176;
-1.333002;0.043532;1.245761;3.000276;-20.246807;-2.796481;
0.575062;0.231634;1.053370;-5.389038;23.753193;3.035580;
-1.015214;-0.120478;1.224973;5.794168;-23.040701;-2.407168;
-0.634691;0.233143;1.360902;-1.801251;9.623421;2.325657;
0.301677;-0.313388;0.739044;0.267451;-0.483449;-2.605641;
-1.209561;0.035672;1.455985;4.992642;-11.048334;0.310389;
1.019072;-0.129584;0.347990;-8.640945;18.478384;0.081382;
-0.399538;-0.139017;1.060229;8.473558;-18.544518;-3.185794;
0.284970;0.118631;1.032524;-3.969190;8.852428;3.379092;
0.243598;-0.237432;0.543281;2.175848;-3.055968;-2.078924;
-0.082608;0.240140;1.302957;2.465924;-1.842227;1.989779;
0.159983;-0.123321;0.742992;-4.419572;1.715024;-1.231595;
-0.082469;0.034491;1.129812;5.588062;-3.025434;1.776038;
0.690285;-0.128894;0.855943;-5.839419;4.615788;-1.033122;
-0.537535;0.056459;1.205956;3.855237;-7.139937;0.974512;
1.063642;-0.374653;0.774210;-0.595144;9.432581;-0.216328;
-0.946052;0.351007;1.174454;-0.343236;-13.094135;-0.880450;
0.741670;-0.177112;0.927216;-2.312702;15.592888;2.623367;
-0.811328;0.240718;1.132163;5.824703;-13.399479;-3.498771;
0.229432;0.380225;1.013024;-9.396671;8.776093;1.905809;
-0.559625;-0.346415;1.231438;9.015543;-6.918563;-1.605641;
-0.200932;0.456194;1.096107;-4.427206;2.447849;1.043214;
-0.025463;-0.444827;0.860063;-1.450106;3.402048;0.409626;
-0.615029;-0.041195;1.421342;9.015543;-9.025434;-2.017855;
0.501375;-0.034265;0.447775;-12.854687;13.592888;2.379092;
-0.653055;-0.337474;1.259047;8.114779;-13.361311;-3.727779;
0.033381;0.135593;1.353905;0.786535;10.073803;2.340924;
-0.523417;-0.084250;0.720535;-4.556976;-10.178104;-2.346099;
-0.649920;-0.089470;1.419815;11.214016;-5.193373;2.692069;
1.236008;-0.048657;0.715020;-9.480640;14.569986;-0.941519;
-1.285946;-0.000191;1.497724;5.870504;-20.330776;0.539397;
0.517201;-0.134987;0.845942;-3.679114;19.844795;3.547030;
-0.547581;0.202975;1.208378;3.397222;-13.055967;-4.590374;
0.028349;0.020846;1.198932;-3.511175;5.089070;3.638634;
-0.312014;0.025567;1.010810;2.588062;-3.590319;-3.010221;
0.251168;0.356224;1.109792;-1.480641;2.073803;1.096649;
-0.447007;-0.297073;0.903929;1.526993;-2.720090;-1.208695;
-0.209102;0.223619;1.151636;0.030810;-0.590319;-1.842282;
0.131732;-0.329404;0.864661;-2.625679;5.211208;2.829473;
-0.647008;-0.262824;1.310767;7.068978;-9.475815;-4.223962;
0.490223;0.225286;0.686597;-7.808885;9.363880;4.043214;
0.015225;-0.318683;0.865811;6.588062;-8.552151;-3.567473;
-0.032208;0.320846;1.081772;-1.350870;2.356246;1.539397;
0.598402;-0.118759;0.417407;-3.305068;2.821895;-0.445336;
-0.569822;0.077996;1.501206;7.320886;-7.811693;-0.101824;
1.099260;-0.109749;0.684334;-8.396671;11.669224;0.875275;
-1.096031;0.042979;1.488288;8.702566;-16.620853;1.066115;
0.903700;0.046474;0.859536;-7.770717;20.699759;1.142450;
-0.993712;0.042848;1.311578;7.023176;-20.292608;-1.651443;
0.142848;0.136609;1.158939;-5.984457;15.302811;2.371458;
-0.476357;-0.059673;1.113961;2.267451;-10.483448;-4.529305;
-0.057776;0.087223;1.185908;2.595695;1.875330;3.325657;
-0.394359;0.006914;0.736198;-4.312702;-3.055968;-3.147626;
-0.215296;0.078424;1.247930;4.969741;-1.567418;1.936344;
-0.101136;-0.173244;0.847353;-2.450106;4.554719;1.211153;
-0.859399;0.068872;1.128330;1.778901;-8.582685;-2.720145;
0.764881;-0.094014;0.843881;-0.931022;13.295177;1.730237;
-1.089900;-0.099122;1.268086;2.259818;-18.010166;-4.582740;
-0.233632;0.174976;1.144217;-3.160030;15.081438;3.508862;
-0.247236;-0.142317;0.984661;4.030810;-9.414746;-2.758313;
-1.144657;0.208836;1.393637;-0.679114;-2.750624;2.356191;
0.686920;-0.359428;0.529166;-1.595144;10.615788;0.463061;
-0.987119;0.173504;1.373454;6.549894;-16.155205;-0.437702;
0.738584;-0.157935;0.556732;-10.885221;17.486017;1.142450;
-1.051535;-0.227964;1.495876;9.824703;-19.529249;-1.743046;
0.691502;0.191113;0.897421;-5.778350;21.623423;2.714970;
-1.218517;-0.102495;1.384370;1.786535;-22.391846;-4.330832;
-0.015024;-0.093899;1.273663;4.870504;11.867697;4.829473;
0.937517;0.018082;0.344403;-6.098961;-0.842227;-3.636175;
-0.937967;-0.165723;1.639021;8.130047;-9.956732;2.615733;
0.835443;-0.091214;0.810699;-5.892854;17.279911;1.027947;
-0.995256;0.218241;1.080100;0.023176;-19.269709;-4.613275;
-0.020800;-0.097417;1.213087;3.206382;12.852428;3.631000;
-0.342861;0.229465;0.895538;-2.091328;-6.277342;-5.193428;
-0.601241;0.202691;1.194136;-1.106595;-2.712456;2.913443;
-0.028495;-0.162247;0.871164;3.664398;3.669223;-0.201061;
-0.073062;0.429540;1.052991;-3.999724;-0.391846;0.661534;
-0.594804;-0.398766;0.934266;2.458291;-2.796426;1.760771;
-0.561339;0.295942;0.982868;0.023176;2.676857;1.539397;
0.053259;-0.200989;1.066755;-0.098961;-2.521617;-3.765946;
-1.716020;0.019288;1.321312;2.412489;-10.933830;2.783672;
1.193241;-0.188042;0.583419;-4.053160;19.257010;-3.185794;
-1.193326;-0.071483;1.709779;9.481192;-23.353678;-2.155260;
0.204312;0.187557;0.843320;-12.900488;18.638689;4.661534;
-0.684619;-0.092993;1.479986;9.572794;-16.055967;-3.567473;
0.362421;0.085332;1.198882;-1.618045;13.745560;4.959244;
-0.879085;0.037819;1.010491;-3.014992;-12.559784;-1.506405;
0.124830;0.029091;1.473853;8.404856;4.394414;0.783672;
-0.453809;0.038555;0.540711;-6.549343;-3.513983;-3.979687;
-0.719927;0.038145;1.349570;6.130046;-5.842227;1.027947;
0.217582;-0.089906;0.704974;-5.289801;10.837162;-1.827015;
-0.711351;0.170260;1.153800;3.641497;-13.170471;1.821840;
0.344969;-0.033905;1.061669;-1.953923;12.516552;3.432527;
-0.547841;0.060140;1.069601;1.336153;-10.674288;-2.452970;
0.179239;0.269578;0.976586;-1.915755;7.104337;3.081382;
-0.510621;-0.190004;1.074525;1.985008;-6.613220;-4.773580;
-0.326093;0.273244;0.990316;-2.702014;2.035635;1.256954;
0.056262;-0.343465;1.011818;1.885772;0.653956;-2.056023;
-1.059034;-0.021129;1.317772;0.908672;-4.605586;0.165351;
0.979708;-0.046943;0.527501;-4.732549;14.310446;2.608099;
-1.003628;-0.149077;1.415976;6.420123;-20.277342;-2.239229;
1.091894;0.088497;0.566556;-6.518809;20.882963;5.447794;
-0.102870;-0.077914;0.781708;4.229283;-17.468182;-3.407168;
0.215721;0.156218;1.095592;1.198749;2.379147;1.882909;
0.713683;-0.242674;0.361986;0.374321;-0.284975;-3.903351;
-0.435555;0.162075;1.473204;0.786535;-1.330777;0.776038;
0.480538;-0.179782;0.562529;-2.060793;3.768460;-0.697244;
-0.297952;0.161307;1.247490;6.023176;-5.124670;2.707336;
0.475009;-0.023817;0.794593;-9.129496;7.249376;0.531763;
-0.465948;-0.011779;1.311294;9.832336;-9.033068;-0.384267;
0.748890;0.078186;1.049762;-5.892854;12.524185;1.172985;
-0.963798;0.070373;0.947165;0.710199;-14.338411;-3.903351;
0.642592;-0.057032;1.196195;4.023176;15.234110;1.547031;
-1.076394;0.066162;0.971143;-4.335602;-15.475815;-3.460603;
-0.246024;0.173263;1.066989;1.183482;7.058536;3.241687;
-0.115272;-0.105276;1.011552;2.862871;-6.430014;-2.430068;
-1.221243;0.247678;1.275008;-2.144763;-9.086502;2.478328;
0.824184;-0.421991;0.706497;-0.014992;15.173040;0.547031;
-1.004515;0.207353;1.358147;4.694932;-17.704823;-2.094191;
0.502842;0.256946;1.010052;-10.518808;16.760826;2.241687;
-0.984493;-0.169190;1.317530;10.244551;-17.513983;-2.666710;
0.546468;0.349957;0.985212;-5.022625;16.966934;2.272221;
-1.144256;-0.250674;1.265630;2.328520;-19.407112;-2.529305;
-0.210282;0.042990;1.298093;5.839970;8.333345;3.623366;
-0.220511;0.017472;0.658572;-7.892854;-1.949098;-3.025488;
-1.154072;-0.214123;1.607505;10.687298;-13.422380;1.249321;
0.830671;0.104303;0.944652;-5.724915;21.638689;1.867641;
-1.082759;-0.006262;1.127205;0.359054;-20.208639;-3.941519;
-0.223079;-0.079517;1.440167;6.320886;7.173040;2.989779;
-0.094903;0.036041;0.724161;-5.014992;-1.124670;-3.819382;
-1.015144;0.063617;1.274419;3.969741;-10.742990;2.485962;
0.546483;-0.220541;0.780850;-1.931022;13.989834;-0.269763;
-0.598720;0.254160;1.091984;1.198749;-13.643755;-1.468237;
0.391251;-0.088982;0.996620;-1.770717;11.363880;4.325656;
-0.663714;0.269072;1.124460;0.801802;-11.262075;-3.384267;
1.004528;-0.020120;1.139538;0.267451;16.363880;1.340924;
-1.551844;0.106625;1.076864;0.114779;-22.559784;-1.849916;
0.960900;0.168503;0.874858;-3.427206;24.173040;1.043214;
-1.337728;-0.095970;1.471951;7.443024;-20.933830;-2.078924;
-0.072070;0.368693;0.994401;-6.457739;8.493650;5.371458;
0.842097;-0.155332;0.548864;6.969741;-4.773525;-3.292664;
-0.661003;0.240498;1.164632;-1.686748;-1.491082;3.615733;
0.813374;0.112705;0.332137;-6.625679;10.783728;-1.223962;
-0.815242;-0.108580;1.653978;10.824703;-16.231541;-4.285030;
0.441705;0.116452;0.761300;-9.457739;17.142506;3.592832;
-0.738175;0.026823;1.449714;4.946840;-16.231541;-5.262130;
0.311019;-0.042712;1.276441;-0.473007;12.737925;3.615733;
-0.007092;-0.130958;0.503624;-0.167663;-10.017799;-1.071290;
0.165797;0.011838;1.406605;2.542260;2.837162;3.821840;
0.044729;-0.189167;0.809053;-0.625679;-5.727724;-1.033122;
0.208034;0.135289;0.935526;0.275085;4.203574;1.982145;
-0.773919;0.018440;1.040648;-2.564610;-8.651388;-3.590374;
0.073467;0.045172;1.151608;2.412489;6.134872;1.600466;
-0.669455;0.041547;0.978858;0.206382;-10.246807;-3.483504;
-0.547314;0.291108;1.247235;-2.266900;2.402048;0.554664;
0.082015;-0.423355;0.929133;3.061344;1.600521;-0.796481;
-0.965144;0.335165;1.179849;-1.427205;-7.483449;0.783672;
0.512589;-0.381807;0.737172;-1.931022;9.798994;1.424893;
-1.094575;-0.163384;1.283329;7.007909;-13.017799;0.638634;
1.037472;0.026505;0.640949;-9.022625;18.310446;1.684435;
-1.179364;-0.324492;1.470013;7.618596;-22.880394;-2.269763;
-0.116687;0.021547;1.108068;-3.450106;23.173040;3.516496;
-0.474189;0.051385;1.101748;1.465924;-19.491081;-5.193428;
-1.070988;-0.211528;1.620922;4.221650;6.493651;5.440160;
0.696271;0.034476;0.381817;-4.358503;2.356246;-3.926252;
-1.140342;-0.005048;1.595956;7.068978;-13.735357;2.562298;
0.958591;-0.125808;0.495669;-5.793618;21.050903;3.050847;
-0.209432;0.200667;0.737987;0.985008;-19.201006;-5.468236;
0.319266;-0.133226;1.081131;2.893405;8.921131;3.226420;
0.525254;-0.086067;0.786323;-1.656213;-4.216273;-6.201061;
-0.409430;-0.079207;1.287384;-0.152396;-2.315510;3.279855;
0.317119;-0.350981;0.629200;1.603329;7.661589;0.760771;
0.093451;0.361130;1.111719;-3.366137;-1.399479;0.638634;
0.126369;-0.381281;0.923820;3.168214;-2.567418;2.714970;
0.123291;0.379106;1.031328;-0.854686;6.577620;0.860008;
-0.785209;-0.179500;1.089954;0.374321;-8.483448;-2.437702;
-0.995749;0.158765;1.126702;0.588062;-1.391846;2.959244;
0.433820;-0.242616;1.121392;0.656764;6.776093;-5.239229;
-1.352690;0.060641;1.428985;1.130046;-13.216272;1.554664;
0.726559;-0.158897;0.455283;-3.243999;15.134872;0.249321;
-0.939212;0.056283;1.553542;5.084245;-14.720091;-0.956786;
0.814232;0.075614;0.857934;-7.434839;15.791361;3.692069;
-1.179129;-0.025055;1.394198;8.557528;-19.223906;-0.559840;
0.749559;0.187089;1.020209;-5.892854;21.699759;1.279855;
-1.098238;-0.007276;1.118353;4.229283;-21.376577;-3.376633;
-0.208394;0.044602;1.128784;-1.694381;11.058537;2.195886;
-0.275178;-0.069795;1.152121;0.664398;-5.048334;-4.430069;
-0.413150;0.014591;1.314108;2.885772;-2.544518;3.821840;
-0.018911;0.036373;0.656097;-3.854686;6.180673;-0.094191;
-0.336191;0.057356;1.422207;5.725466;-9.002533;-0.781214;
0.030454;-0.190139;0.744876;-4.427206;9.486017;3.890542;
-0.654953;0.095633;1.027310;1.756001;-9.590319;-5.094191;
0.561327;-0.110998;0.901201;-0.053160;10.531818;2.585199;
-0.714234;-0.115562;1.051726;0.229283;-11.758259;-5.391901;
-0.390123;0.202019;1.158951;-1.854686;7.211208;1.860008;
0.078948;-0.262293;0.913285;2.771268;-2.048334;-0.819382;
-1.309421;0.158542;1.391790;0.839970;-5.979632;2.073748;
1.002714;-0.342388;0.464731;-1.610412;10.715025;2.562298;
-1.117139;0.038952;1.398913;5.076612;-16.903296;0.119550;
1.016932;-0.061749;0.494431;-8.984457;20.501284;1.867641;
-0.321096;-0.331749;1.104930;11.007910;-17.949097;-4.162893;
0.445008;0.263044;0.998398;-8.411938;10.844795;0.608099;
-0.034341;-0.267790;0.776733;3.420123;-7.460548;-3.117091;
0.157711;0.280431;1.108040;5.297985;-0.201006;3.287489;
0.389897;0.009302;0.423979;-7.969190;0.577620;-1.376634;
-0.227910;-0.087471;1.417120;10.817070;-4.636121;2.432527;
0.834958;0.068376;0.773966;-9.801250;12.730291;-0.025488;
-0.876885;-0.075822;1.348058;5.015543;-17.124670;-1.918618;
0.994718;-0.191163;0.835470;1.702566;20.035635;2.852374;
-0.372133;0.265286;0.766192;-2.488274;-19.094135;-3.857550;
0.505123;-0.210273;1.012431;1.000275;11.569986;4.005046;
-0.145401;-0.237740;0.863850;2.672031;-6.750624;-1.750679;
0.447337;0.141226;1.232674;-4.663846;5.730292;2.081382;
-0.482263;-0.411413;0.958985;4.633863;-11.117037;-0.315565;
0.882160;0.385538;0.886649;-1.106595;10.111971;1.653901;
0.107615;-0.243451;0.952334;-0.961557;-8.521616;-2.361366;
0.267582;0.208692;1.070116;4.030810;-0.559785;1.195886;
1.258893;-0.027522;0.490215;-4.060793;0.279910;-4.346099;
-0.877025;0.008338;1.228763;6.236917;-13.078869;2.241687;
1.774847;-0.108234;0.420091;-5.915755;20.104338;-2.506404;
-1.352225;0.081769;1.485245;6.099512;-27.109402;2.585199;
1.450174;-0.073949;0.424832;-6.953923;27.142506;1.310389;
-0.689768;0.078872;1.406414;6.496459;-27.071234;-0.506405;
0.905733;-0.025723;0.457583;-7.770717;24.356247;2.287489;
-0.272066;0.056388;1.342220;8.572794;-19.872761;-5.231596;
0.344035;-0.056279;0.567516;-8.854687;15.134872;1.837107;
-0.218553;0.113222;1.320546;6.389588;-12.910929;-4.033122;
0.107310;-0.105148;1.004912;-5.526442;9.417315;4.821840;
-0.122945;0.192749;1.218767;4.381955;-8.239174;-3.277397;
0.281303;-0.180338;0.934022;-2.121862;6.913497;3.295122;
-0.093099;0.256308;1.105796;-0.434839;-4.720090;-2.956786;
0.367870;-0.254969;0.914285;-0.511175;-1.979632;-0.078924;
0.570735;-0.053668;1.172373;1.603329;11.173040;0.623366;
-0.467024;0.019667;0.829435;-2.648580;-24.155205;-1.720145;
1.234664;-0.307657;1.037995;1.000275;25.966934;3.493596;
-1.175726;0.211974;1.092152;1.359054;-25.010166;0.768405;
0.719732;-0.181347;0.813378;-1.702014;18.676857;-0.277397;
-0.792374;0.074611;1.122676;-0.885221;-11.330776;0.478328;
0.823930;-0.151131;0.711685;1.878138;3.318078;-2.605641;
0.104760;-0.092026;1.066392;-3.007358;11.180674;1.661534;
-0.032684;0.092706;0.759992;2.007909;-19.071234;-3.307931;
1.033637;-0.290117;0.891305;-3.579877;25.661591;2.318023;
-0.884511;0.293168;1.003087;4.297986;-26.025433;0.142450;
1.098401;-0.260004;0.662159;-5.679114;22.218842;1.447794;
-1.019992;0.205666;1.293016;5.733100;-19.659021;0.768405;
0.601468;-0.119548;0.671988;-6.091327;14.554720;-2.170527;
-0.714172;0.012525;1.322074;3.893405;-9.017799;0.050847;
-0.046385;0.081037;0.904563;-0.969190;1.798994;-2.903351;
-0.143254;-0.042888;1.086171;-1.343236;5.111971;1.821840;
-0.219022;-0.088466;0.857208;5.595695;-9.597952;0.119550;
0.318092;-0.005395;0.907170;-6.427206;11.012735;1.050847;
-0.619990;0.032395;1.218923;4.542260;-7.262074;1.096649;
-0.272682;-0.059550;0.871671;-1.747816;-3.773525;-2.155260;
0.243073;0.048773;1.023152;1.366688;12.890596;2.653901;
-1.283450;0.206162;0.957287;-4.381404;-25.384212;-2.452970;
1.170580;-0.397213;1.032584;7.786535;22.150139;0.096649;
-0.369456;-0.045102;1.032718;-4.190564;-5.239174;1.860008;
-0.075359;0.247429;0.996884;1.488825;-12.865128;-2.987321;
0.172362;-0.194018;0.883935;0.862871;18.211208;2.058481;
-0.063190;0.083299;1.042220;-7.259266;-1.201006;0.943977;
-0.647783;0.093635;1.223729;9.809436;-15.903296;0.501229;
0.495366;0.004680;0.783728;-5.419572;12.478384;-0.857550;
-0.223992;-0.074809;1.137623;2.526993;12.997467;1.692069;
-1.229198;0.256183;0.919475;-3.625679;-26.880394;-1.193427;
0.887640;-0.220002;1.054459;2.336153;16.814262;-1.865183;
0.393101;-0.329725;1.056000;3.221650;10.348612;2.562298;
-0.743222;0.183571;0.918555;-6.289801;-19.483448;-0.391901;
0.426382;-0.157549;1.156419;5.771268;5.913498;-1.170527;
0.194707;-0.148072;0.935516;1.336153;11.783728;1.653901;
-0.356153;0.066408;0.919154;-6.908122;-5.208640;0.936344;
-0.141694;0.135649;1.074600;2.496459;-7.483449;-1.735412;
0.013902;-0.034784;0.994227;6.374321;3.905864;-0.307931;
-0.048097;-0.007751;0.810133;-4.961556;7.447849;0.699702;
0.150455;-0.076229;1.016230;-5.427206;2.234108;0.371458;
-0.102136;-0.046205;1.202474;4.923940;-9.017799;0.493595;
-0.507454;0.155514;0.919599;3.290352;-9.055967;0.959244;
-0.218887;0.111269;0.856771;-1.747816;6.394413;0.157718;
0.518591;-0.155187;1.048529;-1.785984;15.081438;-0.170527;
0.352961;-0.197237;1.092739;0.824703;2.142506;0.043214;
-0.482870;0.177429;0.862928;-2.457740;-12.239174;0.569931;
-0.589252;0.235012;0.884971;-2.389038;-11.430014;0.455428;
-0.109864;-0.058195;1.113164;3.519360;5.539452;0.050847;
0.193246;-0.028393;1.110641;5.076612;13.463116;-0.827015;
0.289756;-0.168358;1.023334;-0.007358;6.539452;-0.475870;
0.159331;0.021699;0.900047;-6.007358;-4.964365;0.264588;
-0.473620;0.135839;0.925227;-4.450106;-11.185740;1.470695;
-0.285584;0.010338;1.047509;0.633863;-6.048334;0.997412;
-0.117726;0.039363;1.087623;1.954474;3.058536;-0.048389;
-0.018000;-0.067575;1.057765;0.450657;8.173040;-0.758313;
0.219806;-0.156455;0.963654;0.259817;5.890597;-1.681977;
0.225968;-0.177934;0.930931;1.068978;1.653956;-0.949153;
-0.078029;-0.077044;1.051341;2.320886;-4.376578;0.020313;
-0.133381;-0.063519;1.130641;3.694932;-5.834594;0.905809;
-0.279588;0.150500;1.110561;4.549894;-3.368945;0.096649;
-0.149022;0.112519;1.153431;1.740734;2.745559;-1.636176;
0.121488;0.085902;0.988633;2.320886;8.898232;-2.628542;
0.212947;0.041423;0.959863;0.038443;9.798994;-1.895718;
0.033569;0.015741;0.890250;-2.618045;4.127238;-0.796481;
-0.017976;-0.000699;0.926140;-3.724916;-3.506350;0.081382;
-0.322152;0.134106;0.993322;0.404856;-7.338410;0.837107;
-0.304408;0.215684;1.034399;3.519360;-3.651388;-0.254496;
-0.137526;0.204650;0.957952;2.633863;4.623422;-2.071290;
0.068631;0.087289;0.996953;1.702566;10.531818;-2.025488;
0.238884;-0.000213;0.864080;-3.694381;10.615788;-1.071290;
0.202849;-0.051460;0.922868;-7.381403;-0.040701;-0.666710;
-0.270212;0.027707;1.024049;-1.213465;-8.765892;-0.117092;
-0.356164;0.095741;1.054956;4.435390;-6.086502;-0.025488;
-0.381237;0.220545;1.037150;5.068978;0.424948;-1.521672;
-0.161293;0.153503;1.006819;1.733100;9.096704;-1.849916;
0.313038;-0.031921;0.944458;-2.969190;11.264643;-2.010221;
0.372058;-0.063716;0.823160;-5.282167;4.188307;-2.071290;
-0.014014;-0.082842;0.932651;-3.839419;-4.521617;-1.552206;
-0.402950;0.087087;1.042652;2.305619;-7.452914;-0.834649;
-0.399992;0.084607;1.049316;4.038444;-4.139937;-0.155259;
-0.125237;0.081461;0.983300;1.809436;0.638689;-1.445336;
0.108084;0.060486;0.997150;-0.098961;5.806628;-1.124725;
0.320726;0.028560;0.780340;-2.137129;6.631055;-0.972053;
0.296091;0.005686;0.822763;-3.228732;3.821895;-0.659076;
0.172143;-0.028422;0.924375;-2.511175;0.318078;0.272221;
0.103933;-0.042222;0.966602;-0.526442;-3.178105;2.027947;
-0.106540;0.090431;1.032765;0.420123;-7.246808;1.974512;
-0.290557;0.042007;1.105161;2.381955;-7.659021;1.737870;
-0.405992;-0.012380;1.163136;4.817069;-2.529250;0.928710;
-0.270158;0.026610;1.142547;5.122413;1.486017;-0.689611;
-0.378927;0.026545;1.115482;2.504092;3.180674;-1.636176;
-0.111853;-0.063686;1.029810;0.084245;7.669223;-0.124725;
-0.069195;-0.088975;0.940019;-1.732549;6.127239;0.226420;
0.052447;-0.166733;0.926135;-4.953923;3.539452;0.722603;
0.067623;-0.127402;0.866319;-6.129495;-2.544518;0.081382;
-0.194110;-0.124229;0.983447;-2.824152;-7.323143;-0.994954;
-0.466510;0.069142;1.032423;1.962108;-5.811693;-1.185794;
-0.328573;0.216721;1.032631;2.756001;-2.590319;-1.422435;
-0.130330;0.243355;0.893827;1.839970;3.264643;-1.063656;
-0.013442;0.255669;0.990018;1.504092;6.203574;0.737870;
0.381055;0.110497;0.897589;0.007909;7.409681;0.249321;
0.262987;0.042238;0.975988;-1.503541;5.882964;-0.346099;
0.011920;-0.089860;1.044380;-2.625679;4.188307;-1.361366;
0.051006;-0.262201;0.928600;-4.068427;2.081437;-2.162893;
0.103123;-0.257933;0.878002;-3.694381;0.905864;-1.117092;
0.042402;-0.174045;0.817576;-4.732549;0.814261;-0.346099;
0.300674;-0.069155;0.826658;-2.763083;-1.109403;1.600466;
0.113508;-0.046694;0.935064;1.801802;-3.048334;2.905809;
-0.123631;-0.124062;1.142617;1.962108;-4.811693;2.104283;
-0.325402;-0.200089;1.271245;3.946840;-5.498716;0.302756;
-0.166697;-0.142744;1.123928;4.099512;-3.834594;0.127183;
-0.134672;0.055485;1.014156;1.519359;-3.094136;1.172985;
-0.033319;0.138668;1.075539;2.328520;-3.269708;2.279855;
-0.089117;0.013120;1.148802;4.595695;-4.078869;1.814206;
-0.233500;-0.160195;1.146455;4.343787;-5.651388;1.837107;
-0.179942;-0.001031;1.099032;1.908672;-4.468182;-0.017855;
-0.116255;0.138766;1.048585;1.427756;-2.414747;1.119550;
0.047579;0.045267;1.139860;1.542260;-3.643754;0.768405;
-0.066434;-0.257100;1.194291;3.725466;-5.559785;0.569931;
-0.005679;-0.110402;1.101080;2.610962;-2.964365;0.203519;
0.277656;-0.107987;0.970978;0.519359;-2.758258;1.264588;
0.271347;-0.125313;1.078304;1.618596;-3.277342;2.409626;
0.245120;-0.381772;1.131879;3.236917;-4.071235;1.111916;
0.303040;-0.256238;1.046752;-0.686747;-2.849861;0.707336;
0.430256;-0.198045;0.933731;-0.289801;-0.979632;1.440160;
0.356992;-0.325355;1.038267;1.778901;-1.491082;0.882908;
0.351640;-0.373721;1.000535;-0.633312;0.104337;0.379092;
0.445839;-0.220858;0.898201;-4.335602;1.157773;1.066115;
0.142545;-0.108874;0.881346;-1.923388;1.394414;1.005046;
0.154482;-0.269173;0.994356;-1.137129;0.409681;-0.926252;
-0.103836;0.050313;0.929043;-4.808885;1.287544;-0.834649;
-0.084869;0.133198;0.868250;-2.251633;1.440215;-0.735412;
-0.421066;0.087559;1.042336;0.572795;0.821895;-2.223962;
-0.240868;0.081936;0.989450;-3.450106;1.249376;-1.926252;
-0.543416;0.336618;1.002376;-2.625679;0.463116;-1.201061;
-0.405790;0.181921;0.998375;2.076611;-0.407113;-2.170527;
-0.404221;0.216902;1.070775;-0.724915;-0.430014;-0.262130;
-0.498059;0.347957;1.026782;-0.228732;-1.941464;-0.521672;
-0.389207;0.152661;1.061405;3.588062;-1.094136;-0.155259;
-0.363528;0.201247;1.110386;1.046077;-2.834594;0.806573;
-0.363564;0.240956;1.106071;3.526993;-3.101769;0.455428;
-0.038888;-0.163068;1.085079;3.420123;-1.498716;2.043214;
-0.080769;0.011695;1.012295;0.778901;-1.231540;2.005046;
0.266015;-0.270513;0.932384;2.885772;1.982200;2.638634;
0.109115;-0.082086;0.823471;-0.549343;1.531818;0.989779;
0.083421;-0.064983;0.849464;-0.160030;2.470750;-1.285030;
-0.337802;0.056108;0.999270;-0.976824;-0.498716;-1.956786;
-0.391481;0.216756;1.057532;-0.534076;-1.361311;-1.651443;
-0.327857;0.119117;1.189462;0.496459;-1.750624;0.371458;
0.064611;0.004351;1.162059;-0.396671;-1.025433;0.898176;
0.294592;-0.149477;1.078904;0.435390;1.058536;1.936344;
0.306513;-0.087510;0.839050;-1.450106;1.295177;-0.201061;
-0.283627;-0.006523;0.840937;0.511726;-0.521617;-1.330832;
-0.546794;0.157461;0.928689;0.297985;-2.445281;-2.017855;
-0.548732;0.182988;1.000133;1.687298;-1.918563;-0.208695;
-0.052104;-0.058260;1.179905;0.832337;0.150139;2.318023;
0.446054;-0.171423;1.142745;-0.709648;4.447849;3.043214;
0.401434;-0.082693;0.914731;-1.854686;1.653956;1.020313;
-0.243869;0.168365;0.830247;-1.167663;-0.330777;-2.781214;
-0.688044;0.167735;0.957041;-0.114228;-4.979632;-3.452969;
-0.603110;0.138826;1.026065;1.511726;-1.865128;-0.361366;
0.096831;-0.239076;1.092627;1.801802;1.699757;3.111916;
0.504563;-0.236534;0.974697;-1.587511;4.959300;2.485962;
0.171442;0.020566;0.905563;-1.839419;0.829528;-0.002588;
-0.201589;0.213244;0.964316;-1.495908;-3.445281;-2.689611;
-0.528526;0.094011;1.056827;1.481192;-4.300242;-0.933885;
-0.274193;-0.021742;1.074900;2.137680;0.348612;1.318023;
0.366067;-0.256919;0.937788;0.549894;4.928765;1.623367;
0.328480;-0.049598;0.891587;-2.610412;2.173040;-1.819382;
-0.217362;0.184391;1.028156;-0.534076;-2.300243;-2.613275;
-0.482359;0.184477;1.107991;0.130046;-4.254441;-0.918618;
-0.120312;-0.100177;1.087752;2.007909;0.195940;2.989779;
0.033895;-0.151208;0.979233;0.733100;1.867696;2.104283;
0.214846;-0.072965;0.844577;-1.259266;3.356246;-0.170527;
-0.061026;0.123086;0.935091;-2.419572;-2.307876;-3.277397;
-0.222416;0.140080;1.069261;-0.465373;-1.529250;-2.430068;
-0.212235;-0.016968;1.121943;2.183482;-0.796426;1.363824;
0.130763;-0.120507;0.968458;1.893405;2.600521;2.531763;
0.059729;-0.102006;0.900930;-0.037892;1.241742;0.821840;
-0.176500;0.162063;0.922681;-2.305068;-0.979632;-2.475870;
-0.247407;0.082881;1.096994;0.397222;-2.636121;-1.575107;
0.014756;-0.027839;1.098235;-0.014992;0.402047;0.226420;
0.181275;-0.134081;0.995761;0.893405;3.188307;2.089015;
-0.204781;0.048726;0.865206;-0.297434;-0.178105;-0.399534;
-0.291172;0.083315;0.974509;-0.396671;-1.819327;-2.201061;
-0.189557;0.054565;1.158302;-0.885221;-2.620853;-1.307931;
0.243208;-0.125957;1.101456;0.458291;2.272276;1.302756;
0.173523;-0.071037;0.896640;-0.732549;1.676857;1.615733;
-0.080166;0.013771;0.881451;0.740734;0.134872;-0.865183;
-0.556370;0.142392;1.013439;-0.007358;-4.239174;-1.399534;
-0.256037;0.031861;1.074687;0.252184;-0.804059;-0.155259;
0.298516;-0.189726;1.087035;0.847604;1.875330;1.646267;
0.432608;-0.094561;0.941711;-1.022625;3.547086;0.943977;
-0.316648;0.135619;0.877222;-0.457740;-2.559785;-1.559840;
-0.512956;0.178643;0.997205;0.183482;-3.971998;-1.254496;
0.057263;-0.140673;1.106843;1.916306;0.417315;1.699702;
0.346695;-0.158862;1.040905;0.252184;3.753192;1.234053;
-0.139314;0.095311;0.951642;-1.167663;0.142505;-0.040756;
-0.493461;0.246098;1.011706;-0.243999;-3.941464;-1.407168;
-0.012008;-0.168095;1.143380;2.183482;-0.017800;0.340924;
0.210866;-0.202897;0.993583;-1.114228;2.569986;-0.697244;
-0.072736;0.078704;0.890441;-1.442473;1.028002;-1.712511;
-0.406595;0.180007;0.974627;0.130046;-3.681922;0.608099;
0.106988;-0.205336;1.083376;2.275085;1.134872;2.318023;
0.132001;-0.182386;0.962826;-1.221099;2.104338;0.829473;
-0.281982;0.269121;0.907158;-1.686748;-2.796426;-0.796481;
-0.156587;0.035962;1.080573;2.641497;-1.269708;0.256954;
0.092828;-0.169309;1.041484;0.672031;2.005101;-0.903351;
0.013573;0.004753;0.923421;-2.495908;0.692124;-2.819382;
-0.212910;0.181209;0.988284;-0.022625;-1.643754;1.043214;
0.156842;-0.202346;1.118258;3.267451;1.959300;1.608099;
-0.190183;0.021633;0.977144;-2.526442;-1.155205;-0.139992;
-0.151529;0.244096;0.906796;-0.770717;-1.040701;1.310389;
0.129139;-0.240256;1.133612;3.343787;1.478383;0.302756;
-0.211192;0.099839;0.981011;-3.389038;-1.842227;-2.155260;
0.032334;0.141119;0.968484;-0.175297;1.699757;0.211153;
-0.110495;-0.152908;1.082623;2.893405;-0.597952;-1.086557;
-0.133877;-0.020541;1.031809;-2.763083;-0.788792;0.172985;
0.001198;0.149578;0.940320;-0.083694;0.829528;2.180618;
-0.086278;-0.169501;1.051636;3.252184;-1.742991;-1.231595;
-0.036267;-0.039566;1.046972;-2.595144;0.272276;0.806573;
-0.080016;0.151832;0.926907;0.549894;-0.399479;-0.956786;
-0.071315;-0.240100;1.067207;1.908672;0.287544;-0.796481;
-0.027620;0.200831;0.957954;-3.526442;1.226475;1.241687;
-0.119795;-0.035308;1.007425;3.023176;-1.201006;-0.926252;
-0.049910;-0.058423;1.074953;-0.755450;0.257009;1.615733;
-0.048058;0.181153;0.921078;-1.305068;-0.613220;-0.933885;
-0.084562;-0.151986;1.052813;3.015543;-0.620853;0.424893;
0.024884;0.120262;0.971560;-3.007358;1.562353;0.432527;
-0.153673;-0.089193;1.000447;1.893405;-1.346044;-0.346099;
0.013478;0.044793;1.070848;-2.259266;1.989834;-0.040756;
-0.125289;-0.010125;0.983392;1.473558;-1.300243;-1.666710;
-0.084367;-0.022379;1.029649;-0.266900;0.638689;0.386725;
-0.027217;0.053219;0.955729;-1.396671;0.493650;-0.292664;
-0.185272;-0.083460;1.023577;2.046077;-1.483449;0.867641;
0.056922;0.085278;0.964134;-1.717282;1.860063;0.165351;
-0.180322;-0.055265;1.022145;1.443024;-2.659021;-1.216328;
0.080501;0.077416;0.977541;-1.862320;3.493650;-0.269763;
-0.136933;-0.008751;0.974791;2.122413;-3.254441;-0.872817;
0.043845;-0.036917;1.043752;-0.480641;3.058536;1.340924;
-0.099971;0.101135;0.965342;-1.488274;-1.597953;-0.033122;
-0.036526;-0.069002;1.013754;2.114779;0.692124;1.287489;
-0.027253;0.076599;0.959743;-1.274534;-0.498716;-1.139992;
-0.111580;-0.096783;0.997074;0.962108;-0.643754;0.577565;
0.017220;0.069902;1.005773;-1.534076;1.470750;-0.636176;
-0.121828;-0.061357;1.019316;1.061344;-1.865128;0.905809;
0.065960;0.051512;1.000777;-0.801251;2.363880;-0.643809;
-0.195377;-0.023671;1.038434;1.618596;-3.414746;0.005046;
0.079651;0.041586;1.010819;-0.793618;3.287544;-0.323198;
-0.191151;-0.020482;0.965783;-0.221099;-3.254441;-0.575107;
0.015761;0.001210;1.026020;-0.564610;3.676857;0.096649;
-0.152341;-0.021497;1.003234;-0.076060;-3.094136;-0.239229;
0.001339;-0.036811;0.986814;0.641497;2.783727;0.974512;
-0.140994;0.006403;0.973334;-0.289801;-3.239174;-0.536939;
-0.021994;-0.058695;0.998609;0.053711;1.447849;0.798939;
-0.071547;0.020610;0.993566;-0.411938;-1.712456;-1.147626;
-0.016379;-0.004695;1.002853;1.259817;0.882963;0.463061;
-0.020149;0.055300;0.976655;-1.335602;-0.292609;-1.048389;
-0.067670;-0.035768;1.054432;1.091879;0.234108;1.653901;
0.008564;0.051059;0.960160;-0.068427;0.142505;-0.972053;
-0.090572;0.003052;1.009412;0.015543;-1.307876;0.745504;
-0.038466;-0.016591;0.997546;-0.396671;1.249376;-1.468237;
-0.126420;-0.014743;0.987429;0.183482;-1.613220;1.096649;
-0.024027;0.009768;1.007318;0.588062;0.997467;-0.620908;
-0.135397;-0.018319;1.022064;0.824703;-1.361311;1.562298;
-0.051280;0.001360;0.990111;-0.343236;0.913498;-0.223962;
-0.095029;0.005563;0.991343;0.801802;-1.330777;1.035580;
-0.054530;0.009441;0.987952;-0.114228;0.737925;-1.109458;
-0.064527;-0.035995;1.000065;0.458291;-0.857494;0.043214;
-0.055957;0.054310;0.957029;-0.381404;0.516551;-1.170527;
-0.039481;-0.044123;1.017041;0.763634;-0.223907;0.753137;
-0.084423;0.028076;0.997065;-0.434839;-0.262075;0.249321;
-0.036458;-0.058033;1.005670;1.214016;0.119605;1.745504;
-0.102114;0.029771;0.987014;-0.282167;-1.430014;-0.246863;
-0.057824;-0.061437;1.023866;0.443024;0.646322;0.524130;
-0.091147;0.070337;0.961848;-0.518808;-0.865128;-1.636176;
-0.085202;-0.083285;1.049417;0.839970;1.234108;-0.765947;
-0.062295;0.060232;0.960321;-0.671480;0.005101;-1.101824;
-0.101555;-0.076481;1.028917;1.389588;0.287544;1.043214;
-0.041720;0.045576;0.984883;-1.030259;0.073803;0.478328;
-0.091866;-0.051482;0.998063;0.504092;-0.842227;1.478328;
0.001274;0.060147;0.975555;-1.144763;1.470750;0.081382;
-0.100405;-0.051168;1.033646;0.855237;-1.483449;-0.552206;
-0.026350;0.053660;0.989216;-1.160030;2.348612;-0.857550;
-0.132809;-0.028050;0.978866;1.107146;-2.460548;-0.437702;
-0.020580;0.001452;0.998554;-0.816518;2.165406;0.310389;
-0.111329;-0.009075;0.976327;0.672031;-2.078869;0.745504;
-0.045795;0.044163;0.987479;-0.824152;1.325711;0.524130;
-0.113149;-0.074335;0.979234;1.000275;-1.643754;0.104282;
-0.050804;0.056169;0.981034;-1.167663;1.402047;-0.811748;
-0.096570;-0.060438;1.000664;1.595695;-0.269708;0.249321;
-0.072615;0.092518;0.957157;-1.862320;-0.055968;-1.109458;
-0.086017;-0.087382;1.017122;2.282718;0.188307;0.600466;
-0.045042;0.090460;0.962264;-1.144763;-0.964365;-0.750679;
-0.117781;-0.060666;1.008172;1.664398;0.165406;1.417260;
-0.071576;0.053760;0.972398;-1.953923;-0.422380;-0.514038;
-0.067244;-0.047661;1.007664;2.137680;0.279910;0.890542;
-0.040180;0.041650;0.994393;-1.579877;-0.529250;-1.338466;
-0.029971;-0.028179;1.029177;2.107146;0.287544;0.058481;
-0.065283;0.022534;0.941348;-0.976824;-1.025433;-1.254496;
-0.027200;-0.035769;1.033471;1.702566;1.089070;0.524130;
-0.090837;0.043788;0.956415;-1.259266;-1.529250;-0.063656;
-0.015888;-0.062002;1.059668;1.572795;1.821895;0.623366;
-0.105161;0.030030;1.008610;-1.014992;-3.124670;0.287489;
-0.033240;-0.006622;0.951727;0.236917;2.440216;-0.017855;
-0.081713;0.019343;0.929645;-0.129495;-2.185739;0.249321;
-0.015088;0.006441;1.053666;-0.564610;1.302811;-1.575107;
-0.090430;-0.023511;1.020363;0.771268;-1.544517;0.631000;
-0.085397;-0.015308;1.035337;-1.236366;0.745559;-0.598008;
-0.059513;-0.007518;0.959451;2.160581;0.837162;1.134817;
-0.065981;0.002023;0.998121;-1.549343;-1.620853;-0.414801;
-0.030562;0.003968;1.041728;1.206382;0.959299;-0.452969;
-0.096049;-0.027797;0.993272;-0.274534;-1.903296;-0.353733;
0.012487;-0.056558;1.103716;1.015543;2.020368;-0.888084;
-0.076977;-0.012250;1.037033;-0.503541;-1.788792;1.188252;
-0.046400;-0.043869;1.091101;0.313253;1.837162;-0.094191;
-0.043201;-0.018253;1.013912;-0.121862;-0.834594;0.692069;
-0.048858;-0.028228;1.071365;-0.526442;-0.216273;-0.399534;
-0.103666;0.052999;0.920730;1.588062;0.989834;-0.430069;
-0.071597;0.056436;0.975245;-0.808885;-2.063601;0.325657;
-0.028912;-0.059899;1.068871;0.519359;1.600521;-0.262130;
-0.031839;-0.010627;1.038888;-0.114228;-1.033067;0.974512;
-0.079499;0.025321;1.010625;0.313253;0.234108;-0.834649;
-0.061641;-0.035058;1.000314;0.946840;-0.361311;-0.529305;
-0.070592;-0.003499;0.976972;0.091879;-0.430014;0.982145;
-0.039991;-0.026138;1.062140;0.206382;0.356246;-1.170527;
-0.101918;0.055336;0.995063;0.687298;-0.521617;0.302756;
-0.075855;-0.015215;1.064112;0.214016;0.180673;0.203519;
-0.044321;-0.006060;1.013895;-0.091328;-0.269708;-0.972053;
-0.042787;-0.008042;1.027439;0.962108;-0.498716;0.417260;
-0.109945;0.052293;0.972947;-0.152396;-0.284975;-1.277397;
-0.082969;0.005171;0.987596;-0.327969;0.142505;0.119550;
-0.110803;-0.051033;1.030277;0.015543;-0.025434;0.936344;
-0.099247;-0.026772;0.982808;0.076611;-0.315510;-0.262130;
-0.128032;0.030059;1.023709;-0.098961;0.569986;0.516496;
-0.029357;-0.033018;0.990240;-0.045526;-0.452914;0.417260;
-0.075731;-0.033646;0.984816;-0.473007;-0.162838;-1.475870;
-0.108566;0.001308;1.030234;0.061344;0.318078;-0.575107;
-0.066824;-0.022637;1.064870;0.168214;-0.170472;0.768405;
-0.044396;0.025587;1.032623;-0.343236;-0.231540;0.455428;
-0.064775;-0.023791;0.978917;0.091879;0.325711;0.256954;
-0.044074;-0.006550;1.013659;0.061344;0.066170;0.295122;
-0.022821;-0.016047;0.987876;-0.007358;0.096704;0.363824;
-0.075135;-0.020808;1.047023;0.076611;0.081437;-1.223962;
-0.071527;-0.011379;1.070776;-0.282167;0.211208;-0.491137;
-0.069834;-0.005217;0.979826;-0.022625;-0.109403;0.539397;
-0.056678;-0.019309;1.020979;0.381955;0.005101;0.165351;
-0.038838;-0.002955;1.006792;0.030810;-0.055968;-0.025488;
-0.075113;-0.007643;1.034899;0.351421;0.005101;-0.017855;
-0.043055;0.011995;0.969476;0.000275;-0.078869;0.371458;
-0.051041;-0.017344;0.936225;0.244550;-0.201006;-0.330832;
-0.080108;-0.016341;1.027287;-0.030259;0.134872;-0.735412;
-0.078994;0.001695;1.002814;-0.320335;0.371513;-0.223962;
-0.077803;0.017041;0.988319;0.336153;-0.269708;0.340924;
-0.045527;-0.002645;1.023860;0.710199;0.096704;0.699702;
-0.062509;0.004444;0.971062;-0.045526;-0.460548;0.707336;
-0.072797;-0.012992;0.997394;-0.686747;-0.063601;-0.414801;
-0.062568;-0.001913;0.994340;0.107146;0.134872;-0.918618;
-0.060219;0.006087;1.002416;0.336153;0.333345;-0.750679;
-0.047923;-0.002563;0.973744;0.679665;0.035635;0.195886;
-0.052917;-0.005190;0.983461;-0.205831;-0.231540;0.852374;
-0.052281;-0.010091;1.004129;-0.549343;-0.254441;0.562298;
-0.045329;-0.001180;1.018160;0.015543;-0.338410;-0.239229;
-0.068570;-0.000631;1.005711;0.458291;0.218841;-0.567473;
-0.077287;-0.009801;1.028480;0.107146;0.028002;-0.613275;
-0.049427;0.009612;0.995810;-0.091328;0.386780;-0.239229;
-0.056195;-0.005415;1.006007;-0.595144;-0.246807;0.310389;
-0.032179;0.001357;0.996130;-0.167663;-0.491082;0.821840;
-0.061160;-0.008535;1.020949;0.725466;-0.399479;0.646267;
-0.053535;-0.006664;1.003407;0.244550;-0.307876;-0.208695;
-0.048255;-0.003080;1.006276;-0.144763;0.325711;-0.849916;
-0.097853;-0.011962;1.012721;-0.274534;0.089070;-0.704878;
-0.044865;-0.005068;1.002968;-0.129495;0.234108;-0.536939;
-0.086758;0.006416;1.007763;0.374321;-0.178105;0.226420;
-0.080678;-0.003385;0.989751;0.557527;-0.552151;0.898176;
-0.059664;-0.005837;0.984620;-0.282167;-0.048334;0.684435;
-0.045971;0.000322;0.986573;-0.190564;-0.109403;0.249321;
-0.066177;0.001529;1.007144;-0.350870;0.195940;-0.391901;
-0.063593;-0.016514;0.993875;0.007909;0.119605;-0.735412;
-0.062081;-0.021891;0.992937;-0.106595;-0.002533;-0.620908;
-0.056555;-0.000769;0.992465;-0.060793;-0.094136;0.073748;
-0.070460;-0.004017;1.005469;-0.053160;-0.284975;0.371458;
-0.063256;-0.004098;0.996239;0.084245;-0.086502;0.653901;
-0.052090;0.011347;0.999121;0.221650;-0.063601;0.440160;
-0.044826;0.005665;0.987760;0.198749;0.028002;-0.346099;
-0.058896;-0.007071;0.991036;-0.358503;0.028002;-0.567473;
-0.062807;0.002947;1.008820;-0.144763;-0.078869;-0.414801;
-0.066622;-0.004788;0.997650;-0.182931;-0.094136;-0.101824;
-0.044877;-0.025036;0.997764;0.343787;0.089070;0.379092;
-0.063003;-0.009690;0.982947;0.214016;-0.193372;0.631000;
-0.075356;-0.018568;1.003325;-0.030259;0.463116;0.424893;
-0.061726;0.005391;0.987212;0.000275;-0.010166;-0.407168;
-0.072852;-0.009093;0.995965;0.404856;0.050902;-0.407168;
-0.061412;0.002699;0.996003;0.443024;-0.048334;-0.391901;
-0.061082;0.011717;0.986971;-0.137129;-0.010166;0.089015;
-0.067413;0.006895;1.015920;0.130046;-0.170472;0.577565;
-0.069614;0.004500;1.002614;-0.083694;-0.109403;0.577565;
-0.043756;-0.017744;0.999186;0.000275;-0.025434;0.180618;
-0.054587;-0.017130;1.008638;0.160581;0.005101;-0.193427;
-0.056361;0.006040;1.001008;-0.083694;0.165406;-0.369000;
-0.070458;-0.011061;0.985766;-0.053160;-0.055968;-0.361366;
-0.068812;-0.002085;1.001437;0.076611;-0.269708;-0.369000;
-0.062225;-0.008498;0.998622;0.244550;0.111971;0.302756;
-0.075797;-0.008316;0.987403;0.275085;-0.422380;0.676802;
-0.076151;0.007258;1.006383;0.122413;0.012734;0.386725;
-0.055706;0.011634;1.001242;0.015543;-0.216273;0.020313;
-0.059665;-0.000493;0.999575;-0.045526;-0.139937;-0.437702;
-0.057746;0.002400;1.005042;-0.236366;0.180673;-0.323198;
-0.063026;-0.003127;0.996476;-0.266900;-0.201006;-0.101824;
-0.064162;-0.010658;0.991017;0.099512;0.089070;0.005046;
-0.056988;-0.025361;0.988213;0.114779;-0.178105;0.295122;
-0.066996;0.003748;0.991940;0.084245;-0.147571;0.264588;
-0.069462;0.004519;0.982430;-0.045526;-0.193372;0.127183;
-0.067791;-0.002840;1.011891;0.068978;-0.208640;-0.208695;
-0.070082;0.009117;1.019231;0.053711;-0.002533;-0.155259;
-0.068482;0.007175;0.993355;-0.198198;-0.048334;-0.246863;
-0.064157;-0.006045;1.005498;0.053711;0.035635;-0.010221;
-0.052317;-0.007653;1.002939;0.030810;-0.147571;0.142450;
-0.066471;-0.014540;1.003834;-0.251633;-0.193372;-0.101824;
-0.066659;-0.017950;1.006212;-0.045526;0.188307;0.089015;
-0.068157;-0.013791;1.006914;-0.076060;0.020368;-0.056023;
-0.070286;-0.003518;0.991696;0.053711;-0.201006;-0.300298;
-0.073289;-0.007641;1.010685;0.412489;-0.162838;-0.162893;
-0.061614;-0.003379;0.987459;0.244550;-0.078869;0.226420;
-0.060038;-0.009015;1.000295;-0.282167;-0.147571;0.279855;
-0.057057;0.005557;1.005992;-0.137129;-0.162838;0.234053;
-0.057123;-0.009541;1.002682;-0.190564;0.035635;-0.094191;
-0.060243;-0.023163;1.022630;-0.037892;-0.109403;-0.201061;
-0.065930;0.014939;0.991934;-0.152396;0.173040;-0.223962;
-0.056699;-0.010018;0.987962;0.038443;0.211208;-0.307931;
-0.075509;-0.011002;0.990256;0.191115;-0.017800;0.096649;
-0.065710;-0.004787;0.985305;0.191115;-0.025434;0.371458;
-0.067649;-0.004761;0.983872;0.122413;-0.384212;0.447794;
-0.072234;0.000882;1.000470;0.275085;-0.292609;0.096649;
-0.050258;-0.001824;0.993680;0.015543;-0.124670;-0.139992;
-0.077066;0.003858;1.008282;-0.037892;-0.300243;-0.162893;
-0.049574;0.002549;0.997004;0.046077;-0.025434;-0.292664;
-0.038638;-0.007805;0.983525;-0.160030;0.134872;-0.033122;
-0.068977;-0.011816;0.990998;-0.221099;-0.040701;0.142450;
-0.076564;-0.022439;0.992163;0.366688;-0.269708;0.134817;
-0.073862;-0.006884;0.992396;0.183482;-0.033067;0.012679;
-0.058536;0.002425;0.990316;0.168214;-0.048334;-0.208695;
-0.077456;-0.006602;0.999505;0.305619;-0.216273;-0.277397;
-0.048324;0.019580;1.000791;-0.098961;0.096704;-0.040756;
-0.070352;-0.009873;1.013312;0.252184;-0.208640;-0.300298;
-0.068367;0.002533;1.005946;0.084245;-0.033067;0.073748;
-0.066157;-0.002847;0.999075;-0.534076;0.173040;0.089015;
-0.060656;-0.015103;1.006947;-0.098961;0.127238;-0.010221;
-0.060553;-0.014344;0.977738;0.168214;0.050902;-0.170527;
-0.066349;-0.008442;0.994330;0.191115;0.142505;-0.254496;
-0.086932;-0.002584;0.997323;0.152947;-0.239174;-0.391901;
-0.060512;-0.008039;1.005041;0.328520;-0.208640;0.340924;
-0.068438;0.007650;1.004516;-0.320335;-0.353678;0.089015;
-0.058669;-0.003670;0.997446;0.053711;-0.170472;0.150084;
-0.070753;0.001099;1.008312;0.259817;-0.201006;0.264588;
-0.051930;-0.000350;1.001983;-0.022625;0.241742;-0.330832;
-0.073703;0.001876;0.998800;-0.182931;-0.109403;-0.369000;
-0.083799;-0.017736;1.007563;-0.014992;-0.101769;-0.491137;
-0.067403;-0.017451;1.003358;0.236917;-0.101769;-0.101824;
-0.068017;-0.009883;0.995274;0.320886;-0.124670;0.058481;
-0.071090;0.001611;0.988125;-0.121862;-0.178105;0.157718;
-0.070150;-0.015938;0.986960;0.214016;-0.178105;0.218786;
-0.056173;0.009208;0.997918;0.145314;-0.071235;0.096649;
-0.057511;0.001427;1.000770;-0.236366;-0.262075;-0.147626;
-0.064967;-0.001158;1.000028;0.152947;0.028002;-0.223962;
-0.060634;-0.021180;0.994605;-0.343236;0.111971;-0.139992;
-0.050075;-0.006240;1.022657;0.137680;0.005101;-0.017855;
-0.074735;-0.011995;0.998809;0.145314;-0.101769;0.188252;
-0.064990;-0.018209;1.000757;-0.007358;-0.284975;0.096649;
-0.070350;-0.000102;0.986943;0.137680;-0.239174;-0.086557;
-0.065481;-0.000658;0.994326;-0.083694;0.073803;-0.109458;
-0.067546;0.011542;0.999054;-0.190564;-0.078869;-0.071290;
-0.059110;-0.001974;1.011690;0.206382;-0.178105;0.089015;
-0.052804;0.009654;0.996745;-0.030259;-0.132304;0.134817;
-0.062768;-0.017034;1.015252;0.130046;-0.246807;0.027947;
-0.059537;-0.029482;1.000555;-0.243999;0.012734;-0.124725;
-0.058299;0.002423;0.989367;-0.060793;0.050902;-0.063656;
-0.072549;-0.014940;0.993360;0.229283;-0.208640;-0.361366;
-0.069507;-0.005726;0.997638;0.290352;-0.002533;-0.010221;
-0.060049;0.007559;0.990304;0.000275;-0.002533;0.005046;
-0.067978;0.004978;0.991698;0.053711;-0.063601;-0.033122;
-0.078166;0.012403;1.002332;0.130046;-0.162838;0.363824;
-0.046804;-0.005041;1.001298;-0.091328;-0.101769;0.142450;
-0.040998;-0.007788;0.995864;-0.030259;-0.055968;0.096649;
-0.066415;0.002503;1.010704;-0.175297;-0.124670;-0.231595;
-0.077655;-0.027795;1.003087;0.084245;-0.055968;-0.376634;
-0.066047;-0.017931;0.980805;0.244550;-0.124670;-0.170527;
-0.059725;0.003893;0.998621;0.046077;0.028002;-0.239229;
-0.075119;-0.001514;0.996423;-0.213465;-0.254441;0.249321;
-0.078217;-0.002941;1.001635;0.084245;0.020368;0.279855;
-0.052711;0.002830;0.998415;0.000275;-0.208640;-0.124725;
-0.062032;-0.007518;0.990311;-0.014992;-0.422380;-0.010221;
-0.062439;-0.009716;1.001235;0.099512;0.104337;-0.117092;
-0.055123;-0.014439;1.004121;-0.465373;-0.078869;0.081382;
-0.058188;-0.022190;0.998891;0.282718;0.066170;0.165351;
-0.067296;-0.008920;0.997176;0.122413;0.073803;0.073748;
-0.064043;-0.012388;1.013104;0.007909;-0.063601;-0.048389;
-0.060041;-0.008285;1.001719;0.183482;-0.040701;-0.170527;
-0.070655;0.007445;0.994058;0.282718;-0.002533;-0.025488;
-0.077217;-0.004905;1.003778;0.168214;-0.109403;0.134817;
-0.060523;-0.003179;1.016435;0.183482;-0.117036;0.195886;
-0.049980;0.011578;0.985594;-0.274534;-0.086502;0.295122;
-0.074799;-0.022964;1.007607;0.320886;-0.109403;0.111916;
-0.045263;0.005903;0.998681;-0.228732;0.195940;0.188252;
-0.060292;0.006105;0.985793;0.030810;-0.117036;-0.285030;
-0.059974;-0.011216;1.008371;0.282718;0.119605;-0.376634;
-0.066696;-0.016484;1.002173;-0.053160;0.089070;-0.010221;
-0.072301;0.002598;0.990256;-0.251633;-0.033067;0.127183;
-0.075980;0.010672;1.000206;0.152947;-0.246807;-0.071290;
-0.060440;-0.015586;0.999825;0.320886;-0.201006;0.195886;
-0.066151;0.013965;0.993834;-0.106595;-0.040701;0.150084;
-0.061735;-0.008992;0.998625;0.229283;-0.033067;-0.208695;
-0.049517;-0.008637;0.978018;-0.213465;-0.078869;0.234053;
-0.051603;-0.027874;0.997500;-0.022625;0.028002;-0.178160;
-0.061771;-0.002426;1.009304;-0.022625;-0.300243;-0.223962;
-0.052412;-0.003258;0.993910;-0.045526;0.150139;-0.056023;
-0.047292;-0.005520;0.998684;-0.014992;0.234108;0.058481;
-0.068144;0.001563;0.999062;-0.030259;-0.254441;0.142450;
-0.069971;-0.006939;0.998587;0.122413;-0.010166;0.073748;
-0.072130;0.008441;0.990964;0.084245;-0.231540;0.020313;
-0.062226;0.012930;1.004775;0.183482;-0.193372;-0.086557;
-0.054892;0.001403;0.992470;-0.175297;-0.094136;-0.033122;
-0.074178;-0.014205;1.009263;0.091879;-0.323143;-0.285030;
-0.071658;-0.017175;1.024712;0.091879;-0.086502;0.165351;
-0.058856;-0.006595;1.001485;0.046077;0.127238;-0.277397;