-0.016284;-0.007147;1.017342;0.326650;0.018411;-0.028809;
0.006255;-0.019593;1.001066;0.189245;0.247418;0.108595;
-0.019457;-0.024642;1.014258;-0.131366;-0.050292;0.047527;
-0.013550;-0.015943;1.010001;0.319016;-0.080826;-0.028809;
-0.013585;-0.015448;1.003351;-0.291671;-0.057925;0.032259;
-0.029902;-0.021339;1.009461;-0.169533;-0.111360;-0.089878;
-0.006386;-0.013585;0.998631;-0.009228;-0.080826;0.085695;
-0.043920;-0.015817;1.022218;0.280848;-0.233498;-0.112779;
-0.000975;-0.011734;1.026436;-0.039762;-0.073192;0.116229;
-0.001687;-0.035342;1.016483;0.265581;-0.248765;0.100962;
-0.014373;0.022333;0.987637;-0.169533;0.010777;-0.051710;
-0.021621;-0.012417;0.996664;0.341917;-0.378536;0.001725;
-0.008964;0.002757;1.008339;-0.108465;-0.172429;-0.013542;
-0.002162;0.002419;1.016680;0.006039;-0.065559;0.116229;
-0.002048;-0.025595;1.017184;-0.100831;0.026044;-0.128046;
-0.027291;-0.016018;1.014691;0.181612;-0.302200;0.200198;
-0.032319;-0.020579;1.011112;0.097642;0.003144;0.169664;
-0.011799;-0.006451;0.996226;-0.039762;0.064212;-0.105145;
-0.030481;-0.032537;1.010419;0.082375;0.155815;-0.105145;
-0.002722;-0.011698;1.013605;0.173978;0.117647;0.055160;
-0.002343;-0.008765;0.998643;-0.009228;-0.172429;-0.044076;
-0.032725;-0.010093;1.003738;0.166344;-0.172429;0.039893;
0.002992;-0.007137;1.008401;0.006039;-0.118994;-0.097512;
-0.013153;-0.010585;1.005723;0.059474;-0.118994;-0.082244;
-0.014401;-0.008617;1.002153;0.097642;-0.195330;-0.036443;
-0.018470;-0.009303;1.008311;-0.001595;-0.187696;0.009359;
0.007138;-0.008170;1.014831;0.280848;-0.325101;-0.150947;
-0.003907;-0.018003;1.000783;0.242680;-0.042658;0.055160;
-0.033370;-0.000332;0.994939;-0.261137;-0.180063;-0.196748;
-0.008251;-0.000164;0.997422;-0.062663;-0.103727;0.001725;
-0.029051;-0.011608;1.011354;0.013673;-0.180063;-0.066977;
0.003606;-0.002990;0.995339;0.059474;0.010777;-0.181481;
-0.024137;-0.018733;1.010195;0.051841;-0.187696;0.200198;
-0.009384;0.009604;0.987433;-0.123732;-0.019757;-0.242550;
-0.019684;-0.013900;0.993587;0.166344;-0.386170;0.085695;
-0.034197;-0.028097;1.001850;0.044207;-0.172429;0.261267;
-0.001055;0.005586;1.003146;-0.032129;-0.096093;-0.143313;
-0.003444;-0.032633;1.009111;0.341917;-0.149528;0.070427;
-0.015697;-0.016165;1.015216;0.364818;0.087113;0.085695;
-0.001452;-0.003901;0.995555;0.021306;-0.080826;-0.059344;
0.009561;-0.013303;1.002261;-0.047396;0.033678;0.016992;
-0.008911;-0.020142;1.009550;-0.123732;0.064212;-0.021176;
-0.008133;-0.010393;0.995058;-0.192434;-0.012124;0.047527;
-0.038998;-0.002001;1.027925;0.257947;-0.279299;0.108595;
-0.047810;-0.016247;1.014840;0.196879;-0.096093;0.085695;
0.008296;-0.023773;1.013902;0.227413;-0.157162;-0.112779;
-0.035735;-0.018828;1.008008;-0.032129;-0.080826;-0.013542;
-0.009812;-0.009160;1.000986;0.097642;-0.225864;0.032259;
-0.010787;-0.026446;1.004324;0.128176;-0.241131;-0.173847;
-0.024237;-0.013851;1.001641;-0.062663;-0.050292;-0.005908;
-0.006390;-0.006541;1.017859;0.158711;-0.035024;-0.044076;
0.012956;-0.030891;1.009892;0.067108;-0.118994;-0.059344;
-0.027329;-0.011395;1.019198;0.006039;-0.050292;0.276534;
-0.017922;-0.017582;0.999297;0.112909;-0.080826;-0.334153;
-0.034348;-0.017374;0.998277;0.051841;-0.225864;0.016992;
-0.005950;-0.006537;1.008124;-0.314572;0.003144;-0.066977;
0.008391;0.001331;0.997729;0.158711;0.125281;0.001725;
-0.027648;-0.024301;1.019447;0.166344;0.018411;-0.066977;
-0.011339;-0.004751;0.995751;-0.169533;-0.012124;-0.089878;
-0.030545;-0.007450;1.013006;-0.062663;-0.111360;-0.105145;
-0.017812;-0.008810;0.994777;-0.016862;-0.080826;-0.013542;
-0.008856;-0.009170;0.998853;0.028940;-0.187696;-0.158580;
-0.017839;-0.020517;1.009749;0.128176;-0.126627;0.207832;
-0.026658;-0.009448;1.012787;0.006039;-0.004490;0.184931;
0.000056;-0.021962;1.011965;0.311383;-0.073192;0.116229;
-0.029346;-0.024763;1.016353;-0.070297;-0.195330;-0.005908;
0.007872;0.004746;0.999386;-0.085564;-0.035024;-0.059344;
0.012369;-0.023331;1.007983;0.227413;0.102380;-0.349420;
-0.032966;-0.008147;1.009434;0.059474;-0.019757;-0.074611;
-0.015223;-0.020783;1.000025;-0.077930;-0.035024;-0.265450;
0.002374;-0.017597;1.002709;0.120543;-0.012124;0.009359;
-0.004539;-0.008975;0.992697;0.120543;-0.080826;0.078061;
-0.006403;-0.029181;1.005058;0.143444;-0.080826;-0.150947;
-0.009881;-0.007201;0.991010;-0.146633;0.033678;-0.013542;
0.002695;-0.008577;0.991778;0.013673;-0.096093;0.108595;
-0.031450;-0.032524;1.009703;0.235047;-0.019757;0.123863;
-0.028332;0.003984;0.999943;0.151077;-0.248765;-0.074611;
0.003029;0.006511;1.001026;-0.108465;-0.080826;0.100962;
0.003513;-0.012981;1.000335;-0.016862;0.102380;0.192565;
-0.017208;-0.014674;1.005472;-0.093198;0.026044;0.085695;
-0.044970;-0.013841;1.008676;0.036573;-0.027391;-0.051710;
-0.005148;-0.016280;0.997926;-0.032129;0.056579;-0.066977;
-0.003972;-0.011187;1.005525;-0.192434;0.117647;-0.059344;
-0.022329;0.002944;0.989522;-0.032129;-0.080826;-0.212015;
-0.022258;-0.013401;1.013523;0.105276;0.041312;0.100962;
-0.042018;-0.014134;1.020325;-0.009228;-0.164795;0.131496;
-0.009093;-0.006739;1.006686;-0.016862;-0.042658;-0.059344;
-0.033214;-0.028356;1.004942;0.059474;-0.126627;0.184931;
-0.002357;-0.020961;1.015278;0.090008;0.186350;-0.273084;
-0.006298;-0.005536;0.986987;-0.016862;0.010777;-0.074611;
-0.030195;-0.020595;0.999960;0.280848;-0.187696;0.055160;
-0.001797;-0.010486;1.007909;0.082375;-0.241131;0.001725;
-0.015970;-0.016154;1.008091;-0.070297;0.010777;0.016992;
-0.017584;-0.021009;1.011413;0.242680;-0.012124;-0.128046;
-0.020133;-0.015117;0.997861;0.090008;-0.019757;-0.250183;
-0.013731;-0.005212;0.999541;0.067108;-0.050292;-0.044076;
-0.006932;-0.004092;1.011442;0.235047;-0.096093;0.055160;
-0.007226;-0.020647;1.006946;0.227413;0.010777;0.146763;
-0.010522;0.011545;1.008799;-0.291671;-0.042658;0.032259;
-0.011160;-0.015239;1.006448;0.288482;-0.134261;0.131496;
-0.014127;-0.014699;0.992187;0.173978;-0.164795;-0.219649;
-0.015331;-0.011528;1.001915;-0.116098;-0.172429;-0.242550;
-0.015874;-0.005921;1.004281;-0.001595;-0.096093;-0.036443;
-0.001979;-0.029012;1.023124;0.273215;0.033678;-0.150947;
-0.014622;-0.010076;1.002629;-0.116098;-0.187696;0.276534;
-0.031354;-0.005720;0.998753;-0.161900;-0.126627;0.116229;
-0.009615;-0.019409;1.016433;0.219779;0.079479;0.001725;
-0.028018;-0.018680;1.006379;-0.032129;0.171082;0.146763;
-0.015632;-0.027110;0.998604;0.021306;-0.134261;0.001725;
-0.010764;-0.014495;0.988877;0.128176;0.079479;0.123863;
-0.021639;-0.012413;0.992627;0.067108;-0.134261;0.177298;
0.000413;-0.014166;1.005785;-0.062663;-0.012124;0.108595;
-0.007738;-0.021606;0.997683;0.319016;-0.065559;-0.082244;
-0.018098;-0.003938;0.998571;-0.108465;-0.187696;0.062794;
-0.017921;-0.013454;1.011404;0.013673;-0.294567;0.123863;
-0.011741;0.001848;0.978407;0.067108;-0.080826;-0.173847;
-0.009419;-0.019644;1.005273;-0.032129;-0.157162;0.291801;
0.004481;0.005277;0.998421;-0.276404;0.071846;-0.021176;
-0.018796;-0.006607;0.996908;0.074741;0.026044;0.001725;
-0.027328;-0.031609;1.016369;0.120543;-0.210597;0.001725;
0.013343;-0.007017;1.001796;-0.085564;0.140548;0.093328;
-0.028168;-0.011357;0.993310;-0.093198;-0.035024;0.268901;
-0.002110;-0.020479;1.017891;0.074741;0.087113;-0.341786;
-0.014302;-0.014955;1.006434;-0.070297;-0.080826;-0.021176;
-0.000937;-0.020000;1.011484;0.067108;0.071846;-0.089878;
-0.000998;-0.018042;1.003170;0.273215;-0.073192;0.139130;
-0.022616;-0.008755;1.000456;0.105276;-0.103727;0.139130;
-0.007216;-0.005779;0.997194;-0.184801;-0.172429;0.139130;
-0.028282;-0.018672;1.001391;0.090008;0.087113;-0.005908;
-0.004056;-0.006066;1.001008;-0.001595;-0.050292;-0.059344;
0.000339;-0.005890;1.012663;-0.184801;-0.035024;-0.105145;
-0.027977;-0.008433;0.990221;0.181612;0.193983;-0.066977;
-0.015078;-0.011776;1.003816;-0.039762;-0.042658;0.154397;
-0.013982;-0.003264;1.003099;-0.055030;-0.019757;-0.120412;
-0.002325;-0.037540;1.029781;0.227413;0.094747;0.070427;
0.010016;-0.029144;1.005366;0.021306;-0.065559;-0.028809;
-0.029398;-0.008908;0.995202;0.090008;-0.027391;-0.005908;
-0.036999;-0.001014;0.991362;-0.161900;-0.073192;0.009359;
-0.012967;-0.024474;1.008350;0.067108;-0.042658;-0.143313;
-0.002131;-0.018046;1.020026;0.181612;-0.027391;0.162030;
-0.021357;-0.012426;1.001652;0.120543;-0.057925;-0.066977;
-0.027120;-0.008718;1.019434;0.097642;-0.126627;-0.059344;
-0.002537;-0.013145;0.996747;0.013673;-0.118994;-0.135679;
-0.024540;-0.009461;1.000211;-0.131366;-0.218230;-0.051710;
-0.031392;-0.019854;1.004466;0.265581;-0.202963;-0.250183;
-0.013093;-0.016914;1.001217;0.097642;0.110014;0.070427;
0.002258;-0.007125;1.006261;0.128176;-0.027391;0.070427;
-0.008000;-0.001869;0.994812;0.013673;0.003144;0.116229;
-0.012478;0.004532;0.983151;-0.169533;-0.050292;0.047527;
-0.009009;-0.015746;1.000046;0.090008;-0.348002;0.116229;
0.020972;-0.019775;0.998042;-0.039762;0.087113;-0.021176;
-0.004329;-0.022384;1.001973;0.120543;0.171082;0.062794;
-0.021387;-0.030690;0.997396;0.128176;-0.195330;-0.242550;
-0.027496;-0.004796;1.000193;-0.009228;0.140548;0.085695;
-0.019823;-0.015865;1.011161;0.189245;-0.111360;-0.074611;
-0.017766;-0.029035;1.001922;0.189245;-0.332734;-0.051710;
-0.009700;-0.000388;0.996703;-0.077930;-0.218230;-0.105145;
-0.009973;0.001808;0.995750;-0.055030;-0.157162;-0.334153;
0.006941;-0.032764;1.009393;0.082375;0.048945;-0.288351;
-0.027432;-0.009669;1.000911;-0.085564;0.110014;0.268901;
-0.013980;-0.020807;1.008104;0.090008;-0.088459;-0.028809;
0.016250;-0.008998;0.998249;0.021306;-0.241131;-0.135679;
-0.007397;-0.010891;0.996249;0.051841;-0.080826;-0.082244;
0.003687;-0.027110;0.999400;0.173978;0.056579;-0.265450;
-0.004627;-0.019209;0.998169;0.044207;0.048945;-0.089878;
-0.029413;-0.005504;1.001610;-0.146633;-0.134261;-0.112779;
-0.005909;-0.009704;1.008365;-0.284037;-0.057925;0.047527;
-0.033959;-0.024456;1.011346;0.196879;0.087113;0.024626;
-0.020487;-0.024614;1.000006;0.181612;-0.042658;0.009359;
0.002143;-0.017354;1.005795;0.166344;-0.271666;-0.105145;
-0.015957;0.002600;1.009972;-0.093198;-0.080826;-0.273084;
0.008378;-0.015965;1.000121;-0.169533;-0.035024;-0.097512;
-0.000365;-0.028771;1.006508;0.090008;0.018411;-0.105145;
-0.026866;-0.013824;1.007804;0.082375;-0.187696;0.230733;
-0.011720;-0.027413;1.008833;0.128176;-0.317467;-0.097512;
-0.022288;-0.027051;1.022560;0.166344;-0.332734;0.078061;
-0.008263;0.000082;0.995522;-0.108465;0.148182;-0.150947;
-0.017758;0.009205;1.003783;-0.055030;-0.042658;-0.066977;
-0.056676;-0.003710;1.011227;0.509856;-0.065559;0.116229;
0.004315;-0.002996;0.991780;0.090008;-0.187696;0.123863;
0.029405;0.014237;0.981659;-0.207701;-0.264032;0.139130;
0.004792;-0.004943;0.984897;-0.169533;0.140548;0.276534;
0.000260;-0.006599;0.992716;-0.184801;-0.042658;0.299435;
0.003665;-0.024190;1.002722;-0.062663;-0.111360;0.146763;
-0.022524;-0.013392;1.008060;0.028940;0.110014;-0.288351;
-0.004998;-0.036231;0.974913;-0.093198;-0.065559;-0.128046;
-0.007038;-0.005766;0.982710;0.319016;0.003144;-0.379954;
-0.024078;-0.007034;1.002347;-0.184801;0.033678;0.055160;
-0.008982;0.000575;0.998130;0.044207;-0.149528;0.467374;
-0.017402;0.005531;1.019224;0.402986;-0.195330;0.528443;
-0.006386;0.009786;1.010718;0.479321;-0.149528;0.673481;
-0.007126;0.011256;1.011426;-0.093198;-0.286933;-0.097512;
-0.006883;-0.038461;1.033799;-0.024495;-0.118994;-0.937206;
-0.024657;-0.025331;1.037746;0.090008;0.110014;-1.219649;
-0.007325;0.014219;0.974852;-0.390908;0.094747;-0.433389;
-0.043261;-0.012167;1.017705;0.334283;-0.027391;0.948290;
-0.018084;0.002672;0.965793;0.372451;-0.424338;1.642946;
-0.028851;-0.009173;1.008978;-0.490144;-0.584643;0.536076;
-0.009086;-0.021855;1.019762;-0.841289;-0.431971;-0.883771;
-0.041317;-0.051221;1.073083;0.082375;-0.096093;-1.761634;
-0.024927;-0.036849;1.107810;1.067108;0.308487;-0.952473;
-0.020091;-0.009971;0.967460;0.372451;0.155815;0.696382;
-0.003735;-0.036074;1.042834;0.349550;0.087113;1.337603;
-0.026985;-0.019194;1.020157;0.548024;-0.783116;0.925389;
-0.027933;-0.008986;1.053388;0.570925;-0.577009;-0.227282;
0.003685;0.050702;0.893174;0.265581;-0.218230;-0.837970;
-0.003765;0.029116;0.894113;-0.940526;0.255052;-1.028809;
-0.004460;-0.045836;1.069437;-0.589381;0.499327;-0.448657;
-0.048072;-0.038210;1.056893;-0.429075;0.209250;-0.204382;
-0.031360;-0.031818;1.032262;0.693062;-0.134261;0.673481;
-0.023054;-0.016401;1.098061;1.616726;-0.638078;0.963557;
-0.005487;-0.020195;1.019301;0.097642;-0.348002;0.413939;
-0.006293;0.007633;0.971063;-0.581747;-0.080826;-1.135679;
-0.031423;-0.009832;0.971448;-0.574114;0.316121;-1.036443;
-0.014128;0.014071;0.964849;-0.650450;0.224518;-0.212015;
-0.029431;-0.026200;0.993082;0.227413;0.148182;0.589511;
-0.033393;-0.029527;0.961010;0.540390;-0.294567;0.856687;
-0.034283;-0.030132;1.085916;0.570925;-0.325101;0.597145;
-0.008009;-0.035065;1.061812;-0.795488;-0.355635;0.093328;
-0.014587;-0.016399;0.992424;-0.062663;0.018411;-0.670031;
-0.012726;-0.036377;0.974167;-0.207701;0.094747;-1.181481;
-0.021079;0.010933;1.022052;0.631993;0.636731;-0.196748;
-0.024879;-0.012349;0.969816;-0.062663;-0.676246;0.642947;
-0.016777;-0.046652;1.066298;0.082375;-0.615177;0.864321;
-0.024374;-0.001973;1.059096;0.250314;0.094747;0.070427;
-0.032193;0.019388;0.989700;0.112909;-0.302200;0.230733;
0.016902;0.001753;0.957871;-0.398541;-0.752582;-0.288351;
-0.028569;-0.011801;0.956026;0.586192;0.766502;-0.845603;
-0.026960;-0.005544;1.010170;0.685428;0.506960;-0.456290;
-0.015094;-0.047829;1.006702;0.021306;-0.538841;0.482641;
-0.035569;-0.006613;0.971189;-0.589381;-0.424338;0.345237;
-0.004260;0.012927;1.009062;0.448787;0.323754;0.207832;
-0.020397;0.008506;1.005435;0.158711;-0.905254;0.345237;
0.000295;-0.002722;1.011709;-0.268770;-0.057925;-0.379954;
-0.027449;-0.022593;1.014697;1.097642;1.155815;-1.005908;
-0.015367;-0.042475;1.014769;0.151077;-0.538841;-0.181481;
-0.040329;-0.024897;1.043852;-0.803121;-0.118994;0.162030;
-0.036414;0.042783;1.030265;0.929703;0.575663;0.261267;
0.008248;-0.033289;1.030534;-0.062663;-0.828918;1.001725;
-0.020050;-0.048522;1.030665;0.120543;-0.019757;-0.204382;
-0.015681;-0.012040;1.030647;0.502222;0.644365;-0.357053;
0.025773;-0.019829;0.991414;0.983138;-0.729681;-0.234916;
-0.030902;-0.012033;0.973827;-1.451976;0.667266;-0.196748;
0.031784;0.030843;0.911837;0.601459;0.484060;0.329969;
-0.008394;-0.006500;1.001702;-0.993961;-0.996857;0.505542;
-0.054731;-0.057878;1.078256;0.326650;0.651999;0.154397;
0.014375;0.012683;1.018404;0.265581;-0.057925;-0.135679;
-0.019399;-0.017071;0.994541;-1.413808;-0.653345;-0.685298;
-0.042936;0.049479;0.994135;0.662528;1.476426;-0.754000;
-0.000971;0.012422;0.986992;0.021306;-0.546475;-0.112779;
-0.064665;-0.025575;1.053247;-0.574114;-0.508307;0.566611;
-0.032832;-0.001809;1.003254;1.059474;0.430624;0.291801;
-0.004324;-0.016313;1.020489;0.578558;-1.561742;0.467374;
-0.024941;-0.082074;1.029965;0.006039;-0.019757;-0.280718;
0.023251;0.002142;0.975233;0.693062;0.812304;-0.746367;
0.018620;-0.034388;1.025118;-0.375640;-0.783116;-0.044076;
0.003567;0.006547;0.958996;0.173978;0.812304;-0.234916;
-0.034662;0.019918;0.979003;0.662528;0.697800;0.146763;
0.001732;0.007762;0.984396;0.380085;-1.783116;0.589511;
-0.022317;0.008284;1.007564;-0.230602;0.445892;-0.379954;
0.036354;0.011976;0.963406;0.395352;-0.065559;-0.158580;
-0.031609;-0.030599;1.033922;-1.673350;-0.569376;-0.181481;
-0.049783;-0.056212;1.055241;0.006039;1.331388;-0.410489;
-0.033009;-0.003765;1.012279;0.784665;-0.828918;0.543710;
-0.021536;-0.072165;1.063928;-0.032129;-0.470139;0.673481;
-0.023887;-0.001195;1.007567;0.196879;1.140548;-0.135679;
0.046902;-0.010595;0.991021;-0.497778;-1.294566;0.307069;
-0.032213;0.006465;1.003011;-0.284037;0.384823;-0.494458;
-0.027866;-0.033103;1.054363;0.158711;1.094747;-0.608962;
-0.019933;-0.015894;1.040844;-0.352740;-0.683879;0.413939;
-0.053498;-0.046672;1.061390;0.792299;0.354289;-0.059344;
-0.052687;-0.049131;1.073982;1.067108;-0.355635;0.528443;
-0.011904;0.000132;0.991232;-0.268770;-1.019757;0.765084;
-0.025383;0.011220;1.032482;0.097642;0.598563;-0.456290;
0.010681;0.022817;0.921490;-0.070297;-0.584643;-0.013542;
0.011889;-0.041054;0.957892;-0.558846;-0.431971;0.024626;
-0.012792;-0.048131;1.034970;0.624360;1.125281;-0.570794;
-0.047406;-0.036561;1.102963;1.296115;-0.561742;0.391038;
-0.037152;0.008981;0.985415;-0.138999;-0.691513;0.528443;
-0.005092;-0.029165;0.973955;0.044207;0.407724;-0.280718;
0.042538;0.058719;0.911618;-0.314572;-0.752582;0.627679;
0.001138;0.009253;0.963495;-0.429075;-0.080826;-0.379954;
-0.025641;-0.044072;1.034674;-0.345106;0.499327;-0.387588;
0.009607;-0.033042;1.010830;-0.688617;-0.920521;0.650580;
0.012522;-0.028768;1.081841;0.166344;0.697800;-0.166214;
-0.007889;-0.016226;0.978917;-0.032129;0.048945;-0.028809;
-0.013152;0.003800;0.992410;-0.268770;-0.622811;0.734550;
-0.031720;-0.035242;1.050311;-0.116098;0.781770;-0.372321;
-0.056859;0.027535;0.949691;-0.696251;0.186350;0.070427;
-0.004186;-0.055318;1.049738;0.059474;-0.920521;0.154397;
-0.019898;-0.056088;1.043497;0.662528;-0.118994;-0.616595;
-0.027260;-0.017240;1.018017;0.273215;-0.897620;0.108595;
0.003184;-0.022728;1.007468;-0.222969;-0.157162;-0.112779;
-0.004260;-0.014816;0.984630;1.876268;0.651999;0.123863;
-0.013419;0.036952;0.971953;0.601459;-0.691513;0.284168;
-0.002504;-0.036767;0.991547;0.685428;0.865739;-0.273084;
-0.050576;-0.032086;1.054026;1.761764;0.583296;0.406305;
-0.031152;-0.033326;1.075009;-0.406175;-0.775483;-0.364687;
-0.010420;-0.006209;0.981033;0.906802;0.995510;-0.517359;
-0.032593;0.059615;0.959499;0.151077;-1.210597;0.704015;
-0.001992;-0.067737;1.018889;-0.993961;0.193983;-0.204382;
-0.039926;0.036843;0.928857;0.548024;0.873373;0.597145;
-0.062214;-0.032900;1.040679;0.471688;-1.737315;-0.028809;
-0.018849;-0.036822;1.007862;0.090008;1.865739;-0.021176;
0.002762;-0.044950;1.067093;1.685428;-1.630444;0.398672;
-0.014823;-0.045411;1.020236;-0.780221;-0.241131;-0.853237;
0.034564;0.050564;0.886895;0.280848;1.064212;-0.089878;
-0.023962;-0.003849;0.983110;-0.726785;-2.126627;0.032259;
0.014944;-0.012116;0.966900;-1.291671;2.491693;-0.204382;
-0.037697;0.017746;0.996327;1.540390;-1.363269;0.696382;
-0.029643;-0.012790;0.983332;-1.978694;-0.264032;-0.303618;
-0.013521;0.013736;1.046541;1.296115;1.888640;0.169664;
-0.009009;-0.056959;1.046394;-0.169533;-2.057925;-0.044076;
-0.003852;-0.033131;1.024545;-0.039762;1.957342;-0.509725;
-0.077555;0.050178;0.975226;0.715963;-1.363269;0.497908;
-0.097568;-0.014161;1.016286;-2.169533;0.514594;-0.173847;
0.037373;-0.036847;1.054648;2.227413;0.506960;0.620046;
-0.002690;-0.032649;1.015764;-1.940526;-1.935788;-0.181481;
0.019730;-0.018108;1.049566;0.746497;2.858105;-0.303618;
-0.063136;-0.030899;1.001728;0.868634;-2.905253;0.215466;
0.018430;-0.018499;0.972621;-0.925259;2.048945;-0.631863;
0.008364;0.040066;0.992941;1.670161;-0.317467;0.146763;
-0.081273;-0.046807;1.059133;-2.497778;-1.370902;0.016992;
0.037392;-0.033638;1.013325;1.395352;1.835204;0.383405;
-0.020349;0.013221;0.920416;-1.077930;-2.867085;-0.379954;
0.029425;0.014718;0.987596;-0.329839;2.758868;-0.547893;
-0.049157;-0.026212;1.009383;1.196879;-2.157162;0.146763;
-0.009812;-0.001818;0.967258;-1.597014;0.682533;-0.654763;
-0.049684;-0.035237;1.028387;1.784665;0.812304;0.261267;
-0.037620;0.039268;0.911055;-1.360373;-2.424337;0.299435;
0.038475;0.006805;0.991442;0.654894;3.476426;-0.051710;
-0.079895;0.023176;0.969543;1.334283;-3.905253;0.055160;
0.037718;0.039965;0.969321;-1.436709;2.850472;-0.334153;
-0.033369;-0.005190;0.981408;2.074741;-0.714414;0.207832;
0.014118;0.030532;0.956405;-1.558847;0.125281;-0.234916;
-0.029110;-0.019608;0.975267;1.219779;1.667266;0.246000;
-0.064861;-0.023826;1.013824;-0.070297;-3.577009;0.475008;
0.047810;0.013507;0.992188;0.105276;3.407724;-0.295985;
-0.132958;-0.019140;1.079780;0.509856;-3.790750;0.421572;
0.042054;-0.003972;1.005716;-1.116098;2.163449;-0.379954;
0.009578;-0.034007;1.001570;0.250314;-0.348002;0.207832;
-0.010373;0.024978;0.971503;-1.085564;-0.416704;-0.357053;
-0.045744;-0.052118;1.052168;1.448787;1.835204;0.246000;
-0.021578;0.026786;1.008973;-0.192434;-3.126627;-0.166214;
0.032593;-0.020657;1.002605;0.051841;3.155815;-0.227282;
-0.096001;-0.042979;1.069990;1.303749;-3.828918;0.421572;
0.062277;0.021588;1.010765;-0.757320;2.819937;-0.830336;
-0.017807;-0.053910;1.031155;1.074741;-1.951055;0.482641;
0.029106;-0.007903;0.960071;-0.734419;0.797037;-0.608962;
-0.054729;0.007547;0.937609;-0.284037;-0.248765;0.520809;
-0.005693;-0.018015;1.033546;-0.306938;-0.638078;-0.868504;
-0.062844;-0.016343;1.054670;-0.192434;0.842838;0.513176;
-0.003136;-0.023180;1.051135;0.883902;-1.867086;-0.624229;
0.051590;0.006436;0.953029;0.868634;2.110014;0.299435;
-0.045290;-0.012119;0.995849;-0.421442;-2.004490;-0.433389;
0.096928;0.001994;0.928295;0.242680;1.949708;0.192565;
-0.140642;-0.032411;1.051502;0.906802;-2.386169;-0.494458;
0.093794;0.011990;0.957955;-0.291671;1.888640;-0.402855;
-0.089538;-0.030847;1.037235;-0.016862;-1.737315;-0.372321;
0.034654;-0.011428;1.003555;-0.757320;1.361922;-0.227282;
-0.121415;0.005909;0.976981;-0.444343;-1.363269;0.505542;
0.026050;-0.023969;0.987620;-0.131366;0.926808;-0.082244;
-0.079643;-0.011000;1.038445;0.418253;-1.370902;0.100962;
0.007820;-0.020555;0.969965;-0.566480;0.682533;-0.677664;
-0.012470;-0.013554;1.042536;0.624360;-0.844185;-0.097512;
-0.019487;-0.008979;0.943002;-0.039762;0.445892;-0.150947;
-0.002664;0.020458;1.009299;0.158711;-0.462505;0.482641;
0.007238;-0.010025;0.922933;0.189245;0.132915;-0.357053;
-0.021420;0.005076;1.037492;0.929703;-0.645712;0.406305;
-0.020106;0.003876;1.003541;-0.284037;0.262686;-0.410489;
-0.004750;-0.033621;1.038553;1.212146;-0.279299;0.085695;
-0.029616;-0.004539;1.013007;-0.490144;0.346655;-0.555527;
-0.045941;-0.034827;1.056899;0.784665;-0.737315;0.223099;
-0.023084;0.014731;0.906867;-1.642816;0.919174;0.291801;
-0.039734;-0.016561;0.983767;-0.062663;-1.042658;0.497908;
0.047064;-0.049904;1.079399;0.250314;1.178716;0.444473;
-0.167732;-0.017189;1.029522;0.311383;-2.294566;-0.410489;
0.040683;-0.045429;1.068919;-0.238236;1.774136;-0.402855;
-0.171901;-0.029807;1.033554;0.639627;-2.332734;-0.456290;
0.132068;0.005838;1.023430;-0.024495;2.812304;0.925389;
-0.170443;-0.044399;0.993918;-0.284037;-3.080826;-0.326519;
0.144673;-0.009632;0.990491;0.250314;2.270319;0.734550;
-0.173784;-0.040780;1.067752;0.082375;-3.187696;-0.685298;
0.124667;-0.099344;1.070047;1.334283;2.010777;0.551344;
-0.127440;0.085737;0.879275;-2.345106;-2.088459;-1.013542;
0.069219;-0.036942;0.993993;1.128176;1.484060;0.772718;
-0.068992;-0.003312;1.011886;-0.993961;-1.195330;-0.036443;
-0.068088;-0.026493;1.041122;1.532757;-0.607544;1.047527;
0.063519;0.020163;0.959953;-1.360373;1.186350;-0.311252;
-0.192010;-0.051154;0.957024;-0.184801;-2.996857;-0.463924;
0.154005;0.011400;1.031355;-0.810755;2.919174;-0.616595;
-0.178195;-0.037739;1.007176;-0.131366;-2.569376;-0.196748;
0.120274;-0.038094;1.015586;0.128176;2.705434;1.329969;
-0.111837;-0.036433;1.056617;0.425886;-2.019757;-0.379954;
-0.016254;-0.047826;1.017383;0.441154;0.339021;1.085695;
0.073670;0.035633;0.951670;-0.780221;1.453525;-1.173847;
-0.106998;-0.056896;1.000378;0.380085;-2.431971;0.184931;
0.120014;0.019156;1.011016;-0.345106;3.094746;-0.311252;
-0.217556;-0.024801;0.988233;-0.688617;-2.378536;0.184931;
0.128670;0.005941;0.964998;0.021306;1.903907;1.169664;
-0.107089;-0.025245;1.015544;-0.490144;-1.370902;-1.433389;
-0.069031;-0.038201;1.067489;1.380085;-1.477773;0.902489;
0.219712;0.010138;0.980821;-0.077930;3.140548;-0.845603;
-0.216600;-0.083623;1.091358;0.677795;-2.737315;-0.051710;
0.079585;0.041173;0.940054;-0.306938;1.949708;1.268901;
0.027417;-0.032038;1.000932;-0.719152;-0.271666;-1.815069;
-0.039088;-0.017335;1.018441;0.548024;-1.806017;0.673481;
0.180588;0.044315;0.912227;0.006039;2.835204;0.711649;
-0.243637;-0.039101;1.000959;-0.329839;-2.500673;-0.929573;
-0.030196;-0.048936;1.082865;0.219779;-0.172429;1.856687;
0.084088;0.002781;1.030113;0.296115;1.667266;-0.410489;
-0.138167;-0.066271;1.023287;-0.062663;-2.080826;-1.616596;
0.053145;0.052649;0.999771;-0.093198;0.827571;1.352870;
-0.048997;-0.056722;1.067831;0.502222;0.881006;-0.876137;
-0.036879;-0.091371;0.979343;-0.261137;-1.966322;-0.639496;
0.050603;0.175023;0.937657;-1.680984;0.392457;2.154397;
-0.065802;-0.132532;1.091819;1.212146;0.354289;-0.662397;
-0.075084;-0.036663;1.067936;0.074741;-1.309834;-0.578428;
0.058928;0.303088;0.892208;-1.795488;0.354289;1.558977;
-0.012313;-0.308117;1.111699;1.441154;-0.065559;-0.967741;
-0.101389;-0.036150;1.126952;0.021306;-1.157162;-0.555527;
0.107175;0.146722;0.764103;-1.360373;0.789403;1.039893;
0.053928;-0.336598;0.994941;2.265581;-0.302200;-0.822702;
-0.117375;0.215600;0.959690;-1.726785;-1.256399;-0.128046;
0.064822;0.045383;1.053496;1.395352;1.087113;0.894855;
-0.053331;-0.324497;0.961933;1.288482;-0.073192;-0.830336;
-0.180184;0.321520;0.817306;-3.780221;-1.828918;-0.670031;
0.154394;-0.064209;1.122383;1.341917;2.094746;0.543710;
0.038609;-0.417406;1.122477;3.624360;0.186350;-0.372321;
-0.178224;0.449817;0.862067;-3.154266;-1.172429;0.658214;
0.177081;-0.012480;0.994671;-0.001595;2.216884;0.597145;
-0.130967;-0.323418;1.099092;4.120543;-0.951055;0.192565;
-0.255137;0.427628;0.877906;-3.337473;-1.783116;0.597145;
0.188731;-0.112553;1.050627;-0.337472;2.079479;-0.357053;
-0.093560;-0.353682;1.172899;4.853367;-0.851818;-0.372321;
-0.197978;0.478283;0.898761;-3.207701;-2.340368;0.253634;
0.183609;-0.004008;0.966194;-1.131366;2.308487;-0.601328;
-0.142683;-0.268428;1.063603;4.128177;-0.630444;0.856687;
-0.297393;0.366975;0.922667;-3.543579;-3.042658;0.536076;
0.159624;0.083483;0.978826;-1.375640;2.255052;-0.036443;
-0.074577;-0.366285;1.116238;5.563291;0.323754;1.123863;
-0.211933;0.399589;0.849149;-3.093198;-2.897620;-1.097512;
0.176877;0.136597;0.991433;-2.986327;2.155815;0.116229;
-0.078183;-0.404000;1.121485;6.135810;1.522228;0.772718;
-0.370952;0.128224;0.915466;-1.375640;-3.760215;-0.998275;
0.191088;0.159313;0.993846;-4.833655;0.903907;1.123863;
0.179826;-0.305173;1.108487;5.891535;2.583296;1.055160;
-0.401777;0.022478;0.850373;0.784665;-4.470139;-0.486824;
-0.073593;0.295645;0.987819;-4.261137;-0.577009;0.047527;
0.251903;-0.166065;1.151639;1.708329;3.957342;-0.021176;
-0.046072;-0.281136;0.870733;2.952604;-0.241131;-1.387588;
-0.069400;0.287184;0.874336;-5.848923;-4.515941;-0.616595;
0.249087;0.083675;1.117656;-0.803121;1.590930;1.200198;
0.056010;-0.252234;0.887292;5.425886;3.888640;0.681114;
-0.341858;-0.107022;0.981844;-1.261137;-3.928154;-1.387588;
0.079359;0.316229;1.127614;-5.284038;-4.012124;-0.005908;
0.286123;-0.007139;1.098434;2.189245;3.369556;1.581878;
-0.102046;-0.385157;0.856348;5.815199;4.087113;0.635313;
-0.190250;-0.072677;1.020695;-3.558847;-2.951055;-2.586061;
0.063708;0.215063;1.395275;-4.016862;-4.157162;-2.631863;
0.200459;0.201390;0.939701;-1.207701;1.728334;-0.044076;
-0.093325;-0.373017;0.788220;7.074741;3.797036;3.215466;
-0.133741;-0.223873;0.974071;-0.299304;-1.157162;1.268901;
-0.094919;0.224490;1.040042;-8.009228;-4.157162;-1.876137;
0.050347;0.258032;1.226097;0.456421;-1.989223;-3.509725;
0.075605;-0.025520;0.941766;3.944970;2.415357;-0.379954;
0.076211;-0.377995;0.947347;4.662528;2.201617;2.772717;
-0.162987;-0.017342;1.119306;-3.673350;-1.340368;1.856687;
-0.222452;0.295058;1.011638;-4.757319;-2.699147;-0.990641;
-0.148894;0.351340;1.044194;0.082375;-1.302200;-4.105145;
0.024984;-0.044073;1.126317;3.265581;0.354289;-1.929573;
0.218619;-0.163171;1.113261;2.212146;1.644365;1.627679;
0.236863;-0.309618;0.944409;0.242680;2.193983;3.513175;
-0.363268;0.114295;0.866119;-2.268770;-1.004490;1.200198;
-0.507935;0.264305;1.011863;-0.902358;-3.683879;-3.860870;
-0.490186;0.308255;1.165300;1.410619;-3.660979;-4.670031;
0.218194;0.060390;1.163377;1.532757;0.468792;-1.456290;
0.668366;-0.350071;0.892403;1.746497;4.789403;3.490275;
0.493953;-0.276551;0.699466;-1.482511;4.331388;3.933023;
-0.492468;0.121508;0.880753;-0.451976;-1.569376;1.360504;
-0.678646;0.318404;0.945769;-0.971060;-6.027391;-3.433389;
-0.478164;0.287976;1.314740;0.486955;-6.141895;-4.899038;
-0.084437;0.153996;1.244143;0.593825;-0.409070;-0.631863;
0.760477;-0.411281;1.018245;0.494589;5.010777;3.093328;
0.857849;-0.528291;0.863715;0.708329;7.659632;4.215466;
0.002205;-0.064129;0.776923;-0.009228;2.041312;0.307069;
-0.421285;0.254277;0.703300;-2.909992;-5.493040;-3.173847;
-0.870275;0.332782;1.387333;0.548024;-9.363269;-3.769267;
-0.667632;0.341937;1.374661;1.067108;-5.973956;-0.723466;
0.261979;-0.224091;1.080500;1.051841;0.842838;2.589511;
0.552786;-0.367637;0.913295;1.021306;7.514593;3.200198;
0.914555;-0.410885;0.644658;-2.085564;9.461159;0.841420;
0.681048;-0.308335;0.657560;-0.803121;3.942075;-2.128046;
-0.306109;0.070024;1.053298;1.021306;-2.981589;-3.288351;
-0.592427;0.274049;1.097690;-1.276404;-9.050292;-2.975374;
-0.757714;0.258218;1.458421;-2.123732;-9.485406;-0.631863;
-0.586142;0.057291;1.464349;2.601459;-5.256398;2.856687;
0.179931;-0.282162;0.760573;2.975505;1.186350;4.704015;
0.378890;-0.320417;0.707801;-0.680984;7.041311;3.284168;
0.556092;-0.300162;0.870497;0.097642;7.674899;-0.708199;
0.397235;-0.197102;0.894643;-0.161900;5.262686;-3.303618;
-0.107532;0.129719;0.975016;-0.841289;-1.470139;-3.288351;
-0.245685;0.289906;1.093944;-2.085564;-5.302200;-2.486825;
-0.494819;0.058673;1.371891;1.326650;-7.042658;-0.708199;
-0.395947;0.000574;1.233219;2.761764;-6.951055;1.375771;
0.058553;-0.299225;0.836769;-0.360373;-3.279299;2.726916;
0.216289;-0.330421;0.818720;0.364818;0.514594;2.230733;
0.423929;-0.319911;0.847863;2.341917;5.659632;2.039893;
0.377064;-0.190877;0.773441;0.853367;6.484059;1.016992;
-0.036895;0.214142;0.918718;-2.680984;3.728334;0.230733;
-0.164116;0.380603;0.961460;-1.169533;-1.118994;-0.899038;
-0.256548;0.456798;1.188480;-0.627549;-4.332734;-1.586061;
-0.229863;0.391121;1.248028;1.441154;-5.050292;-1.677664;
-0.057883;-0.090249;1.092286;0.990772;-4.439605;-1.723466;
-0.008485;-0.216016;1.038720;2.212146;-2.607543;-1.288351;
-0.024093;-0.281526;0.980539;2.044207;-1.409070;-0.944840;
0.345738;-0.694431;0.989671;2.280848;1.186350;0.223099;
0.279939;-0.682349;0.941169;1.441154;3.415357;1.803252;
0.590488;-0.595348;0.654133;-1.055030;5.384823;3.543710;
0.754478;-0.299905;0.797974;-3.887091;6.522227;3.879588;
0.768947;-0.297168;0.801833;-4.184801;6.964975;2.200198;
0.701889;0.189338;0.838575;-3.711518;7.163448;-0.593695;
0.637184;0.141651;0.867078;-2.894724;5.476426;-3.395221;
0.211944;0.561966;0.961711;-1.543579;3.590930;-4.326519;
0.256402;0.525101;0.973100;-0.925259;1.529861;-5.295985;
-0.116051;0.609038;1.125528;-0.467243;-1.027391;-4.792168;
0.078797;0.532407;1.016259;-0.894724;-1.508307;-5.013542;
-0.148085;0.405655;1.273300;-0.581747;-1.508307;-5.425756;
0.125154;0.315373;1.161770;0.204512;-0.722047;-5.998275;
-0.110004;0.278379;1.167918;1.372451;-1.332734;-6.341786;
0.145366;0.077368;1.177294;-0.650450;0.346655;-6.387588;
-0.080479;0.101839;1.225928;-0.368007;0.781770;-5.044076;
0.309030;-0.105762;1.028816;1.128176;2.903907;-3.303618;
0.131489;-0.151959;0.988440;1.563291;4.247418;-0.662397;
0.270303;-0.427521;1.017574;2.830467;4.537495;3.085695;
0.121616;-0.308939;0.983569;1.914436;4.835204;5.246000;
0.104890;-0.334028;0.951464;0.937337;4.239784;5.681114;
0.204222;-0.244614;0.900983;0.242680;3.896273;5.139130;
0.335564;-0.172335;0.778231;-0.329839;5.277952;4.871954;
0.175127;-0.281678;0.822293;-0.726785;4.980243;5.375771;
0.353285;-0.250278;0.795958;0.975505;5.102380;5.536076;
0.297898;-0.404100;0.881838;0.074741;4.552762;5.711649;
0.266630;-0.288580;0.965413;0.257947;3.522228;4.016992;
0.049530;-0.024334;1.054925;-1.291671;2.506960;1.574244;
0.451003;-0.019363;0.784036;-3.062663;1.369556;-0.616595;
0.034928;0.247272;0.984298;-2.032129;0.713067;-2.891405;
0.309421;0.102822;0.947394;-0.070297;1.064212;-4.219649;
-0.066019;0.371042;1.004636;0.868634;1.216884;-3.876137;
0.326934;-0.048996;1.035248;1.006039;2.171082;-3.608962;
0.356614;-0.024050;1.047699;1.891535;5.094747;-3.593695;
0.831069;-0.352217;0.988569;1.341917;7.720700;-2.540260;
0.842982;-0.433728;0.992977;1.242680;8.606196;-1.013542;
0.319811;-0.374546;1.007523;1.639627;7.537495;2.139130;
0.004141;-0.384032;1.067202;4.486955;4.239784;4.162030;
-0.251292;-0.247047;1.024644;4.540390;0.873373;4.711649;
-0.880167;0.256945;1.117840;2.303749;-3.767849;2.955924;
-0.792972;0.235143;1.117762;0.830467;-5.493040;0.589511;
-0.212034;0.421190;1.161398;-0.703885;-6.187696;-0.914305;
-0.069135;0.440648;1.099065;-2.016862;-5.775482;-1.219649;
0.206225;0.315210;1.039586;-2.948159;-2.218230;-3.769267;
0.127659;0.245319;1.036943;-1.917625;0.957342;-4.479191;
0.103766;-0.303376;1.003196;1.906802;4.186350;-3.662397;
0.069992;-0.465213;1.039546;2.517489;5.903907;-0.486824;
0.090024;-0.529692;0.962995;2.028940;4.529861;2.871954;
0.083072;-0.457989;0.960280;2.677795;0.621464;4.757450;
-0.224494;0.305626;1.180933;2.891535;-3.248765;3.589511;
-0.382621;0.519087;1.138955;-0.772587;-5.317467;-2.089878;
-0.247256;0.511880;1.044083;-2.146633;-2.859452;-4.463923;
-0.216438;0.383689;1.205111;0.624360;0.270319;-0.754000;
0.159125;-0.292074;0.941444;0.013673;2.873372;0.833786;
0.311952;-0.595556;0.947869;0.509856;4.468792;1.322336;
0.563571;-0.785075;0.960542;1.578558;4.056579;2.368137;
0.205125;-0.350763;1.075633;2.761764;0.697800;2.482641;
-0.110456;-0.026776;1.123579;2.593825;-2.470139;1.162030;
-0.678159;0.772821;1.041490;0.906802;-4.638078;-1.570794;
-0.587847;0.771629;1.095310;-3.253503;-3.813651;-3.921939;
-0.004938;-0.092890;0.881407;-3.138999;-0.149528;-3.303618;
0.464423;-0.763395;0.987402;-0.161900;5.018411;1.337603;
0.404837;-0.715730;1.080423;4.738863;3.972609;6.016992;
-0.260985;0.303047;1.056820;5.693062;-0.691513;6.192565;
-0.391288;0.672030;1.034516;2.227413;-5.493040;0.452107;
-0.201991;0.876092;0.907368;-5.253503;-4.378536;-7.563160;
0.177628;0.003098;0.998932;-4.299305;1.255052;-7.692931;
0.079048;-0.386031;0.910797;-1.604648;5.148182;-1.082244;
-0.022463;-0.736052;1.199711;7.609093;4.667266;6.078061;
0.059436;-0.396982;1.140356;3.120543;-2.134261;8.757451;
0.006846;0.738178;1.002444;0.326650;-6.080826;3.100962;
-0.003572;0.672033;1.024313;-4.505411;-3.057925;-6.517359;
-0.352058;-0.244866;0.848006;-4.803122;2.132914;-7.601328;
0.307930;-0.547512;0.939730;3.173978;6.224517;-2.578428;
0.835141;-0.262774;1.127178;5.196878;6.354288;3.833786;
0.794119;-0.234240;0.885942;-1.558847;-0.332734;10.436840;
-0.655154;0.554703;0.871305;-4.398541;-5.416704;3.635313;
-0.745859;-0.130280;1.065377;-0.826022;-2.233498;-8.601328;
-0.051069;-0.359258;1.101609;0.143444;4.560395;-5.448657;
0.983618;-0.360006;1.010844;1.235047;4.155815;5.230733;
0.516092;-0.348308;0.805782;-1.894724;-0.332734;10.620047;
-1.166928;0.492707;1.097607;-0.795488;-6.622810;4.734550;
-0.883182;0.359706;0.947221;2.166344;-0.271666;-10.280717;
1.058961;-0.305300;0.896416;0.845734;4.552762;-5.998275;
1.139078;-0.459507;0.883618;-4.154266;3.789403;6.276534;
-0.185838;-0.240158;1.103996;0.525123;-3.180063;9.704016;
-0.971334;0.339893;1.158446;4.288482;-6.027391;-0.547893;
0.117393;0.335732;0.884116;0.166344;3.262686;-11.379953;
1.008635;-0.621381;0.953984;-2.322205;5.575663;-1.395221;
0.371560;-0.614625;0.996114;-0.009228;1.361922;9.818520;
-0.824838;0.563208;1.071464;2.265581;-5.531208;2.009359;
-0.891531;0.672114;1.151569;0.319016;-5.042658;-4.586061;
0.276620;-0.428525;0.969159;-1.848923;2.911540;-3.250183;
0.909667;-0.536878;0.763498;-4.612282;4.224518;4.261267;
-0.450694;0.166191;1.446538;6.563291;-5.149529;7.513175;
-0.620260;0.490007;0.824502;-1.841289;-2.653345;-8.502091;
0.548120;-0.397059;0.920904;-1.856556;6.850471;-7.326519;
0.363370;-0.478072;0.952960;0.380085;1.781770;7.543710;
-0.660380;0.418125;1.102240;2.708329;-7.019757;2.650580;
-0.484817;0.267672;1.007685;-1.215335;1.010777;-4.960107;
0.561369;-0.420403;0.956604;0.380085;6.430624;5.887221;
0.124352;0.161517;1.087594;-0.887091;-7.584642;8.864321;
-0.233988;0.520945;1.067403;0.876268;0.415357;-9.792168;
0.374324;-0.543244;0.950935;0.387718;6.888639;-8.784534;
0.169695;-0.018855;0.889447;-2.635182;-5.439605;7.192565;
-0.728568;0.570872;0.968810;-0.993961;-2.515940;-6.341786;
-0.354432;-0.004445;1.106357;-1.513045;6.491693;-9.059343;
0.979816;-0.554715;0.906062;-2.016862;2.545128;13.108596;
-0.778132;0.149833;1.227385;0.372451;-6.233498;9.475008;
-1.283604;0.495771;1.202775;5.609093;-3.309834;-3.647130;
0.614500;-0.113265;0.797896;-5.001595;2.048945;-8.334152;
0.705027;-0.676301;0.990726;1.486955;6.163448;1.421572;
0.381372;0.264772;0.808622;-2.520679;-1.630444;9.016993;
-1.157359;0.232479;0.826483;-0.337472;-3.722047;1.757450;
0.654284;0.016818;0.774427;1.960238;5.201616;-13.120412;
1.165929;-0.457613;0.845737;-7.001595;0.804670;0.612412;
-1.095250;0.280650;1.304964;6.479321;-2.493040;8.719283;
-0.500997;0.776796;0.930164;-1.138999;-3.317467;-4.402855;
0.574554;-0.886480;1.135231;-3.047396;5.674899;-4.463923;
0.131511;-0.295930;1.238402;7.960238;-1.592276;12.329969;
-0.400605;0.456421;0.714822;-5.276403;-1.599910;1.177298;
0.066424;-0.649536;1.017394;3.952604;6.819937;-9.937205;
0.040678;0.586794;1.178231;3.265581;-7.431971;7.406305;
-0.193834;0.318248;0.614690;-8.810755;1.949708;-5.792168;
0.124370;-0.566102;1.364738;8.624360;4.216884;-7.379954;
0.407735;0.864295;0.890772;-1.902358;-7.050292;7.329969;
-0.466734;-0.688325;0.732310;-3.703885;6.728334;-0.731099;
0.002961;-0.319048;1.368242;5.288482;-4.386169;1.986458;
-0.102360;0.391182;0.815197;-4.108465;-1.187696;1.452107;
-0.380615;-1.006593;1.008702;4.548024;5.735968;-4.295985;
0.522151;0.872598;1.126588;0.906802;-7.897620;1.627679;
-1.074590;0.237505;0.611451;-4.520679;1.270319;0.856687;
1.063543;-0.166156;1.019067;2.364818;6.690166;-7.265450;
-0.116088;0.512535;1.169556;-5.062663;-10.355636;11.039893;
0.188943;-0.614986;0.976092;6.944970;11.621464;-6.196748;
1.084776;0.124349;1.080134;-4.642816;-10.951056;1.001725;
-0.924815;0.155853;0.724264;2.425886;3.980242;3.475008;
0.778134;-0.100171;0.984288;-5.306938;6.033677;-16.013542;
-0.090205;-0.630942;1.195514;2.983138;-5.393803;12.696382;
-0.858696;0.576201;0.931911;-1.635182;-0.057925;1.238366;
0.614983;-0.821175;0.853939;0.319016;5.499327;-6.036443;
-0.702540;0.589404;1.338879;-0.902358;-7.889986;11.482641;
-0.615450;-0.047402;0.597568;1.441154;6.506960;-5.166214;
0.459732;0.062195;1.189350;-2.138999;-2.668612;-7.677664;
-1.191617;0.042922;1.056633;-0.368007;-3.286933;9.047527;
0.656910;0.303189;0.819982;-7.398540;6.552761;-18.288351;
0.171879;-1.118311;1.032567;4.593825;-1.027391;8.719283;
-0.586327;0.789492;0.998412;-3.123732;-4.515941;8.307069;
-0.235206;-0.204688;0.851794;1.189245;4.369555;-9.280717;
0.102864;-0.305045;1.450347;2.983138;-0.370902;7.284168;
-0.172105;-0.187172;0.811203;0.509856;-5.233498;8.230733;
-0.223727;0.239903;0.893428;0.578558;3.407724;-10.570793;
0.614596;-0.188281;1.261510;1.593825;1.888640;0.597145;
-0.623519;0.283338;0.972401;-1.482511;-6.767849;8.184932;
0.073799;0.139755;0.840906;-3.978694;5.713067;-11.425756;
0.581034;-0.724072;0.879342;0.120543;0.041312;1.986458;
-0.226428;0.335354;1.429287;-3.948159;-6.752582;9.887221;
0.201662;-0.611072;0.805641;4.845734;8.995509;-6.318886;
0.595138;0.160288;1.021945;-5.169534;-11.088460;3.261267;
-0.350354;-0.068941;0.533428;3.395352;8.743601;-2.349420;
0.229843;0.234272;1.290536;-5.360373;-3.966322;-5.647130;
-0.871704;0.553528;0.874173;2.983138;1.079479;5.826152;
0.576608;-0.577604;0.623422;-4.894724;6.117647;-8.944839;
-0.996222;0.445426;1.400925;5.784665;-8.218230;11.558977;
0.800428;-0.507627;0.659224;-10.032128;8.842838;-5.654764;
-1.055005;0.151272;1.793028;11.112909;-10.386169;5.299435;
0.652616;-0.426661;0.715736;-9.902358;8.873372;-9.341785;
0.081884;-0.211506;1.231217;7.227413;-8.431971;6.528443;
-0.039772;0.129041;0.570900;-4.963427;4.247418;-2.418122;
0.674925;-0.329761;0.959377;1.227413;-1.202963;-0.410489;
-0.245365;0.469737;1.023949;0.105276;-1.470139;8.711649;
0.642411;-0.160821;0.749620;-3.291671;2.743602;-4.181481;
-0.078245;0.483248;1.235528;3.296115;-4.653345;4.871954;
0.411157;-0.014377;0.687210;-5.520679;4.881006;-2.563160;
-0.133550;0.706413;1.158838;2.273215;-5.157162;-2.578428;
-0.473119;-1.086169;0.883950;-6.474876;4.339022;-2.051710;
0.027979;0.845268;1.063694;2.593825;0.881006;-2.792168;
-0.731428;-0.732536;1.246283;-6.261136;-1.783116;1.177298;
0.163032;0.484913;0.928569;4.983138;8.568028;-0.082244;
-1.273623;0.117255;1.780484;-3.398541;-13.500673;4.673481;
1.114390;-0.287809;0.266871;3.418253;16.545128;-3.692931;
-2.008153;0.391023;1.785118;0.792299;-17.928154;7.589511;
1.938320;-0.554041;0.366864;-3.490144;14.674898;-11.280717;
-1.417496;0.038761;1.234715;5.402986;-2.691513;8.154397;
-0.938726;0.247206;1.826144;-2.268770;-3.515941;-3.265450;
0.804694;-0.314278;-0.282989;-5.108465;14.216885;0.490275;
-2.023235;0.412610;1.821305;2.036573;-18.164795;6.673481;
1.589800;-0.758251;0.454855;7.509856;8.873372;-5.486825;
0.754702;0.239140;-0.619066;-15.711517;3.919174;-2.685298;
-1.171506;-0.325202;1.825716;10.288482;-11.386169;2.230733;
0.097376;-0.722552;0.819552;5.196878;3.575662;-0.013542;
1.773342;0.940447;-0.096988;-6.284037;7.331388;-5.158580;
-1.626729;-0.796646;1.824228;9.082375;-13.462505;7.360504;
0.820250;-0.001541;0.961573;-2.703885;10.850471;-5.212015;
-0.967337;0.065988;1.226654;-0.238236;-4.454872;3.177298;
-0.243705;-0.548455;1.499204;2.448787;-1.775483;-0.891405;
0.176687;0.319169;0.868477;-1.619915;2.766502;-0.318886;
0.130924;-0.728950;1.180892;1.173978;-1.569376;0.856687;
-0.346001;0.742476;1.376120;-1.696251;3.224518;1.841420;
0.188928;-0.093228;1.205200;0.586192;-4.332734;-0.379954;
-0.513728;0.377760;0.898927;-0.184801;8.957342;-0.547893;
-0.504728;0.640242;1.827619;0.990772;-12.508307;-0.150947;
1.223451;-0.976551;0.251885;-2.642816;13.048944;-4.983008;
-1.397719;0.821016;1.823589;3.372451;-10.126628;5.200198;
0.297307;-0.530586;1.425528;-0.635182;1.964976;-3.914305;
-0.574060;0.468296;1.000212;-2.597014;6.697800;0.368137;
-1.066798;-0.108271;1.825949;4.006039;-9.019757;1.429206;
0.630485;0.509427;-0.200979;-8.345106;10.048944;-2.784534;
-0.902134;0.045304;1.826504;13.899169;-10.523574;6.299435;
0.366938;-0.815411;1.125716;-7.047396;8.980243;-3.624229;
-0.490004;0.781746;1.191897;1.189245;-8.973956;2.223099;
0.407796;-1.169181;1.658415;8.372451;9.468792;-3.517359;
-0.796994;1.082560;0.932143;-9.726785;-10.935788;2.337603;
0.665031;-0.583045;1.276135;12.792298;8.491693;-3.975374;
-1.051864;0.894710;1.018860;-6.703884;-3.989223;6.055160;
-0.165842;0.088087;1.430034;2.364818;-4.813650;-1.028809;
-0.267739;-0.027841;0.769312;3.464054;10.728334;1.558977;
-1.012279;1.123350;1.559754;-6.001595;-15.905253;1.001725;
0.863369;-1.222092;0.405885;5.128177;13.827570;-6.013542;
-1.558156;0.549366;1.240008;-4.413808;-7.615177;4.062794;
0.146127;0.685433;1.555211;2.731230;0.201617;-7.616596;
-0.440451;-0.473483;0.408538;-1.016862;5.048945;4.536076;
0.677509;0.297418;1.203351;-0.146633;-15.309834;1.505542;
1.599142;-0.486318;0.011743;-0.200068;18.888639;-3.219649;
-2.018568;0.008309;1.723478;4.494589;-18.905254;10.612412;
1.927480;0.201746;0.070409;-11.055030;12.216884;-9.349420;
-0.306390;-0.031033;1.029176;8.135810;-5.286933;5.055160;
0.388769;0.077842;0.583009;-0.887091;5.804670;-5.830336;
-0.492061;0.868543;1.137895;-1.650450;-8.073193;2.589511;
0.745311;-0.951255;0.689116;4.166345;11.079479;-5.937206;
-1.106087;0.962791;0.853754;-8.581747;-10.508307;10.169664;
-0.293196;-0.273621;1.793176;6.494589;-0.912887;-1.395221;
-0.013301;0.408178;0.254663;-1.589381;10.438258;0.398672;
-0.759301;0.839582;1.775325;0.662528;-12.577009;-0.830336;
0.373699;-1.040561;1.357503;3.792299;8.705433;-3.921939;
-0.477632;1.147451;0.718545;-6.200068;-3.737315;-2.456290;
-0.016147;0.500092;1.622140;3.166344;-4.103727;-2.555527;
-0.034948;-0.490182;0.550884;0.006039;9.949708;2.131496;
-0.782845;1.261600;1.694773;1.532757;-11.935788;3.162030;
0.892951;-1.180009;0.335679;-0.474877;8.850471;0.536076;
-0.428399;0.438505;0.712108;0.364818;-5.775482;3.917756;
0.553143;-0.513035;1.125740;0.257947;-0.767849;-3.234916;
0.745007;-0.291100;-0.064086;-1.688617;6.400090;-0.914305;
-0.700873;-0.003510;1.827421;3.639627;-11.905253;0.268901;
1.430120;-0.507640;-0.160653;-7.245869;13.842838;-6.815069;
-1.304653;0.219173;1.824595;7.960238;-10.019757;7.879588;
0.734509;-0.727978;0.903754;-4.680984;6.453525;-3.250183;
0.449838;0.763016;-0.143120;-0.665717;-3.172429;4.184931;
-0.006757;-0.980710;1.816018;10.242681;-0.294567;-0.738733;
-0.111309;0.388404;0.311728;-12.940526;0.499327;-0.524992;
0.560832;-0.600948;1.248870;6.448787;-3.332735;-0.685298;
0.252012;-0.097414;0.716291;0.097642;9.193983;-1.502092;
-0.008719;-0.290782;1.264389;0.044207;-11.760216;2.299435;
1.138411;-0.520003;0.505151;4.998405;15.613831;-3.273084;
-0.995480;0.807492;1.290617;-5.192434;-15.622811;3.726916;
1.080559;-0.844051;0.585492;3.235047;9.911540;-3.288351;
-0.315667;0.178273;0.838476;0.173978;-3.035024;3.352870;
0.549159;-0.238759;1.170803;-3.093198;-6.126627;-3.471557;
1.055923;-0.887286;0.295955;4.502222;15.568029;-1.341786;
-0.894404;0.777323;1.676256;-3.245869;-17.951056;3.146763;
1.894099;-0.547578;0.308724;-1.314572;15.361921;-7.776901;
-0.587984;-0.085360;0.694612;4.464054;-7.729681;9.016993;
0.780697;-0.037541;0.923444;-6.100831;-3.126627;-4.059343;
1.267726;0.182997;0.084445;1.173978;10.209250;-0.105145;
-0.566509;-0.554889;1.756185;4.525123;-8.118994;1.459740;
0.492477;0.709166;0.063716;-8.887091;4.354288;-2.410489;
0.260696;-0.777629;1.450790;6.647261;-1.676246;-0.288351;
0.001974;-0.115876;0.412697;-6.734419;1.155815;3.108595;
0.242085;-0.304341;1.431236;5.906802;-4.889986;-1.311252;
1.287575;-0.179174;0.045712;-5.810755;9.873372;-0.410489;
-0.935204;-0.299921;1.826709;5.402986;-12.538841;2.261267;
0.860784;-0.118730;0.729622;-4.810755;11.621464;-4.792168;
-0.700139;-0.336193;1.535731;3.311383;-11.180063;4.047527;
0.408697;-0.516998;0.827098;1.372451;9.522227;-1.784534;
-0.161745;0.653398;1.183704;-0.528312;-8.149529;0.490275;
0.393153;-0.955159;0.976602;3.082375;5.308487;-1.326519;
-0.251402;0.288485;0.888986;-1.535946;-3.004490;1.566611;
0.561074;-0.644255;0.961340;1.502222;0.636731;-1.471557;
-0.857565;0.826094;1.409689;0.395352;3.148182;3.398672;
-0.048172;0.192891;1.584790;-0.055030;-4.874719;-2.479191;
-0.065969;0.094594;0.281110;-3.535946;11.934441;-0.608962;
-1.315715;0.655810;1.824109;5.639627;-14.218231;3.635313;
0.719677;-0.504740;0.970907;-3.574114;8.308487;-6.250183;
-0.860481;0.386340;1.297796;1.456421;-1.004490;2.917756;
-1.175842;-0.038939;1.825410;2.028940;-7.569376;0.009359;
1.145408;0.253374;-0.294440;-5.543579;12.705433;-4.860870;
-1.580589;0.139342;1.823486;5.471688;-14.042658;8.169664;
1.581224;0.146478;-0.215515;-5.146633;11.659632;-5.456290;
-0.408363;0.461960;1.106131;2.273215;-2.981589;4.429206;
0.483588;-0.530932;0.906274;-0.024495;-2.554108;0.940656;
1.261762;0.746359;-0.039868;-1.551213;9.926807;-4.921939;
-1.156747;-0.021398;1.825474;1.647260;-13.141895;3.673481;
1.035634;0.079714;0.322205;-2.001595;10.461159;-7.135680;
0.106344;0.721156;1.177667;5.784665;-6.676246;2.673481;
-0.173968;-0.587204;0.668641;-7.696251;6.255052;-0.234916;
0.078945;1.339926;0.731673;2.120543;-5.409070;2.497908;
0.203514;-1.414222;0.844926;2.876268;7.354288;1.475008;
-0.190881;1.432621;1.294643;-2.016862;-10.393804;3.093328;
1.297817;-0.899303;0.964534;5.082375;7.804670;-6.082244;
-1.589288;1.009164;1.462870;-4.711518;-7.470139;6.795618;
1.086637;0.189356;1.085776;1.616726;-0.111360;-8.502091;
-1.570064;0.004109;1.032245;0.166344;5.232151;3.207832;
-0.800702;0.235107;1.718050;-2.551213;-8.431971;-3.280718;
0.313783;0.105213;0.465824;-0.184801;13.117647;-1.937206;
-1.240318;-0.727218;1.825824;7.960238;-11.691513;7.719283;
0.725137;0.250218;0.098900;-12.680984;9.026044;-2.479191;
-0.561114;-0.108155;1.684044;9.853367;-9.676246;4.719282;
0.573165;-0.996494;0.834463;-2.299305;9.881006;-5.395222;
-0.548756;0.664766;1.495721;-0.665717;-12.607544;2.948290;
1.387125;-0.914109;0.533453;-0.612282;15.033678;-7.372321;
-1.449029;0.486251;1.823705;-4.299305;-11.660979;7.284168;
0.613377;-0.799767;1.371592;4.112909;2.415357;-2.219649;
0.526293;-0.004079;0.162415;-3.352740;2.942075;2.413939;
-0.384866;0.134520;1.828644;1.303749;-10.912888;-0.502092;
0.741879;-1.334352;0.676901;1.700696;11.293220;-2.097512;
-0.623516;1.430998;1.298242;-3.680984;-8.538841;-0.837970;
0.476641;-0.387382;1.383412;2.967871;2.110014;-4.097511;
-0.790631;0.541407;0.772898;-1.917625;2.506960;3.780351;
-0.355198;0.826216;1.774230;1.372451;-7.821284;-0.295985;
0.388792;-0.545378;0.011337;-2.635182;12.400090;0.887221;
-1.287024;0.850557;1.824037;6.257947;-14.073193;4.902488;
1.268069;-0.773276;0.055724;-5.604648;10.751235;-6.395222;
-0.894202;0.579919;0.830355;1.815199;-6.126627;5.268901;
0.992003;-0.703921;0.888692;-0.024495;2.949708;-6.608962;
-0.380914;0.430195;0.396725;-5.222969;-1.920521;3.368137;
0.609450;-0.633693;1.229877;8.723597;-1.386170;-0.288351;
0.357637;0.155108;0.205460;-11.513044;6.980243;2.062794;
-0.409135;-0.525523;1.829203;9.319016;-11.531208;2.116229;
0.579501;-0.652441;0.408839;-0.039762;10.323754;-2.280718;
0.150874;1.121253;0.266290;-7.742052;-4.821284;-2.754000;
-0.098030;-1.268875;1.757022;11.777032;-0.470139;-0.944840;
-0.066665;-0.198770;0.379239;-10.329839;6.529860;0.391038;
0.161059;1.447732;0.771101;2.303749;-6.225864;-0.601328;
-0.065707;-1.241132;0.681164;-1.696251;5.323754;2.299435;
-0.083851;0.797474;0.589986;-2.696251;-2.523574;0.429206;
0.166713;-1.029504;1.428553;7.006039;-2.706780;0.184931;
-0.063329;-0.407686;0.264766;-9.574114;4.568029;0.391038;
0.202110;0.250117;1.616682;8.815199;-7.035025;-1.349420;
0.566911;-1.260323;0.469237;-7.581747;10.262685;-0.547893;
-0.628876;1.193158;1.701442;4.639627;-12.004491;2.246000;
0.996138;-0.981786;1.250178;3.769398;9.713067;-4.242549;
-1.182693;0.926533;1.281616;-6.406175;-8.012124;5.971191;
0.313120;0.049211;1.632085;9.670161;0.682533;-3.960107;
-0.771377;0.288207;0.418458;-10.589380;1.797036;3.062794;
-0.869987;0.463615;1.826223;6.830466;-8.370902;-1.334153;
0.511192;-0.006474;0.071165;-2.291671;13.491693;-2.914305;
-1.679816;0.161099;1.777977;2.761764;-15.897620;6.635313;
1.670815;0.334936;-0.056689;-3.451976;14.667265;-6.692931;
-0.893103;-0.009512;1.254834;3.006039;-9.653345;6.230733;
-0.488289;-0.577445;1.416490;-2.810755;5.186350;-1.494458;
0.215714;0.663088;0.409273;-0.742053;3.583296;-1.372321;
-1.066540;-0.033437;1.769892;1.151077;-9.065558;-0.066977;
0.939841;-0.367207;0.262399;0.777031;12.903907;-6.066977;
-0.928117;0.779914;0.993149;-0.902358;-9.325101;2.833786;
1.062721;-0.866459;0.801297;0.173978;3.606197;-4.166214;
-0.027893;-0.473860;0.226990;-0.490144;4.369555;5.536076;
-0.001220;0.532832;1.815233;2.685428;-10.943421;0.039893;
1.130156;-1.166569;0.233864;-2.597014;12.277952;-1.685298;
-1.053781;1.041755;1.824850;0.235047;-7.493040;2.818519;
0.571546;-0.524506;1.159551;-1.688617;1.293220;-3.998275;
-0.933981;0.586195;1.135087;-2.222969;3.193983;3.543710;
-0.650858;0.185123;1.827447;5.967871;-9.057925;0.001725;
0.502044;0.043330;-0.163306;-7.345106;11.865739;-1.860870;
-1.304545;0.478586;1.824335;8.647261;-12.783116;5.475008;
1.243117;-0.242482;-0.142253;-4.772587;9.919174;-6.868504;
-0.755064;0.681133;1.134100;0.548024;-5.508307;4.612412;
-0.072876;-0.825220;1.830953;2.670161;5.277952;-4.089878;
-0.495286;0.855080;0.533300;-8.597014;-4.622811;2.780351;
0.166959;-0.360407;1.208223;7.357184;3.926808;-1.975374;
-0.586001;0.618097;0.910959;-8.658083;-3.615177;3.558977;
-0.205294;-0.239695;1.128371;2.899169;-0.561742;-0.128046;
-0.031950;0.643574;0.859178;-0.039762;4.377190;0.795618;
-0.757960;0.068971;1.682543;-1.200068;-8.470139;0.520809;
0.546209;0.225471;0.297627;0.876268;11.346655;-3.059344;
-0.880280;0.585906;1.703581;0.158711;-12.569376;1.635313;
0.908678;-0.463342;0.093521;-4.222969;10.881006;-4.395221;
-0.621498;0.622894;1.415660;7.899169;-6.080826;4.223099;
0.803053;-0.653280;0.619012;-7.513044;2.132914;-2.059344;
0.676139;0.229288;0.206521;3.067108;6.949708;0.589511;
-0.577021;-0.307245;1.723358;-0.932892;-8.851818;0.574244;
1.438884;0.138280;-0.213270;-6.368007;12.079479;-5.975374;
-1.174512;-0.488850;1.825868;12.670161;-10.409071;6.612412;
0.633252;-0.202388;0.306506;-9.971060;7.178716;-4.448657;
0.184253;0.920285;0.580569;4.586192;-5.363269;2.360504;
0.129573;-1.135891;1.353223;2.738863;6.140548;-2.318886;
-0.440902;0.979065;1.283335;-8.543579;-6.080826;1.910122;
0.557241;-0.973003;1.396221;9.700695;5.545128;-2.845603;
-0.973006;1.282350;0.901738;-11.535946;-5.653345;5.520809;
0.353610;-0.401892;1.366036;7.242681;-1.302200;-2.051710;
0.521136;-0.801350;0.490188;-2.642816;6.690166;1.497908;
-0.164824;0.321888;1.453550;-1.810755;-10.622811;-2.059344;
1.012374;-0.719516;0.645627;4.456421;13.529860;-4.166214;
-0.756127;0.189210;1.511453;-0.734419;-13.645712;4.459740;
0.897963;-0.229326;0.522346;-4.253503;12.033677;-3.715832;
-0.513137;0.469717;1.240554;6.960238;-9.668612;5.650580;
0.524336;-0.224443;0.347379;-5.803121;10.064212;-3.334153;
-0.692517;0.786850;1.548171;4.967871;-10.920521;3.749817;
0.488750;-0.820495;0.318853;-1.520679;10.873372;-3.937206;
-0.981608;1.043490;1.388039;-0.940526;-9.210597;5.589511;
1.028277;-1.084251;0.307433;2.563291;8.453525;-5.402855;
-0.657934;0.754721;0.867768;-5.322206;-4.859452;3.665847;
0.647366;-1.006654;1.041628;7.319016;-1.874719;-0.914305;
0.481118;0.511112;-0.012124;-10.368007;5.911540;-3.815069;
-0.819495;0.243162;1.695401;8.555657;-9.035025;3.352870;
0.497909;0.353678;0.333386;-5.177167;8.865739;-4.914306;
-0.471893;0.391042;1.443609;4.654894;-7.409070;4.818519;
0.213119;0.323484;0.492005;-3.009228;6.026044;-0.837970;
0.170242;-0.876090;1.189759;1.883902;-5.256398;1.551343;
-0.056366;0.358930;0.586271;-1.368007;1.552762;1.795618;
0.266853;-0.756099;1.047573;1.402986;0.407724;-3.273084;
-0.284598;0.512797;0.846585;-1.123732;-4.561742;3.681114;
0.378416;-0.628763;0.922542;4.166345;7.438258;-6.135680;
-0.870036;0.479491;1.313809;-2.100831;-10.653345;5.268901;
0.803481;-0.288842;1.045854;4.387718;10.758868;-4.616596;
-1.267768;0.570099;1.447123;-2.909992;-11.332735;8.368137;
0.669488;0.039419;1.110725;2.212146;4.422991;-5.639496;
-0.896344;0.451798;0.853984;-8.627548;-3.012124;5.032259;
-0.269797;0.295783;1.828977;8.120543;-1.088460;-5.402855;
-0.031014;0.171212;0.432926;-11.963427;4.987876;0.032259;
-0.694820;0.205650;1.827237;10.509856;-6.538841;-0.929573;
-0.032022;0.404072;0.213505;-13.757320;7.277952;-1.754000;
-0.211883;0.276645;1.493525;9.822833;-6.958689;4.681114;
-0.207715;0.412216;0.364244;-11.055030;6.797036;2.001725;
-0.257847;0.170158;1.387761;7.746497;-5.996857;2.078061;
0.268046;-0.517107;0.524195;-10.016862;4.232151;-0.944840;
0.223569;-0.150689;1.230816;7.815199;-2.462505;-2.265450;
-0.242739;-0.176727;0.756508;-8.451976;-1.202963;0.704015;
0.645132;-0.549647;1.020737;6.364818;2.819937;-5.395222;
-0.568927;0.300545;0.863384;-6.131366;-5.012124;7.100962;
0.810573;-0.775191;0.880145;7.441154;8.552761;-4.868504;
-0.833628;0.553982;0.913756;-6.818388;-10.882353;9.100963;
0.737578;-1.060654;0.812676;5.395352;9.117647;-6.234916;
-0.959815;0.658202;1.067462;-6.444343;-10.729681;5.528443;
0.534385;-0.091835;1.306661;4.784665;8.239784;-6.845603;
-0.654932;0.748679;1.256760;-2.971060;-7.172429;2.337603;
0.497263;-0.537363;1.305524;3.120543;8.361922;-5.677664;
-0.604245;0.844221;1.525934;0.242680;-10.309834;5.177298;
0.748839;-0.917090;0.820180;0.074741;10.171082;-3.219649;
-0.138026;0.954259;1.563928;1.738863;-12.561742;9.284168;
0.692770;-1.099719;0.505238;-2.055030;10.957342;-0.944840;
-0.434161;0.561681;1.563284;7.792298;-10.836552;2.536076;
0.614268;-0.565781;0.273307;-7.856556;9.690166;-6.845603;
-0.841612;-0.208166;1.467077;6.479321;-7.683880;2.123863;
0.717651;0.142646;0.338107;-10.291671;8.178716;-10.967740;
-0.569575;0.062916;1.240720;6.601459;-4.447238;8.223100;
0.429743;0.592671;0.888765;-6.253503;4.659632;-1.769267;
-0.666412;-0.594281;1.492442;9.441154;-4.180063;10.223100;
0.830377;0.977786;0.474772;-7.909991;2.972609;-2.929573;
-0.767159;-0.548016;1.555365;4.525123;-4.584643;-0.540260;
-0.242372;0.755666;0.549925;-3.589381;5.774136;-3.784534;
0.140583;-0.367929;1.501391;3.486955;-2.615177;-7.112779;
-0.674249;0.709018;0.979354;-3.116098;-0.256398;2.100962;
0.536703;-0.608438;1.012492;2.418253;4.384823;-4.692931;
-0.235861;0.740711;1.270922;-2.161900;-8.806017;8.085695;
0.391118;-0.767372;0.778831;4.097642;9.102380;-1.418122;
0.548114;0.378792;1.112236;-3.436709;-10.683880;3.711649;
-0.521865;-0.100995;0.641482;2.761764;5.934441;0.032259;
0.858883;-0.404308;0.850534;-3.581747;2.285586;-10.059343;
-0.752208;0.248354;1.036948;2.425886;-5.683879;11.620047;
0.467933;-0.142753;0.711568;-6.093198;9.743601;-11.906672;
0.324050;-0.539538;1.277471;3.433520;-7.699146;5.887221;
-0.318734;0.167535;0.659898;-5.375640;4.239784;4.520809;
0.548714;-0.634973;1.086661;2.578558;-0.683879;-5.357054;
0.276104;0.357673;0.582480;-3.245869;-1.714414;3.635313;
0.517936;-0.700246;0.983770;-0.467243;3.522228;-10.387588;
-0.353801;0.746667;0.715207;2.364818;-3.867085;3.757450;
1.117340;-0.348652;0.651644;-4.108465;6.155815;-8.486824;
-1.185931;0.371662;1.314931;6.693062;-7.821284;11.024627;
1.164608;0.119616;0.445492;-2.879457;8.621464;-2.960107;
-0.808279;0.180076;1.321500;-0.131366;-10.447239;5.963557;
0.051112;0.437047;0.762382;2.319016;6.010777;-11.158580;
0.187848;-0.495357;0.960295;-2.154266;0.537495;1.001725;
-0.159837;0.154286;1.174715;-0.009228;-3.699147;7.055160;
-0.406593;0.175505;0.852810;-5.993960;0.919174;-6.608962;
0.415115;-0.747745;1.293509;5.410619;5.972609;0.925389;
-0.388496;0.235828;1.186708;-5.245870;-10.210597;13.291801;
-0.065575;0.002166;1.090497;7.853367;6.415357;-8.227283;
0.523371;-0.350837;0.806766;-7.558846;-0.714414;-3.601328;
0.121186;0.402132;1.167128;5.227413;-1.844185;6.925389;
-1.782252;0.589495;0.964251;-3.444343;-5.744948;2.360504;
1.436138;-0.093607;0.525478;2.372451;10.537495;-11.196748;
0.000863;-0.312369;1.294848;-3.070297;-8.515941;15.772718;
0.036630;0.394184;0.695871;2.723596;6.949708;-4.280717;
1.112081;-0.160786;0.653332;-4.826022;-1.828918;-7.089878;
-0.976068;-0.018580;1.140500;3.326650;0.255052;7.322336;
1.167971;-0.490751;0.830819;1.578558;7.041311;-14.883771;
-0.479911;0.621284;0.777481;-5.474876;-7.783116;5.933023;
0.410002;-0.964063;0.666075;2.586192;7.781769;-5.089878;
-0.283754;0.762015;1.038688;2.441154;-5.126627;3.803252;
1.474010;-0.189558;0.516951;1.876268;6.308487;-0.120412;
-0.334236;0.659101;0.357752;-5.764953;-5.057925;6.505542;
-0.007179;-1.055071;1.180150;4.341917;5.064212;-7.028809;
0.227065;0.980034;0.932384;-1.757320;-6.989223;-0.181481;
0.060042;-0.189644;0.612258;-2.627549;7.804670;-2.326519;
-0.327959;0.098386;1.216553;2.914436;-6.714414;5.375771;
0.486500;0.704869;0.994333;0.693062;6.774136;-4.418122;
-0.267370;-0.469990;1.285064;0.838100;-3.332735;5.169664;
-0.668268;0.562899;0.877652;-1.780221;-1.042658;1.238366;
0.743696;-0.432340;1.094659;3.059474;3.697800;-9.914305;
-0.164888;0.401883;1.120776;-4.719151;-10.889987;8.635313;
-0.042898;-0.222168;1.046889;6.906802;11.216884;-8.524992;
0.288843;-0.227899;1.138800;-2.917625;-4.973956;0.933023;
-0.669952;0.224268;0.950651;0.761764;-2.577009;10.971191;
-0.227070;0.236948;0.729563;-4.421442;2.949708;-7.853237;
0.776097;-1.049921;1.036527;0.853367;2.514594;2.757450;
-0.476956;0.576543;1.373585;0.410619;-6.935788;9.482641;
-1.112354;-0.011705;0.861593;2.082375;1.934441;-4.547893;
1.256396;-0.216201;1.135596;-0.551213;4.186350;-11.036443;
-0.558693;0.282272;1.214899;-0.024495;-6.706780;10.871955;
0.310648;-0.114470;0.714186;-0.673350;6.064212;-10.128045;
-0.507273;-0.006394;1.318235;0.479321;-5.668612;2.742183;
-0.515509;0.366502;0.736739;-1.215335;3.560395;7.841420;
0.708724;-0.564570;0.780233;0.418253;1.674899;-4.143313;
-0.424932;0.437019;1.164739;-1.200068;-8.599910;3.070427;
0.496595;-0.390354;0.480646;2.738863;8.110013;-8.746367;
-0.490195;0.519739;1.111182;2.036573;-7.897620;6.108595;
0.683631;0.197430;0.773185;-4.055030;8.293220;-7.089878;
-0.448423;-0.043474;1.362220;1.845734;-6.630445;3.536076;
-0.347712;0.440358;1.000741;-0.932892;0.659632;-0.601328;
0.382308;-0.468078;0.950657;1.067108;5.270319;-1.265450;
0.271591;-0.339713;1.122690;-1.016862;-4.424337;10.604779;
-0.483895;0.678379;0.967856;1.311383;-2.500673;-0.242550;
0.337509;-0.685338;1.011236;-1.451976;5.422991;-8.860869;
0.720649;-0.610794;1.052232;3.036573;0.881006;5.154397;
0.353533;0.264427;1.009876;-5.482511;-7.325101;4.994092;
-1.194096;0.189827;1.297743;7.074741;-0.103727;-7.860870;
0.144995;0.349063;0.611607;-3.940526;3.835204;-5.746367;
0.512969;-0.902032;1.141630;0.738863;1.766502;9.986459;
-0.306663;0.182607;1.249331;5.494589;-5.683879;12.207832;
0.080738;0.209948;0.480388;-9.665716;1.476426;-6.670031;
0.391706;-0.830158;0.951298;1.708329;2.697800;-7.631863;
-0.375124;0.701329;1.006060;4.112909;-3.897620;4.894855;
-0.872410;0.582004;0.904775;-10.291671;-3.134261;-8.402855;
0.747913;-0.477947;1.099235;1.586192;7.201616;-10.318885;
0.026603;-0.310428;1.224429;1.601459;-1.065559;14.520809;
-1.117765;0.012148;1.180704;4.280848;-4.531208;13.001725;
0.711384;0.375013;0.894710;-0.200068;1.155815;-7.379954;
0.870891;-0.341576;0.577672;-4.902358;1.659632;3.536076;
-1.013142;0.194071;1.116143;1.845734;-6.370902;9.261268;
-0.186844;0.064046;1.143581;2.128176;6.361922;-17.509726;
0.634721;0.037444;1.323824;4.677794;1.132915;-5.005908;
0.016308;0.739076;0.960689;-5.467243;-4.050292;5.688748;
-0.270129;-0.437983;0.751903;1.181612;8.881006;-3.509725;
-0.664001;0.381272;1.215771;-2.276404;-11.691513;6.131496;
0.158743;-0.848128;0.907331;3.761764;8.339021;-2.524992;
0.669734;0.264909;0.935485;-1.284037;-6.729681;-0.105145;
-0.173328;0.373125;0.767653;0.570925;-0.317467;1.551343;
0.386279;-0.590838;0.897841;-2.253503;6.560395;-5.173848;
-0.770550;0.051876;1.407043;1.967871;-7.309834;8.154397;
-0.972196;0.355050;1.115920;5.311382;1.445892;-1.883771;
0.819469;-0.024850;0.663571;-1.474877;5.758868;-12.097511;
-0.127571;0.186727;0.974160;-2.719152;-6.515941;16.169664;
-0.352863;-0.097042;0.650518;-0.826022;3.491693;-2.624229;
0.647808;-0.482373;0.943978;-1.291671;-3.180063;-3.822702;
-0.264096;0.466921;1.148305;2.876268;-2.889986;2.139130;
0.836699;0.092069;0.689174;-1.413808;8.232151;-14.746367;
-0.419477;-0.220002;1.179909;1.944970;-3.332735;10.146764;
-0.330373;0.309078;0.779627;-4.306938;0.682533;-0.578428;
0.458418;-0.654428;0.977531;1.662528;2.010777;-5.120412;
-0.010246;0.572240;1.032221;2.166344;-8.180062;8.307069;
0.287647;0.064863;0.938552;-0.787854;6.239784;-9.150947;
-0.004993;-0.241326;1.210450;3.540390;0.636731;1.665847;
-0.288862;0.632845;0.934785;-3.352740;-4.264032;5.452107;
0.030507;-0.592959;0.918870;1.067108;6.514593;-6.837970;
0.444562;-0.079570;0.903041;-2.482511;-5.241131;3.383404;
-0.410469;0.257029;0.973346;1.158711;-3.286933;-0.028809;
0.450209;-0.483757;0.918194;2.395352;7.949708;-8.303618;
-0.269328;0.369671;1.271389;-1.024495;-6.607544;9.307069;
-0.821700;0.237801;1.016949;1.189245;3.636731;2.620046;
0.193008;-0.552629;0.926416;-1.352740;4.438258;-5.273084;
-0.082126;0.294032;1.237838;-1.169533;-9.470139;4.826152;
-0.192254;-0.047937;0.910951;2.967871;4.560395;-9.005908;
0.833591;-0.550360;0.829675;-2.513045;5.293220;-7.723466;
-0.484509;0.176913;1.146459;-1.222969;-4.325101;15.757450;
-1.099189;0.458497;1.085110;3.677795;-2.103727;3.780351;
1.060718;-0.346269;0.685118;-4.001595;2.590930;-11.395221;
0.586605;-0.432146;1.170209;1.624360;-4.241131;6.642946;
-1.157278;0.479061;1.220909;4.891535;-2.676246;1.039893;
-0.448195;0.452484;0.861851;-3.413808;1.125281;-12.150947;
1.151493;-0.530286;0.868545;-2.459610;5.048945;-2.021176;
0.696100;-0.706774;1.123938;3.067108;3.636731;7.055160;
-0.806001;0.127079;1.193805;6.135810;-2.096093;10.452107;
-0.605915;0.641129;0.786417;-3.543579;-6.989223;3.910122;
0.269584;0.093364;0.920873;-4.154266;-0.141895;-7.616596;
0.316903;-0.485534;0.961553;0.876268;6.339021;-3.647130;
0.232771;-0.460635;1.226655;6.929703;3.995510;5.192565;
0.208888;0.058633;0.855342;-0.963427;-3.218231;5.200198;
-0.645854;0.463015;0.856477;-4.932892;-7.157162;-2.899038;
-0.918568;0.107001;1.015001;0.616726;1.171082;-7.906672;
0.487092;-0.454390;1.043707;3.715963;8.163448;0.131496;
0.934463;-0.310129;0.957151;-0.200068;2.094746;9.688748;
-0.127888;0.470361;1.110893;0.815199;-6.943421;6.589511;
-0.780313;0.517584;1.072889;-2.925259;-5.134261;-8.150947;
-0.691107;-0.397231;1.328997;4.311382;1.239785;-10.257816;
0.103023;-0.203693;0.955599;2.227413;7.224517;1.673481;
1.337208;-0.343227;0.975068;1.326650;5.339022;9.268901;
0.952554;-0.267590;1.293442;2.212146;-1.111360;10.391039;
-1.355640;0.378364;0.902897;-0.558846;-5.592277;2.581878;
-1.564245;0.380569;1.074161;1.784665;-3.935788;-9.364687;
0.370626;0.193178;0.685877;-2.215335;1.384823;-10.715832;
0.899166;-0.053450;0.969090;-1.138999;4.995510;-0.059344;
0.952727;-0.428391;1.091994;-0.116098;3.178716;7.383404;
0.271220;-0.191137;1.134887;0.509856;-2.111360;7.917756;
-1.473964;0.356182;0.945391;-0.108465;-6.584642;-0.708199;
-0.865394;0.322903;0.988179;-3.047396;0.430624;-11.624228;
0.859173;-0.466964;0.901417;-1.711518;5.919174;-2.502092;
0.458851;0.006215;1.158057;4.944970;2.842838;7.154397;
-0.091831;0.196308;1.166892;4.235046;-2.973956;7.154397;
-0.449963;0.471767;0.844489;-4.917625;-6.050292;0.391038;
-0.787653;0.057706;1.159283;-0.635182;-4.752582;-5.822702;
0.316923;-0.046173;1.017867;-0.581747;0.621464;-4.891405;
0.721352;0.102262;0.951307;0.654894;5.881006;-0.876137;
0.724425;-0.078642;1.075935;3.448787;7.216884;3.963557;
0.227485;-0.454295;0.813194;-0.032129;4.911540;6.589511;
-0.028929;-0.431593;0.823702;0.090008;-2.164795;4.299435;
-0.515445;0.223136;1.107334;0.402986;-6.584642;-0.960107;
-0.445847;0.509543;1.009747;-1.864190;-4.493040;-8.418122;
-0.137400;0.433605;1.203027;0.540390;0.621464;-6.929573;
-0.256458;0.234478;1.120550;-2.375640;3.400090;0.856687;
0.268484;-0.631122;1.008510;0.540390;5.415358;6.192565;
0.511288;-0.831300;1.072449;3.578558;2.048945;8.406305;
-0.257599;-0.109405;1.083133;1.486955;-3.271666;4.467374;
-0.922429;0.223979;1.240225;2.349550;-6.042658;-3.524992;
-0.597757;0.659046;1.263508;-0.100831;-5.775482;-10.799801;
-0.323923;0.603442;1.057909;-2.932892;0.087113;-5.853237;
0.441123;-0.190952;1.009049;-2.551213;5.026044;0.284168;
0.650333;-0.371290;0.903508;0.578558;6.705433;5.177298;
0.290007;-0.589571;1.080276;2.471688;3.636731;8.681115;
-0.275116;-0.404519;1.194252;5.341917;-2.317467;8.833787;
-0.987634;0.489136;0.955427;-0.574114;-8.233498;-3.494458;
-0.501804;0.518172;0.883639;-3.535946;-5.454872;-13.792168;
0.341598;0.316930;1.026869;-2.589381;0.919174;-11.700564;
0.387328;-0.078289;1.068308;0.235047;6.545128;-1.754000;
0.585812;-0.365294;1.072302;0.761764;9.819937;7.116229;
0.774998;-0.489955;1.074667;2.036573;4.529861;10.978825;
-0.220981;0.127120;0.865295;-0.833656;-4.462505;7.467374;
-0.809337;0.445361;1.074024;-2.627549;-6.706780;-3.990641;
-0.762031;0.302059;1.043501;-4.230602;-2.317467;-11.128045;
-0.093428;-0.315789;1.037742;0.891535;2.735968;-6.341786;
-0.068004;-0.276182;1.057759;2.410619;4.407723;-1.074611;
0.545189;-0.335271;1.035051;4.402986;6.598563;4.765084;
0.664774;-0.331575;0.951974;1.708329;5.339022;8.933023;
0.540022;-0.130315;0.997065;1.265581;1.598563;7.055160;
0.535527;-0.011069;0.921174;-0.261137;-0.577009;1.261267;
-0.738364;0.397189;1.097650;-1.108465;-3.409070;-3.128046;
-0.913454;0.274355;1.174909;-0.398541;-4.882353;-3.135679;
-0.977827;0.399079;1.005429;-0.070297;-4.653345;-3.295985;
-0.311308;0.163306;1.126559;-0.421442;-4.294566;-2.822702;
-0.274585;0.098797;1.111584;-0.169533;-0.554109;-1.150947;
0.733363;-0.324239;1.031814;3.357184;3.651998;0.299435;
0.933265;-0.422956;1.019714;1.143444;5.300854;0.230733;
1.053110;-0.533136;1.053112;1.311383;6.064212;0.436840;
0.689406;-0.366783;1.016469;1.433520;5.552762;0.665847;
0.418868;-0.299263;0.963705;1.685428;3.911540;1.154397;
-0.810529;0.233760;1.019851;2.815199;0.087113;2.665847;
-0.952897;0.227399;1.130379;3.387718;-3.050292;3.513175;
-0.980516;0.223041;1.206017;1.593825;-5.584643;3.742183;
-0.635004;0.433214;1.041304;-1.841289;-7.737314;2.291801;
-0.511218;0.448006;1.011902;-2.009228;-7.584642;-0.868504;
0.028239;0.350296;1.076066;-1.398541;-5.760215;-3.967741;
0.150084;0.092505;1.085874;-1.032129;-3.065559;-6.845603;
0.037866;0.118729;1.118373;-0.780221;0.239785;-7.166214;
0.176511;-0.140537;0.937330;-1.222969;3.293220;-6.746367;
0.176485;-0.213130;0.942864;1.563291;6.682532;-3.418122;
0.249615;-0.495320;1.114678;3.868634;7.781769;1.146763;
0.233197;-0.537971;1.102302;4.509856;6.590929;4.345236;
0.202426;-0.485118;1.010216;1.219779;2.964976;5.910122;
-0.087552;0.004425;0.822299;-0.772587;-0.783116;2.314702;
-0.102497;-0.094763;0.818060;0.639627;-3.057925;-0.815069;
-0.392084;0.088911;1.266630;1.891535;-3.538841;0.215466;
-0.208305;0.022124;1.194111;1.578558;-3.485406;1.772717;
-0.123498;0.252985;1.156012;0.548024;-4.607543;2.528443;
0.024773;0.242489;1.022017;-1.841289;-4.828918;1.284168;
-0.093900;0.341807;1.113781;-2.276404;-5.439605;-0.303618;
-0.043897;0.333645;1.095957;-1.574114;-5.523574;-2.524992;
-0.510623;0.302962;1.115112;-1.742053;-4.638078;-3.731099;
-0.573763;0.336925;1.074911;-0.917625;-3.798383;-4.555527;
-0.749864;0.179273;1.151725;1.235047;-2.966322;-3.379954;
-0.313796;-0.104043;1.057239;0.189245;-1.439605;-2.860870;
-0.254001;-0.063132;1.045820;0.028940;1.239785;-1.563160;
0.434490;-0.389098;0.964338;0.746497;3.674899;-0.784534;
0.559112;-0.401412;0.991958;1.334283;4.949708;0.268901;
0.704900;-0.550072;0.939781;0.067108;5.705434;0.375771;
0.807066;-0.538191;0.926911;-1.192434;5.804670;-0.066977;
0.178405;-0.426164;0.823877;-1.932892;5.193983;1.146763;
0.341688;-0.462528;0.789472;-1.963427;3.957342;2.276534;
0.529454;-0.483866;0.765369;-0.887091;2.522228;3.597145;
-0.398742;-0.395343;0.891175;-0.062663;0.453525;4.284168;
-0.210442;-0.436128;0.823162;0.677795;-0.867086;3.925389;
-0.845914;-0.355429;0.947151;2.036573;-2.348001;3.024626;
-0.853418;-0.277913;1.218942;3.288482;-2.279299;2.940656;
-0.638711;-0.422736;1.092729;3.960238;-1.378536;3.452107;
-0.281697;-0.221225;1.156994;3.509856;-0.828918;4.184931;
-0.089362;-0.333317;0.978885;3.051841;-0.042658;4.642946;
0.146061;-0.107605;1.025029;2.967871;1.110014;5.146763;
0.379058;-0.233158;0.885577;2.280848;3.003144;4.879588;
0.514945;-0.251553;0.767685;1.555657;4.697800;4.413939;
0.571917;-0.173951;0.877800;2.349550;6.201616;3.459740;
0.712334;-0.114617;0.914441;1.479321;7.514593;1.826153;
0.398752;-0.182752;0.896535;0.822833;7.568028;1.085695;
0.368949;0.044559;0.975018;0.082375;6.117647;-0.731099;
0.134107;0.397552;0.963440;-0.520679;3.346655;-2.372321;
-0.327065;0.196044;0.987065;-2.306938;1.743602;-1.937206;
-0.379225;0.298443;1.059165;-2.154266;1.201617;-2.540260;
-0.540829;0.173076;1.066431;-1.070297;0.270319;-2.379954;
-0.533751;0.203571;1.170679;0.128176;-0.042658;-2.921939;
-0.524334;0.138009;1.092896;-0.085564;0.308487;-2.853237;
-0.533316;0.211834;1.183496;-0.070297;0.819937;-1.807435;
-0.265661;0.104872;1.017579;-1.093198;1.048945;-1.143313;
0.144368;-0.124826;0.975170;-1.429075;2.247418;-0.311252;
0.157546;0.023573;0.993363;-0.627549;3.453525;0.093328;
0.172237;0.145597;1.060032;-1.207701;4.468792;-0.097512;
0.469967;-0.019259;0.923512;-2.245869;5.262686;-1.150947;
0.441444;0.131105;0.962658;-2.238236;6.331388;-1.120412;
0.547133;-0.056691;0.849317;-3.177167;6.888639;-1.143313;
0.515889;0.123109;0.957999;-3.085564;6.995509;-1.105145;
0.573668;-0.025333;0.823990;-3.703885;7.125280;-0.929573;
0.532968;0.141480;0.886577;-3.184801;7.484059;-1.212015;
0.564275;-0.018663;0.848403;-2.696251;7.369555;-1.731099;
0.562407;0.130130;0.905000;-2.329839;7.781769;-1.059344;
0.509603;-0.062622;0.917789;-1.833656;8.339021;-1.448657;
0.525080;0.108661;0.920296;-1.276404;8.690166;-0.754000;
0.505310;-0.063496;0.872653;-1.268770;8.392456;-1.608962;
0.464823;0.101248;0.813421;-0.299304;8.552761;-0.357053;
0.416561;-0.057063;0.914296;0.838100;8.232151;-1.189115;
0.334760;0.118649;0.880521;1.166344;7.484059;-1.586061;
0.332939;-0.036808;0.953572;2.296115;7.262685;-1.761634;
0.225677;0.141621;0.957443;2.532757;5.957342;-2.784534;
0.302129;-0.017202;0.976454;2.861001;5.766502;-2.799802;
0.083485;0.136843;0.948286;2.517489;4.468792;-3.761634;
-0.190850;0.159184;1.054892;1.647260;3.529861;-3.647130;
-0.011542;0.148081;0.894197;0.502222;2.247418;-3.685298;
-0.248008;0.111817;1.153005;1.494589;0.827571;-3.708199;
-0.008921;-0.011938;1.085532;2.028940;1.087113;-2.860870;
-0.144413;0.081556;1.124511;1.731230;1.316121;-1.952473;
0.100233;-0.060541;1.060642;1.578558;1.751235;-1.112779;
-0.108786;0.044592;1.104042;0.578558;1.277953;-0.944840;
0.214708;-0.050700;0.986085;0.311383;1.713067;-0.303618;
-0.197895;0.108243;1.172935;0.662528;2.041312;0.459740;
-0.496600;0.418293;1.065900;-0.146633;1.048945;-0.242550;
-0.347446;0.386264;1.015757;-1.253503;1.400090;-0.463924;
-0.165193;0.310472;0.954639;-1.658083;0.224518;-1.364687;
-0.419627;0.475067;1.053114;-1.360373;-0.477773;-2.181481;
-0.338559;0.458519;0.992925;-0.864190;-0.897620;-2.692931;
-0.521733;0.479872;1.182089;-0.513045;-1.783116;-3.532626;
-0.426104;0.497538;1.072298;0.235047;-2.882353;-3.944840;
-0.507541;0.435392;1.152274;0.777031;-3.386169;-4.441023;
-0.444025;0.451462;1.092452;0.212146;-4.111361;-4.341786;
-0.270738;0.426419;1.059504;-0.474877;-5.348001;-4.402855;
-0.310608;0.323501;1.195742;-0.642816;-5.447238;-4.021175;
-0.097639;0.332297;1.169342;-0.726785;-5.447238;-3.692931;
-0.040433;0.331770;1.218745;0.143444;-4.057925;-3.273084;
0.052116;0.340791;1.261642;0.525123;-3.989223;-2.463924;
-0.285788;0.391298;1.050450;-0.421442;-4.477773;-2.036443;
-0.366072;0.344209;1.161049;-0.566480;-5.004490;-2.830336;
-0.361617;0.281000;1.224061;0.372451;-5.935788;-3.357054;
-0.560280;0.268910;1.200183;-0.047396;-6.523574;-3.647130;
-0.422814;0.264195;1.260147;0.479321;-6.424337;-3.876137;
-0.191551;0.122589;1.119755;1.433520;-5.889986;-1.647130;
-0.116540;0.159609;1.152811;0.204512;-5.470139;-0.631863;
-0.056931;0.144370;1.267069;0.647260;-4.431971;0.902489;
0.240078;-0.035423;0.979292;0.334283;-2.195330;2.100962;
0.129892;-0.314345;0.928517;0.372451;-0.729681;3.467374;
0.082471;-0.380797;0.989884;1.845734;-0.004490;3.062794;
-0.045073;-0.362330;0.701029;-0.047396;1.308487;2.490275;
-0.101273;-0.363394;0.765379;-0.467243;1.858105;2.139130;
-0.221447;0.045368;1.018304;0.647260;0.713067;1.230733;
-0.345426;0.228634;1.023048;-1.574114;-2.164795;-1.280718;
-0.437721;0.499277;1.180295;-4.680984;-3.943421;-2.158580;
-0.290591;0.465613;1.323206;-2.581747;-3.325101;-1.402855;
-0.117373;0.319190;1.365182;1.288482;-0.409070;-0.563160;
0.482668;-0.167937;0.859837;0.815199;3.255052;0.772718;
0.557141;-0.346769;0.701708;-0.299304;5.858105;1.894855;
0.490969;-0.665512;0.935888;2.883902;5.087113;1.658214;
0.011295;-0.151581;0.671851;-0.299304;1.758868;-1.158580;
-0.218206;0.052385;0.788204;-1.398541;-2.630444;-2.402855;
-0.446451;0.278667;0.979106;-2.200068;-6.439605;-1.853237;
-0.561953;0.644568;1.401884;-3.436709;-6.531208;0.520809;
-0.367746;0.518398;1.388837;-0.299304;-3.202963;2.016992;
0.112948;-0.136082;0.935864;2.410619;1.545128;2.406305;
0.147423;-0.423814;0.813056;3.334283;4.705434;1.658214;
0.258104;-0.588023;0.913434;1.677795;3.758868;-1.158580;
0.068123;-0.125712;0.875106;-2.711518;1.461159;-3.868504;
-0.028531;0.203688;1.033225;-1.864190;-2.126627;-3.540260;
-0.112114;0.375575;1.186334;-2.993961;-2.271666;0.490275;
-0.029523;0.259322;1.186094;-1.009228;-0.691513;4.520809;
-0.005566;-0.108374;1.022951;3.540390;1.445892;5.345236;
-0.055498;-0.468827;0.879192;2.402986;0.911541;0.375771;
-0.099667;-0.230752;0.851929;-1.787854;0.224518;-4.799802;
0.051918;0.245095;0.998147;-3.230602;0.056579;-6.456290;
0.105431;0.217690;1.173419;-0.444343;1.674899;-0.433389;
0.181473;-0.097344;1.036094;3.151077;3.010777;4.536076;
-0.233231;-0.287522;0.843574;3.509856;0.407724;4.520809;
-0.299455;0.035349;0.820880;-4.887091;-2.279299;-1.036443;
-0.154603;0.309619;0.944474;-3.894724;-2.225864;-3.563160;
0.375988;0.141721;1.151627;0.570925;1.636731;-1.273084;
0.342694;-0.148467;0.930217;3.861001;4.026044;1.062794;
-0.340668;-0.274631;0.991278;2.128176;-0.928154;1.100962;
-0.351520;0.343078;0.899423;-5.665716;-4.790750;-1.036443;
0.140618;0.425307;1.369036;-2.673350;-1.561742;-0.708199;
0.516773;0.138027;0.654029;3.326650;5.255052;1.322336;
0.067330;-0.372271;0.702236;-0.016862;2.590930;0.757450;
-0.527417;0.039992;0.989683;-4.497778;-5.783116;-0.975374;
-0.283490;0.469911;1.084339;-7.108464;-3.493040;-1.937206;
0.394416;0.193687;1.317645;-1.406175;3.957342;-0.555527;
0.360959;-0.363988;0.896792;10.334283;5.827571;0.551344;
-0.298164;-0.477905;1.069081;3.960238;-4.027391;-0.257817;
-0.350166;0.506010;0.905914;-6.803121;-6.172429;-0.830336;
0.041709;0.502284;1.389193;-2.398541;-0.447238;0.719282;
0.420306;-0.691455;1.208223;7.967871;6.789403;2.757450;
0.003318;-0.898635;0.996712;4.425886;-0.035024;-0.402855;
-0.339797;0.210518;1.043038;-7.803121;-5.088459;-2.402855;
-0.155778;0.480511;1.057095;-7.291671;-1.996857;-0.906672;
0.178192;-0.220571;0.816071;4.830466;5.102380;0.192565;
-0.016144;-0.391808;0.825379;3.341917;0.995510;0.078061;
-0.311362;0.171091;1.136525;-7.024495;-5.515941;0.688748;
0.062457;0.291669;1.057275;-6.482511;-0.271666;2.284168;
0.260642;-0.351231;0.852178;5.486955;5.468792;0.398672;
-0.184021;-0.598981;0.873545;2.357184;-1.607544;-1.624229;
-0.185120;0.178370;1.040412;-7.772587;-4.683879;-2.036443;
0.204986;0.378061;1.047829;-3.055030;2.163449;0.665847;
0.129863;-0.378922;0.956128;7.639627;4.590930;0.704015;
-0.402532;-0.258298;1.025666;0.845734;-4.752582;-0.242550;
-0.043811;0.317539;1.123995;-6.261136;-2.775483;1.329969;
0.302710;0.112366;0.986063;-0.932892;3.621464;2.207832;
-0.129512;-0.450625;0.901415;6.746497;0.774136;-1.280718;
-0.307855;0.001776;1.119138;-3.032129;-5.744948;-0.876137;
0.321319;0.189902;1.156805;-2.490144;1.659632;0.734550;
0.157562;-0.075857;1.040957;4.609093;4.903907;0.734550;
-0.400371;-0.114713;0.886374;0.746497;-3.271666;-1.204382;
-0.025664;0.184473;0.971515;-4.917625;-2.783116;0.154397;
0.340201;0.033939;0.995802;-0.284037;3.980242;1.184931;
-0.346595;-0.278112;0.896744;4.349550;-0.073192;-0.708199;
-0.092595;0.163111;1.008293;-2.665717;-3.828918;-0.899038;
0.324341;0.081049;1.092811;-2.887091;2.171082;0.620046;
-0.153132;-0.162540;1.022845;3.990772;1.277953;0.734550;
-0.366294;0.016580;0.940769;-1.001595;-2.561742;-0.334153;
0.355854;0.110293;0.931201;-2.871824;1.178716;1.169664;
0.131067;-0.115668;0.996476;0.845734;0.850472;0.215466;
-0.393862;0.071450;0.978353;-0.138999;-3.019757;-1.517359;
0.303736;0.079254;0.959742;0.189245;1.293220;0.497908;
0.068460;-0.129793;1.049176;1.647260;0.766502;0.192565;
-0.343192;0.126121;0.962844;-1.513045;-2.286933;-0.738733;
0.176598;0.117124;0.981953;0.235047;1.766502;1.329969;
0.074378;-0.170511;1.015284;2.357184;0.308487;0.681114;
-0.209205;0.191213;0.926548;-1.932892;-2.325101;-1.059344;
0.148225;0.054139;0.992817;-0.238236;1.911540;0.726916;
-0.080246;-0.218317;1.075220;2.853367;-0.340368;-0.494458;
-0.158430;0.133318;0.941310;-1.329839;-1.599910;-0.677664;
0.131230;0.131644;0.919526;-0.154266;2.751235;1.696382;
-0.157798;-0.163192;1.003115;0.967871;-1.660979;0.391038;
0.006853;0.234954;0.988464;-1.581747;-0.431971;0.032259;
0.166819;-0.056450;1.005594;0.983138;1.842838;0.116229;
-0.148585;-0.167801;1.107883;0.822833;-2.462505;-0.983008;
0.118480;0.299147;0.916453;-1.650450;1.125281;0.078061;
-0.109892;-0.170560;0.949899;-0.032129;-0.233498;-0.899038;
-0.112041;-0.079782;1.050722;1.212146;-1.080826;0.215466;
0.092839;0.175581;0.825991;-0.688617;2.064212;0.681114;
-0.049557;-0.301507;1.062138;2.761764;-1.699147;-0.670031;
0.056582;0.188375;0.908224;-1.093198;0.621464;1.627679;
-0.036575;-0.056660;1.092582;0.693062;0.117647;-0.624229;
-0.151841;-0.166761;1.084359;0.410619;-2.004490;-0.082244;
0.061816;0.184329;0.988277;-1.245869;2.110014;-0.051710;
-0.175711;-0.249867;1.182652;0.028940;-2.264032;-1.150947;
0.057755;0.060899;0.973898;-0.131366;0.758869;1.849053;
-0.012291;-0.028170;1.041364;-0.169533;-0.111360;-1.502092;
-0.052001;-0.162830;1.014020;0.570925;-1.141895;1.505542;
0.060067;0.113765;0.937522;-1.291671;1.163449;-0.662397;
-0.173784;-0.127521;1.093486;1.303749;-1.889986;-0.250183;
0.061440;0.023268;1.044717;-0.826022;1.590930;-0.815069;
-0.062649;-0.025507;0.963255;0.479321;-1.439605;0.162030;
0.016631;-0.009222;0.974504;0.028940;1.331388;1.375771;
-0.071114;-0.044211;1.015955;-0.268770;-1.828918;-0.150947;
0.001606;-0.049991;1.009625;0.456421;0.629098;1.482641;
0.005281;0.024735;1.016453;-0.833656;-0.882353;-1.677664;
0.039707;-0.069701;0.997223;0.914436;0.514594;0.421572;
-0.047032;0.018087;1.015759;-1.482511;-0.088459;-1.570794;
-0.032850;-0.050603;1.078581;2.868634;0.812304;2.032259;
0.000361;0.042361;0.991480;-1.818389;-0.096093;-1.547893;
-0.029034;-0.009800;0.911141;0.219779;-0.172429;1.978824;
0.020489;0.027758;0.969734;-1.887091;0.659632;-1.647130;
-0.109079;-0.133003;1.132003;2.509856;-0.828918;1.337603;
0.012595;0.043683;0.977045;-1.528312;1.178716;-1.708199;
-0.017089;-0.120987;1.111490;1.761764;-0.958689;1.429206;
-0.033054;0.014760;1.000387;-1.482511;0.842838;0.322336;
-0.031687;-0.073736;1.057237;1.509856;-0.859452;2.711649;
0.063009;0.019448;0.951640;-1.971060;0.804670;-1.082244;
-0.021075;-0.003397;0.981934;1.685428;-1.118994;0.513176;
0.047814;0.011620;0.933060;-2.467243;0.957342;-2.357054;
0.009477;-0.026453;1.000137;1.746497;-0.286933;0.001725;
0.050349;0.009860;0.955157;-2.398541;1.255052;-1.250183;
-0.028906;-0.037201;1.025866;1.990772;0.010777;2.207832;
0.012516;-0.008440;0.974485;-1.757320;-0.241131;0.131496;
-0.006402;-0.038709;1.032614;1.570925;-0.180063;2.429206;
0.057054;0.015132;0.957793;-1.993961;-0.851818;-1.784534;
-0.034052;-0.024004;1.046253;2.196879;0.270319;-0.677664;
-0.030339;0.028855;0.999197;-1.329839;-0.225864;-2.410489;
-0.037793;-0.027143;1.065000;1.708329;1.789403;0.948290;
-0.083175;-0.011648;1.002097;-0.856556;-1.561742;0.421572;
0.039271;0.015578;0.978138;0.181612;1.812304;1.787985;
-0.033550;-0.020502;0.951264;-0.413808;-2.706780;1.001725;
0.042993;-0.038876;1.063935;0.181612;1.033678;-0.586061;
-0.037551;-0.003961;1.021996;0.044207;-1.378536;-0.532626;
-0.011640;-0.028647;1.023557;-0.925259;1.789403;-1.624229;
-0.034626;-0.014448;0.998272;1.319016;-0.180063;0.490275;
-0.034373;0.001632;0.992083;-1.406175;-0.286933;-0.387588;
-0.009341;-0.036234;1.030224;1.425886;0.422991;1.833786;
-0.062448;0.014442;0.958941;-0.879457;-2.775483;0.490275;
0.054444;0.007811;1.001958;0.738863;2.079479;-0.105145;
-0.044261;0.013710;0.974456;-0.032129;-2.103727;-0.883771;
0.008011;0.026440;0.983455;-0.421442;1.942075;-1.028809;
-0.030550;-0.043020;1.019691;0.723596;-0.989223;0.894855;
-0.018788;-0.007338;0.996671;-1.138999;-0.042658;0.513176;
-0.017810;-0.024167;1.005954;1.891535;1.499327;-0.036443;
-0.014371;-0.011539;1.000731;-0.856556;-3.134261;-0.082244;
-0.008401;-0.004069;1.006924;-0.070297;2.453525;-0.799802;
-0.012386;0.018465;0.934456;1.013673;-1.187696;-0.227282;
-0.009271;-0.000867;0.983170;-1.688617;0.667266;0.100962;
-0.025198;0.031987;0.969533;1.754131;1.797036;-0.265450;
-0.017839;-0.049773;1.035663;-0.833656;-2.660979;0.528443;
0.012616;-0.076991;1.074766;-0.024495;1.484060;-0.189115;
0.018425;0.003902;0.980910;1.334283;-0.531208;-0.257817;
-0.000476;-0.040215;1.003432;-1.940526;-0.905254;0.146763;
-0.036181;-0.039344;1.067157;1.204512;1.323754;-0.105145;
-0.023660;-0.030208;1.030869;0.425886;-0.912887;0.123863;
-0.028893;-0.057904;1.024225;-0.734419;-0.202963;0.696382;
-0.039653;0.037990;0.993924;0.922070;0.132915;-0.227282;
0.012833;-0.025219;0.943632;-0.658083;-1.027391;-0.273084;
-0.016909;-0.090933;1.019323;-0.597014;-0.164795;0.688748;
-0.047033;0.008858;0.989172;-0.016862;0.026044;-0.059344;
-0.001884;0.010963;0.994826;0.486955;0.461159;-0.112779;
-0.008506;-0.045313;1.084142;0.738863;-0.393803;0.589511;
0.000755;-0.002423;0.952819;-0.177167;-0.233498;0.001725;
-0.020233;0.021507;0.915659;0.273215;0.400090;-0.494458;
-0.011210;-0.033311;1.052773;-0.421442;-0.577009;-0.196748;
-0.007186;-0.021629;1.013358;-0.459610;-0.134261;0.162030;
-0.010563;-0.008845;0.941141;-0.039762;0.560395;0.116229;
-0.027920;0.041079;0.925818;0.425886;-0.096093;-0.349420;
-0.004810;-0.029048;1.092691;0.082375;-0.431971;0.108595;
0.001527;-0.007115;1.004832;0.326650;-0.309834;0.291801;
0.013088;0.008104;0.987057;0.235047;0.026044;-0.280718;
-0.026439;0.018354;0.977615;-0.200068;0.224518;-0.265450;
0.010628;0.002802;0.961642;0.517489;-0.210597;0.162030;
0.012468;-0.013042;0.950505;-0.513045;0.171082;0.612412;
0.036033;-0.016100;1.029212;0.883902;-0.439605;0.085695;
-0.039896;0.014865;0.982072;-0.864190;0.232151;-0.723466;
-0.022012;-0.039747;1.048695;0.464054;-0.088459;-0.418122;
-0.029504;-0.012338;1.016103;0.494589;0.018411;-0.036443;
-0.018693;0.000224;0.985028;0.120543;0.094747;0.436840;
-0.005979;-0.017459;0.970378;-0.009228;-0.149528;0.536076;
-0.037658;0.015793;0.999416;0.112909;-0.210597;0.070427;
-0.018443;-0.000267;0.985505;-0.077930;-0.080826;-0.670031;
0.002671;0.005814;0.972766;0.502222;-0.218230;-0.647130;
0.002280;0.003854;0.987964;0.509856;-0.035024;0.100962;
-0.023503;-0.026062;1.023504;-0.314572;-0.080826;0.543710;
-0.014560;-0.023262;1.033751;-0.146633;-0.271666;0.757450;
-0.010770;-0.010850;0.997897;-0.314572;-0.348002;-0.066977;
-0.027873;-0.015988;0.992129;0.212146;-0.248765;-0.654763;
0.010045;-0.017681;0.989919;0.028940;-0.096093;-0.586061;
-0.005887;-0.020882;0.981542;0.441154;0.178716;-0.379954;
-0.000873;0.001711;0.978692;-0.276404;0.102380;-0.028809;
-0.000907;0.004148;0.977977;-0.146633;0.239785;0.665847;
-0.019153;0.008052;0.957947;-0.390908;-0.035024;0.826153;
-0.009027;-0.038198;1.041151;0.235047;-0.569376;0.436840;
-0.016329;-0.021764;1.020206;0.105276;-0.462505;-0.181481;
-0.011692;-0.014006;0.998846;-0.215335;0.064212;-0.318886;
-0.017898;-0.016859;1.006896;-0.161900;0.308487;-0.242550;
-0.020774;-0.033885;1.017824;0.219779;-0.019757;0.177298;
-0.008969;-0.015270;1.010495;0.540390;-0.233498;0.528443;
-0.008329;-0.011858;1.000995;0.219779;-0.325101;0.658214;
-0.026008;-0.006281;1.004951;-0.154266;-0.256398;0.406305;
0.004472;-0.024220;1.021485;-0.230602;0.178716;0.024626;
-0.019312;-0.007807;0.985983;-0.055030;0.071846;-0.555527;
-0.022075;-0.013390;1.000463;0.097642;0.048945;-0.364687;
-0.011049;-0.003795;1.009524;0.196879;0.209250;0.016992;
0.016776;-0.039000;1.031764;0.296115;-0.370902;0.452107;
-0.021165;-0.006102;1.008533;-0.131366;-0.317467;0.612412;
-0.014330;0.005023;1.002615;-0.261137;-0.271666;0.078061;
-0.023088;-0.027509;1.004034;0.013673;-0.103727;0.009359;
-0.002206;-0.019241;0.999604;-0.016862;-0.035024;-0.357053;
-0.009400;-0.013577;1.027114;0.257947;0.125281;-0.425756;
-0.031551;-0.007428;1.003978;0.151077;0.171082;-0.036443;
0.001567;-0.016111;0.988219;-0.138999;0.048945;-0.005908;
-0.028726;-0.019161;1.008751;0.013673;-0.225864;0.314702;
-0.004050;-0.008982;0.994124;-0.077930;-0.019757;0.123863;
-0.021959;-0.019004;1.010680;0.044207;-0.004490;-0.357053;
-0.036346;-0.008833;1.007521;-0.108465;-0.012124;-0.502092;
-0.015234;-0.016166;1.010706;0.051841;-0.233498;-0.471557;
0.006235;-0.016674;1.004862;0.105276;0.026044;-0.181481;
-0.004497;-0.011414;0.995312;0.112909;-0.233498;0.116229;
-0.008924;-0.020867;1.004564;0.059474;-0.126627;0.200198;
-0.016047;-0.010792;1.005948;0.173978;0.041312;0.360504;
-0.003900;-0.004105;0.987233;0.112909;-0.279299;0.024626;
0.001696;-0.017842;1.012443;0.166344;-0.180063;-0.357053;
-0.011431;0.004986;1.002865;0.051841;0.125281;-0.463924;
-0.015764;-0.013720;1.007139;-0.169533;-0.057925;-0.181481;
-0.014331;0.003566;0.998104;-0.169533;0.056579;0.093328;
-0.018901;-0.017809;0.995731;0.158711;0.125281;0.314702;
-0.027448;-0.008451;1.000672;0.112909;-0.118994;0.146763;
-0.028539;-0.018179;0.999252;0.204512;-0.218230;-0.066977;
-0.017814;-0.020766;1.014737;0.173978;-0.302200;-0.166214;
-0.002061;-0.028992;1.004601;0.257947;-0.103727;-0.219649;
0.003341;-0.015424;1.009123;-0.146633;-0.233498;-0.143313;
-0.020625;-0.015108;0.995721;-0.016862;-0.111360;0.032259;
-0.005750;-0.021158;1.011702;0.082375;-0.325101;0.139130;
-0.014033;-0.013022;1.018307;0.143444;-0.233498;0.215466;
0.005643;-0.009112;1.001765;-0.154266;-0.035024;-0.128046;
-0.003384;-0.017776;1.010521;0.028940;-0.126627;0.055160;
-0.028348;-0.022840;1.029179;0.387718;0.087113;-0.234916;
-0.013997;-0.004475;0.996214;-0.268770;0.010777;-0.105145;
0.000290;-0.007821;0.996042;0.181612;0.239785;0.085695;
-0.018363;-0.022444;0.995026;0.044207;-0.103727;0.444473;
-0.004926;0.003450;0.995295;0.036573;0.018411;0.047527;
-0.023940;-0.035053;1.008313;0.204512;-0.164795;-0.044076;
-0.035253;-0.021991;0.998752;-0.032129;-0.256398;0.085695;
-0.018954;-0.023681;1.021621;-0.016862;0.110014;-0.295985;
-0.024737;0.005887;0.999482;-0.169533;-0.195330;-0.051710;
-0.002378;-0.024841;0.999372;0.196879;-0.286933;-0.036443;
-0.001430;-0.020721;1.007208;0.059474;0.048945;0.329969;
-0.026868;-0.012367;1.011364;-0.230602;-0.012124;0.337603;
-0.006091;-0.033087;1.009813;0.097642;0.026044;-0.005908;
-0.009548;-0.025497;1.014065;0.074741;-0.080826;-0.082244;
-0.039531;-0.007568;1.000857;-0.161900;-0.088459;-0.128046;
-0.025750;-0.024559;1.011144;0.097642;0.102380;-0.051710;
-0.007687;-0.003833;1.005264;0.128176;0.033678;0.261267;
-0.002509;-0.011209;1.008619;0.196879;-0.103727;0.078061;
-0.023149;-0.009708;0.986444;0.051841;-0.302200;0.131496;
-0.039506;0.009968;1.001789;-0.047396;-0.164795;0.047527;
-0.012038;-0.006449;0.996699;0.044207;-0.271666;-0.135679;
-0.028282;-0.014543;1.013023;0.013673;-0.355635;0.070427;
-0.009009;-0.012346;1.009779;0.059474;-0.195330;-0.227282;
0.015656;-0.000950;0.996101;-0.268770;-0.218230;-0.028809;
-0.004406;-0.032622;1.010057;-0.009228;-0.073192;0.078061;
-0.018975;-0.029748;0.999543;0.074741;-0.233498;0.223099;
0.003249;-0.012730;0.996059;-0.001595;-0.157162;0.032259;
-0.024699;-0.013850;1.006389;0.044207;-0.004490;-0.028809;
-0.015208;-0.019330;1.007622;0.364818;0.018411;-0.265450;
0.008780;-0.000165;1.026941;0.273215;0.110014;-0.250183;
-0.011384;0.005217;1.014026;0.135810;0.102380;0.016992;
-0.020481;-0.024615;1.001193;-0.016862;-0.157162;0.100962;
-0.030765;-0.009881;1.010870;-0.100831;-0.149528;0.154397;
-0.013660;-0.002016;0.970091;-0.329839;-0.118994;0.146763;
-0.021836;0.003422;0.993085;-0.100831;0.048945;-0.158580;
-0.021843;-0.028747;1.009028;0.074741;0.041312;-0.250183;
-0.025713;-0.011640;1.001633;-0.192434;-0.111360;-0.166214;
-0.018439;-0.028310;1.015691;0.166344;0.026044;-0.105145;
-0.002782;-0.029469;1.004124;-0.222969;-0.065559;0.100962;
-0.017741;0.004587;0.994289;0.090008;-0.248765;-0.051710;
-0.019553;-0.002947;0.999988;0.036573;-0.103727;0.116229;
-0.001963;-0.014873;1.012424;-0.131366;0.064212;-0.005908;
-0.015853;-0.005198;1.011167;0.219779;-0.073192;0.001725;
-0.013447;-0.022040;1.015944;-0.039762;-0.012124;0.162030;
-0.003163;-0.012917;1.019779;0.181612;-0.164795;0.055160;
-0.013773;-0.020559;1.000980;-0.100831;-0.096093;-0.105145;
0.002097;-0.016371;0.998195;0.082375;-0.004490;0.108595;
-0.022045;-0.012426;1.009961;0.212146;-0.088459;0.177298;
-0.007545;-0.007697;0.971786;0.074741;-0.065559;0.032259;
-0.026885;-0.003320;0.978822;-0.070297;-0.073192;-0.082244;
-0.027167;-0.010164;1.004712;0.212146;-0.080826;-0.265450;
-0.025019;-0.025056;1.011148;0.334283;-0.012124;0.085695;
-0.009629;-0.001863;1.008579;-0.055030;-0.309834;0.230733;
0.003826;0.002841;1.007207;-0.009228;-0.027391;0.039893;
-0.000421;-0.025358;1.003655;0.212146;-0.126627;0.009359;
-0.033567;-0.017640;1.010391;-0.032129;-0.088459;-0.120412;
-0.009201;-0.013812;1.016666;0.051841;-0.202963;-0.105145;
-0.006978;-0.019438;1.011932;0.120543;0.003144;-0.074611;
-0.021135;-0.012910;0.995954;0.128176;-0.248765;-0.059344;
0.003518;-0.029068;1.010325;0.128176;-0.317467;0.108595;
-0.024659;-0.014103;1.014700;-0.024495;-0.103727;0.200198;
0.004191;-0.009093;1.001046;-0.077930;-0.019757;-0.044076;
-0.000292;-0.018776;0.997000;-0.215335;0.163449;0.070427;
-0.015641;-0.005679;1.003095;0.090008;-0.035024;-0.173847;
-0.023239;0.006343;1.011836;0.105276;0.003144;-0.120412;
-0.020002;-0.020735;1.011402;0.036573;-0.187696;0.230733;
-0.005154;-0.013364;1.005047;0.189245;-0.118994;0.001725;
0.006772;-0.017422;1.014839;0.082375;0.048945;-0.089878;
-0.028432;-0.034533;1.031327;0.395352;0.003144;0.093328;
-0.027984;-0.001632;1.008024;-0.230602;-0.195330;-0.173847;
-0.010761;-0.013038;0.993624;-0.230602;0.102380;-0.135679;
-0.002277;-0.012910;1.001735;0.227413;0.003144;-0.082244;
-0.018939;-0.012943;1.000951;0.028940;-0.050292;-0.280718;
-0.001293;-0.016812;0.994619;0.235047;-0.210597;-0.036443;
-0.016649;-0.006385;0.991693;0.425886;-0.202963;-0.105145;
-0.025352;-0.018473;1.009240;0.158711;-0.264032;0.139130;
0.004577;-0.012532;1.023849;-0.146633;-0.118994;0.001725;
-0.019105;-0.000759;0.998326;-0.055030;0.087113;0.009359;
0.011082;-0.024268;0.987318;0.028940;0.110014;-0.196748;
-0.014886;-0.022267;1.017363;0.021306;-0.202963;-0.044076;
-0.025621;-0.004321;0.988802;0.051841;0.079479;-0.066977;
-0.014470;-0.008357;0.987430;0.059474;-0.202963;0.016992;
-0.024966;-0.010198;1.010896;0.166344;-0.233498;0.123863;
-0.025631;-0.013118;1.016120;0.189245;0.064212;0.016992;
-0.015764;-0.011048;1.014736;0.082375;-0.195330;-0.005908;
0.000070;0.009719;0.996260;-0.138999;-0.096093;-0.005908;
-0.010080;-0.023050;1.010023;0.021306;-0.210597;-0.234916;
-0.016192;-0.039284;1.001226;0.067108;-0.149528;-0.021176;
-0.032317;-0.004737;1.002072;-0.039762;-0.042658;0.047527;
-0.017914;-0.016127;1.005470;-0.131366;-0.187696;0.100962;
-0.020004;-0.002706;1.007822;0.143444;0.056579;-0.219649;
-0.027755;-0.012374;1.029171;-0.100831;0.010777;0.032259;
0.006362;-0.022534;1.016742;0.173978;-0.042658;-0.028809;
-0.022296;0.004879;1.002581;-0.108465;-0.080826;0.116229;
0.005253;-0.020543;0.990139;0.151077;0.209250;0.047527;
-0.014856;-0.027617;1.008819;0.257947;-0.065559;0.039893;
-0.031544;-0.008887;1.001367;-0.123732;-0.042658;0.032259;
-0.002780;-0.012656;0.997933;-0.062663;-0.195330;-0.173847;
0.001530;-0.005901;1.008868;0.120543;-0.348002;0.001725;
-0.029117;-0.009649;1.002091;-0.192434;-0.164795;0.184931;
-0.007630;-0.022847;1.018582;-0.055030;-0.218230;-0.242550;
-0.014218;-0.019348;1.013088;0.028940;-0.149528;0.169664;
-0.016325;0.006520;0.992393;-0.055030;-0.286933;-0.105145;
-0.010095;-0.004776;1.004068;0.135810;-0.042658;-0.150947;
0.002228;-0.008575;0.995338;-0.032129;-0.027391;0.123863;
0.001166;-0.014667;1.010775;0.082375;0.064212;0.009359;
-0.034876;-0.010557;1.007529;0.090008;0.048945;-0.181481;
0.000496;-0.016615;1.017661;0.273215;0.026044;0.100962;
0.005409;-0.012511;0.993694;-0.184801;-0.195330;0.055160;
-0.022816;-0.010219;1.005681;-0.177167;0.064212;0.093328;
-0.018900;-0.044637;1.028767;0.250314;-0.057925;0.162030;
-0.021717;-0.005593;0.994282;0.074741;-0.210597;-0.128046;
-0.042410;0.004420;0.984447;-0.108465;-0.118994;-0.036443;
-0.016310;-0.015155;0.988616;0.334283;-0.187696;0.055160;
-0.018521;-0.009533;0.996200;0.044207;-0.248765;-0.143313;
0.007205;-0.000844;0.996302;-0.016862;-0.050292;-0.166214;
-0.011776;-0.024242;1.005267;-0.055030;-0.073192;-0.005908;
-0.008060;-0.007982;1.018328;0.021306;0.171082;-0.044076;
-0.025258;-0.009939;1.000208;0.219779;0.339021;0.100962;
0.003107;-0.002980;0.991774;0.212146;0.033678;-0.173847;
-0.010892;-0.019134;1.001229;0.097642;0.018411;-0.021176;
-0.019464;-0.009041;1.002607;0.151077;0.087113;0.062794;
-0.006529;-0.000679;1.003129;-0.024495;-0.271666;-0.120412;
0.002954;-0.008828;0.995104;-0.238236;0.033678;0.100962;
-0.018348;-0.018319;1.010220;-0.001595;-0.035024;0.093328;
-0.008253;-0.010906;1.020942;-0.238236;-0.004490;-0.189115;
-0.024874;-0.020178;1.003307;-0.039762;-0.202963;-0.097512;
-0.025069;-0.025772;0.997850;0.143444;0.010777;-0.143313;
-0.013640;0.004779;0.994069;-0.001595;-0.057925;0.200198;
-0.023682;-0.016061;1.011619;-0.085564;-0.309834;0.032259;
0.002265;-0.022241;1.019336;0.380085;-0.447238;-0.036443;
0.002014;-0.008336;1.002224;-0.062663;-0.080826;-0.158580;
-0.005805;-0.018716;1.006237;0.013673;-0.088459;0.360504;
-0.004433;-0.010215;1.013121;-0.108465;-0.195330;-0.044076;
-0.020005;-0.028506;0.988613;-0.009228;-0.141895;-0.028809;
-0.016263;-0.012738;1.006186;0.059474;-0.294567;-0.082244;
-0.020402;-0.011707;1.001418;-0.093198;0.033678;0.039893;
-0.013043;-0.019841;1.004308;0.105276;-0.019757;0.093328;
-0.031057;-0.006223;1.009915;-0.207701;-0.065559;-0.097512;
-0.009783;0.005704;0.995272;0.082375;-0.134261;-0.150947;
-0.002272;-0.012668;1.003397;0.120543;-0.218230;0.169664;
-0.000943;-0.004399;1.000070;0.059474;0.048945;-0.082244;
-0.008483;-0.018434;1.002189;-0.093198;-0.004490;-0.005908;
-0.024735;-0.013113;1.000213;-0.222969;-0.050292;-0.219649;
-0.023863;-0.022144;1.007825;0.189245;-0.126627;0.009359;
-0.018758;-0.020273;1.021144;0.059474;-0.042658;0.162030;
0.005956;-0.030318;1.011999;0.112909;-0.195330;-0.105145;
0.009491;-0.010857;0.993235;0.105276;0.140548;-0.250183;
-0.022193;-0.019003;1.012341;0.326650;-0.035024;-0.005908;
-0.035039;0.002598;1.008227;-0.070297;-0.019757;-0.173847;
-0.001674;-0.010946;0.979888;0.082375;0.132915;-0.189115;
0.000015;-0.003195;1.001735;0.204512;0.041312;0.062794;
-0.002987;0.005610;1.003138;-0.123732;-0.012124;-0.120412;
0.003633;-0.022482;1.000345;0.151077;-0.019757;-0.051710;
-0.030620;-0.018417;1.019428;0.059474;-0.294567;0.131496;
-0.020938;-0.006588;1.004023;-0.070297;-0.248765;0.055160;
-0.026408;-0.026752;1.019930;-0.001595;0.125281;0.192565;
-0.015916;-0.017382;1.016878;0.204512;-0.012124;-0.005908;
-0.002744;-0.013636;1.003158;0.151077;-0.118994;0.039893;
-0.022382;-0.012642;0.987637;0.105276;-0.080826;-0.089878;
-0.008036;-0.018917;0.992692;-0.032129;-0.126627;-0.089878;
-0.004603;-0.002644;0.996253;0.067108;-0.141895;0.184931;
-0.021160;-0.009504;0.999988;-0.123732;-0.225864;0.139130;
-0.019234;-0.021969;1.017819;0.387718;0.026044;-0.128046;
-0.013360;-0.014962;1.001214;0.219779;-0.431971;-0.036443;
-0.012752;-0.000370;1.016400;-0.077930;-0.057925;-0.028809;
0.001524;0.007514;0.991282;-0.070297;0.064212;-0.227282;
-0.014941;-0.020310;1.010474;-0.001595;0.148182;0.215466;
-0.009068;-0.010146;1.002653;-0.009228;-0.057925;0.062794;
-0.013577;-0.018122;0.997654;0.120543;-0.027391;-0.074611;
-0.024375;-0.012360;0.974568;0.074741;0.056579;0.184931;
-0.011387;-0.016453;1.006211;-0.070297;0.255052;-0.028809;
-0.013984;-0.020078;1.009291;0.196879;-0.141895;-0.082244;
-0.014471;-0.023471;0.998606;0.265581;-0.057925;0.070427;
-0.018350;-0.020747;1.002861;-0.024495;-0.195330;0.078061;
-0.014361;-0.015184;0.992424;-0.047396;-0.149528;-0.013542;
-0.037887;-0.007092;0.991602;0.013673;-0.065559;0.055160;
-0.026353;-0.013109;1.016592;0.143444;-0.256398;-0.128046;
-0.007108;0.005666;0.999558;-0.009228;-0.012124;0.100962;
0.020459;-0.019033;0.993290;-0.024495;-0.149528;0.177298;
-0.002053;-0.012665;0.998411;-0.039762;-0.065559;-0.089878;
-0.037085;-0.022963;1.018693;0.151077;-0.180063;0.177298;
-0.014324;-0.016650;0.996700;0.006039;-0.027391;-0.059344;
-0.007278;-0.034534;1.010284;0.349550;-0.065559;0.299435;
-0.004866;0.005136;1.013579;0.135810;-0.027391;-0.097512;
0.006566;0.006486;0.981806;-0.001595;-0.065559;-0.158580;
-0.023558;-0.026777;1.009019;0.235047;0.193983;0.039893;
-0.018643;0.006040;1.013044;-0.093198;0.064212;-0.059344;